3.422615857155760295e+03
3.493418490711080267e+03
3.564339195670498611e+03
3.635332136073199763e+03
3.706349275269892587e+03
3.777339812386131598e+03
3.848251324873942849e+03
3.919029509917143514e+03
3.989618480516726322e+03
4.059960973302264847e+03
4.129998802239537326e+03
4.199672620199068660e+03
4.268922732353743413e+03
4.337689414049512379e+03
4.405913440194661234e+03
4.473538105999599793e+03
4.540509441407364648e+03
4.606777916659061702e+03
4.672298743448582172e+03
4.737031675928968980e+03
4.800939859872451052e+03
4.863987958134396649e+03
4.926139492322786282e+03
4.987355257649795931e+03
5.047591101500332115e+03
5.106797469477184677e+03
5.164919307738433417e+03
5.221896313978023500e+03
5.277664958900293641e+03
5.332158881099581777e+03
5.385311558876126583e+03
5.437057981491214377e+03
5.487338080262930816e+03
5.536099091049077288e+03
5.583297923146497851e+03
5.628900190361645400e+03
5.672877599988845759e+03
5.715203820283882123e+03
5.755852320716593567e+03
5.794796126317761264e+03
5.832007630864746716e+03
5.867462293353039968e+03
5.901139011256055710e+03
5.933020037578124175e+03
5.963093170456625558e+03
5.991352337124759288e+03
6.017801861606852071e+03
6.042455607839183358e+03
6.065331351951712350e+03
6.086437418891787274e+03
6.105761781156730649e+03
6.123269471146858450e+03
6.138909205101937005e+03
6.152625203302760383e+03
6.164367942460342420e+03
6.174098509149266647e+03
6.181794450601181779e+03
6.187459418376903159e+03
6.191134735052308315e+03
6.192892441867747038e+03
6.192809336121682463e+03
6.190934479681330231e+03
6.187273195716637019e+03
6.181792242938820891e+03
6.174441966432278605e+03
6.165175168658405710e+03
6.153960289186543378e+03
6.140792852149877035e+03
6.125704953508246035e+03
6.108757461081877409e+03
6.090025227594327589e+03
6.069576668608487125e+03
6.047454028512972400e+03
6.023677519593803481e+03
5.998267946919072529e+03
5.971265723839056591e+03
5.942728570421107179e+03
5.912701449172459434e+03
5.881204294834211396e+03
5.848247667491717039e+03
5.813839116812457178e+03
5.777992702142388225e+03
5.740744872938041226e+03
5.702157109045785546e+03
5.662304886460061425e+03
5.621267592539713405e+03
5.579116498847984985e+03
5.535879264944605893e+03
5.491535645043294608e+03
5.446058798917973945e+03
5.399438766481218408e+03
5.351684420584700092e+03
5.302832255100760449e+03
5.252955834140710067e+03
5.202173213647160082e+03
5.150634573719110449e+03
5.098451010307656361e+03
5.045645108725241698e+03
4.992182934003043556e+03
4.938021022492996053e+03
4.883133611408771685e+03
4.827523788332301592e+03
4.771221381712176481e+03
4.714300861178581727e+03
4.656874791494224155e+03
4.599035243668643488e+03
4.540841037878458337e+03
4.482352379146194835e+03
4.423637702361173979e+03
4.364748571286525475e+03
4.305701985383522697e+03
4.246502526447628952e+03
4.187151042244130622e+03
4.127641959272207714e+03
4.067997379840966914e+03
4.008287270956971497e+03
3.948601550167839378e+03
3.889027077603883299e+03
3.829632741409317532e+03
3.770430519786445984e+03
3.711380523436600015e+03
3.652449319885414752e+03
3.593640166166594554e+03
3.535003768927619149e+03
3.476644290641846055e+03
3.418679255707475477e+03
3.361191018469711707e+03
3.304177298932232134e+03
3.247544289225723787e+03
3.191192813380782809e+03
3.135088108939922677e+03
3.079279828435319814e+03
3.023878509129792747e+03
2.969012896368587008e+03
2.914782084977076011e+03
2.861222112194109741e+03
2.808347454391608608e+03
2.756144802184456694e+03
2.704573651745493407e+03
2.653635873800569243e+03
2.603362078283656501e+03
2.553699643199250659e+03
2.504544636036287102e+03
2.455868080360910426e+03
2.407724354000755739e+03
2.360207135759844732e+03
2.313398550021500796e+03
2.267328476592533661e+03
2.222033981546304858e+03
2.177603623303172753e+03
2.134024908488122492e+03
2.091161820050874667e+03
2.048952543112800868e+03
2.007423759588647954e+03
1.966535688764909537e+03
1.926228898195728561e+03
1.886556266475706479e+03
1.847630559395199498e+03
1.809488360517810406e+03
1.772057641564518690e+03
1.735289211359025330e+03
1.699198158054744908e+03
1.663777148527076179e+03
1.628975392287420163e+03
1.594772510035602636e+03
1.561237706428336651e+03
1.528475819108717133e+03
1.496507949302256520e+03
1.465308917119230046e+03
1.434778965825689738e+03
1.404748793712873066e+03
1.375149478994079345e+03
1.345987824166583323e+03
1.317305553624981712e+03
1.289256670364052752e+03
1.261984852133422237e+03
1.235447385083262134e+03
1.209458563736233828e+03
1.183917535749436865e+03
1.158823367164721958e+03
1.134259950992075346e+03
1.110309012375741986e+03
1.086903317070763478e+03
1.063946743591479617e+03
1.041462118284019880e+03
1.019477805766973574e+03
9.979780268702465946e+02
9.769395692929883808e+02
9.563443174029149532e+02
9.361820837899622347e+02
9.164500190961617818e+02
8.971066912944241949e+02
8.781028287503278307e+02
8.595188261089368780e+02
8.414359356129390335e+02
8.238381736576917547e+02
8.066540092428201660e+02
7.897932718375427612e+02
7.732178906587956817e+02
7.569459975957190636e+02
7.410626215528892544e+02
7.255668899064881998e+02
7.104016215786679140e+02
6.955959889559491103e+02
6.811163152945048296e+02
6.668762086634931165e+02
6.529194114688666559e+02
6.393293647519077467e+02
6.260912606466540637e+02
6.131585238083887361e+02
6.004947353935135652e+02
5.880936080616099844e+02
5.759106129106268099e+02
5.639554410177079262e+02
5.523189120962396146e+02
5.410366250145972344e+02
5.300406877525390428e+02
5.192113962438239696e+02
5.085285997961793214e+02
4.980956952527140515e+02
4.879677037028090467e+02
4.780898093400198263e+02
4.683987768518874759e+02
4.588885037504935553e+02
4.495861888791609999e+02
4.404945991739152191e+02
4.315975519211283427e+02
4.229235584163891417e+02
4.144720769093167974e+02
4.061887509665538687e+02
3.980337451602022156e+02
3.900374737933886422e+02
3.822482263915773046e+02
3.746475922092588462e+02
3.671797736679580453e+02
3.598370400672397977e+02
3.526600326395879392e+02
3.456739050692436308e+02
3.388671609655081056e+02
3.321818064180151282e+02
3.256201178327096386e+02
3.192112007734572785e+02
3.129488304069699325e+02
3.068346092675065506e+02
3.008382387172943595e+02
2.949417892282123148e+02
2.891744917750344257e+02
2.835526589909035238e+02
2.780715225050913091e+02
2.726961497033614705e+02
2.674121248542912781e+02
2.622478496904126359e+02
2.572003900256435713e+02
2.522545492032691925e+02
2.474116731651563441e+02
2.426661723052127684e+02
2.380126406877837724e+02
2.334602331209937915e+02
2.290041547190114102e+02
2.246448355500045579e+02
2.203935700409793697e+02
2.162323207346773302e+02
2.121353243870775032e+02
2.081108536233689108e+02
2.041832128209455846e+02
2.003379640717632810e+02
1.965631038544986779e+02
1.928678876457211402e+02
1.892552740730168352e+02
1.857208163017747609e+02
1.822553362664560268e+02
1.788488328711850670e+02
1.754988777914182663e+02
1.722240586096243078e+02
1.690273090145075798e+02
1.658886256175276515e+02
1.628093549050248043e+02
1.598043366015873801e+02
1.568670667317257141e+02
1.539831401853739976e+02
1.511470558464264684e+02
1.483621985623512955e+02
1.456323613571142914e+02
1.429546938934618936e+02
1.403290049035389870e+02
1.377627615551721192e+02
1.352646934183033807e+02
1.328230792378339231e+02
1.304210707111884346e+02
1.280592238516347265e+02
1.257404338927486549e+02
1.234593874059378038e+02
1.212145994640161035e+02
1.190164977561875190e+02
1.168717649344195593e+02
1.147783477371579863e+02
1.127300709251492492e+02
1.107154278904656337e+02
1.087233522016709770e+02
1.067538900142093894e+02
