4.762766079196179447e+00
4.793261457937848746e+00
4.824187172891883257e+00
4.855571775227427445e+00
4.887459168119992370e+00
4.919907964556784030e+00
4.952989904757357564e+00
4.986786599482270432e+00
5.021384798719349618e+00
5.056871220678221590e+00
5.093326967062536070e+00
5.130822607765712640e+00
5.169414280385693061e+00
5.209140705172266905e+00
5.250023214334465393e+00
5.292065212132070151e+00
5.335254423675372948e+00
5.379564886360200582e+00
5.424959864395292541e+00
5.471393830665586044e+00
5.518815452973760749e+00
5.567169855506195475e+00
5.616402706877716255e+00
5.666465363382362952e+00
5.717322816001310315e+00
5.768964848456722194e+00
5.821417064020085519e+00
5.874752867003804724e+00
5.929099209172004059e+00
5.984635233643070151e+00
6.041581338552447278e+00
6.100180130148889823e+00
6.160671600001903947e+00
6.223269428824498739e+00
6.288137569199628629e+00
6.355376390544250853e+00
6.425013864193911850e+00
6.497005631962258221e+00
6.571236865409981753e+00
6.647530037830551741e+00
6.725654900010195725e+00
6.805342098907620318e+00
6.886310388995399379e+00
6.968301693876707503e+00
7.051122805185520370e+00
7.134673761478943277e+00
7.218950479603002179e+00
7.304015998870267978e+00
7.389953462803019235e+00
7.476808908173132373e+00
7.564542469004543079e+00
7.652996866055872260e+00
7.741887351614169965e+00
7.830818617834276907e+00
7.919317186731318792e+00
8.006893368768697172e+00
8.093139003465907422e+00
8.177844800145654958e+00
8.261088628517502030e+00
8.343235455416943225e+00
8.424858836922883398e+00
8.506629007183283520e+00
8.589189677315628657e+00
8.673019018735670826e+00
8.758290293200785115e+00
8.844783270641306316e+00
8.931875195839536374e+00
9.018629965854058739e+00
9.103990512370820909e+00
9.187003530253100791e+00
9.266922482145337980e+00
9.343166533177182487e+00
9.415231603503935176e+00
9.482605718527100436e+00
9.544684770085380521e+00
9.600762380775899274e+00
9.650185297184098232e+00
9.692656768673810319e+00
9.728551147941885802e+00
9.759030645231481671e+00
9.785952851146529241e+00
9.811723958795599998e+00
9.839013672178355208e+00
9.870162372540143281e+00
9.906591823563530852e+00
9.948817556403106721e+00
9.996982598127415187e+00
1.005103181160655623e+01
1.011026379499067573e+01
1.017317920802121201e+01
1.023791983809158879e+01
1.030245158463889865e+01
1.036445429825627151e+01
1.042161765405390561e+01
1.047228334868336042e+01
1.051585445578239586e+01
1.055292849922624931e+01
1.058522131365586461e+01
1.061509695738235415e+01
1.064502197817108708e+01
1.067738208942452260e+01
1.071410550366013759e+01
1.075604240807292200e+01
1.080298686589652135e+01
1.085393108278964291e+01
1.090703606598802722e+01
1.095957949162072254e+01
1.100840054665725454e+01
1.105081374176046261e+01
1.108552523454485161e+01
1.111318759814021284e+01
1.113650864226189086e+01
1.115917353356327801e+01
1.118425232897397059e+01
1.121394421000472263e+01
1.124915199917596809e+01
1.128889836203357078e+01
1.133060141558601508e+01
1.137095284617364221e+01
1.140704714547771381e+01
1.143808779523672037e+01
1.146566031795542351e+01
1.149259738604573222e+01
1.152183291792260889e+01
1.155467446656819241e+01
1.159019139610308002e+01
1.162542815455809198e+01
1.165729581101344969e+01
1.168394894115757410e+01
1.170614570882788641e+01
1.172701727544217043e+01
1.175041655729231138e+01
1.177862374687295066e+01
1.181099796010635217e+01
1.184473664302026208e+01
1.187547183199800749e+01
1.189892960038169356e+01
1.191385134168138471e+01
1.192458026420399797e+01
1.193814553160459191e+01
1.195898503310363026e+01
1.198634660548311182e+01
1.201530022081152538e+01
1.203952179664791799e+01
1.205520131214839452e+01
1.206482677119611502e+01
1.207504262408389550e+01
1.209119858706877970e+01
1.211411812554521106e+01
1.214003714465289718e+01
1.216335189496521352e+01
1.218166145638281428e+01
1.219550078906317658e+01
1.220857039703510694e+01
1.222375301126779057e+01
1.223989986294230903e+01
1.225651842673495651e+01
1.227561961984114980e+01
1.229794051474032024e+01
1.231912887773336074e+01
1.233711307623034870e+01
1.234747707568954667e+01
1.234701441014262713e+01
1.234756977140422407e+01
1.235375149217684942e+01
1.236526811545111215e+01
1.238188191673554961e+01
1.239878179224138854e+01
1.240941409348856617e+01
1.241789235687489246e+01
1.242235036861083941e+01
1.241637075377599331e+01
1.241476402748543073e+01
1.242104118900542176e+01
1.242653856122594291e+01
1.242812924632305283e+01
1.243069690542226269e+01
1.243308388158301803e+01
1.243308049932621095e+01
1.242831173555035917e+01
1.241022669413597512e+01
1.237844332555731697e+01
1.235431391510549837e+01
1.233038234889298579e+01
1.230385475068564816e+01
1.228777343709809955e+01
1.226928056221381524e+01
1.223678111360792542e+01
1.220153014368820443e+01
1.216676666373988702e+01
1.213537890617963910e+01
1.210435127402053013e+01
1.206878979644246996e+01
1.203194305342985970e+01
1.200117978565875276e+01
1.197502119883647076e+01
1.194368498039450976e+01
1.189817308699108800e+01
1.184183020587420110e+01
1.177966945566892321e+01
1.171785876945363292e+01
1.166033315924815916e+01
1.160520244037930127e+01
1.155199627086734004e+01
1.149577194534832714e+01
1.143776522984386546e+01
1.138222073646263155e+01
1.132990690327145522e+01
1.127607629362693764e+01
1.122046526577081416e+01
1.116311170221293203e+01
1.110642471325510705e+01
1.105402974578360542e+01
1.100196506071034541e+01
1.095170416858809936e+01
1.089911172209782642e+01
1.084761293877011923e+01
1.080100221586776854e+01
1.075755938749460405e+01
1.071627456830989900e+01
1.067795544148080822e+01
1.064373230469883325e+01
1.060971775549581864e+01
1.057656073228736204e+01
1.054346982234257091e+01
1.050944814458884657e+01
1.047152189283362667e+01
1.043525059504130859e+01
1.040355890599687427e+01
1.036988325084690743e+01
1.033489932025021574e+01
1.030254488124585244e+01
1.027348772964963253e+01
1.024330513519337416e+01
1.021017855952846887e+01
1.017366086259093727e+01
1.013850182505070485e+01
1.010559269794522308e+01
1.007133989276825936e+01
1.003356215131632290e+01
9.995975498576203933e+00
9.962173333500871308e+00
9.929175225384407000e+00
9.896593004114704328e+00
9.865146026010735980e+00
9.835121549926066464e+00
9.806264188599733700e+00
9.776819360344404686e+00
9.744183390954960444e+00
9.712506840001035258e+00
9.684350887663596197e+00
9.652479264452386687e+00
9.618436741955493474e+00
9.588335673900331813e+00
9.560709266679014107e+00
9.530448720246445404e+00
9.500308291983030173e+00
9.475357286811627588e+00
9.449703901512053861e+00
9.417776786748786932e+00
9.385758708474327250e+00
9.357429391390249762e+00
9.328836724214038867e+00
9.300267462824992393e+00
9.272553302916671569e+00
9.244186700958328728e+00
9.216256724085361896e+00
9.188347771466368386e+00
9.160179900687920096e+00
9.130744854613267236e+00
9.101533024012976369e+00
9.073791505674087432e+00
9.047732280341429956e+00
9.020509070827255726e+00
8.991131082446372602e+00
8.962215559400952714e+00
8.936118088924983383e+00
8.911300773050610857e+00
8.885523245566448125e+00
8.859930118738651217e+00
8.834372136345251647e+00
8.808638333390872432e+00
8.781873826363154834e+00
8.756411402241951691e+00
8.731269839461127447e+00
8.705247142886975098e+00
8.679262044574693746e+00
8.653857522631389187e+00
8.629551236393222524e+00
8.605673877930692939e+00
8.582468505700841632e+00
8.558820613983680659e+00
8.535134553466869889e+00
8.511979308590444049e+00
8.488825989113893300e+00
8.464641328959938704e+00
8.440842986139168502e+00
8.418698814528614349e+00
8.396224178024581875e+00
8.372965893305876151e+00
