1.554966277224275883e-01
1.599210099901619553e-01
1.644287369445382174e-01
1.690186118174623608e-01
1.736892669396215005e-01
1.784391340258174308e-01
1.832664495203219779e-01
1.881692774915829647e-01
1.931455782672200361e-01
1.981932204870030800e-01
2.033099593633022339e-01
2.084934184579424754e-01
2.137410937003135503e-01
2.190503795444811164e-01
2.244185955235797614e-01
2.298429663565448033e-01
2.353205800215001087e-01
2.408483565617373090e-01
2.464231013111243540e-01
2.520415897704654795e-01
2.577005761109193993e-01
2.633967533460244148e-01
2.691266960638581396e-01
2.748869120490664009e-01
2.806738837356141936e-01
2.864840970000713249e-01
2.923140261955704533e-01
2.981601438100972556e-01
3.040189631781585744e-01
3.098870367458924635e-01
3.157608900507742344e-01
3.216369445404632099e-01
3.275115090380421035e-01
3.333808303579575139e-01
3.392410692055864985e-01
3.450882856249242736e-01
3.509184274529552061e-01
3.567275110707074925e-01
3.625117680471821591e-01
3.682676757127877343e-01
3.739918015852281008e-01
3.796806428185992566e-01
3.853305994512445931e-01
3.909380486439991698e-01
3.964993939498858699e-01
4.020110662422101688e-01
4.074693436099288135e-01
4.128701130819317222e-01
4.182089617479287647e-01
4.234818348255418585e-01
4.286855531440787459e-01
4.338174162734474981e-01
4.388744625615179085e-01
4.438533647877667687e-01
4.487508458133341316e-01
4.535637203983827193e-01
4.582884706763001303e-01
4.629209058105074881e-01
4.674570100022391594e-01
4.718942594492390175e-01
4.762312470410082210e-01
4.804661509603674330e-01
4.845965322061387970e-01
4.886201341474570303e-01
4.925346935428461803e-01
4.963370937968118457e-01
5.000239974829125966e-01
5.035939662029893515e-01
5.070474463427580014e-01
5.103846016640137817e-01
5.136047861286815452e-01
5.167076420616407706e-01
5.196927762043799248e-01
5.225588538534308158e-01
5.253051688475326442e-01
5.279331487291022418e-01
5.304445660187178113e-01
5.328402245881845856e-01
5.351213740021707466e-01
5.372896183248798696e-01
5.393461033600907006e-01
5.412928509518276643e-01
5.431326883475694478e-01
5.448676467353499309e-01
5.465000044177518168e-01
5.480329576636487898e-01
5.494698277322699331e-01
5.508143952167549040e-01
5.520703231518520049e-01
5.532406993331716594e-01
5.543291675357099324e-01
5.553399861226654410e-01
5.562777031787774495e-01
5.571468889968123062e-01
5.579518838797070668e-01
5.586973704903887006e-01
5.593882773584414325e-01
5.600293006488630265e-01
5.606249289160804006e-01
5.611797874805887210e-01
5.616990334057667678e-01
5.621876363231655960e-01
5.626497545076422080e-01
5.630893462689571249e-01
5.635110121521815785e-01
5.639195771638275678e-01
5.643191910473377426e-01
5.647140627229950693e-01
5.651089728544949065e-01
5.655081427461464694e-01
5.659147186037943866e-01
5.663323172281402584e-01
5.667650224417878357e-01
5.672162997921547101e-01
5.676884627415850204e-01
5.681843252612150952e-01
5.687077863802733058e-01
5.692611815291921395e-01
5.698455832106709140e-01
5.704624577677324115e-01
5.711141159261553524e-01
5.718016631715532316e-01
5.725260138416464750e-01
5.732884344206747862e-01
5.740896180405796745e-01
5.749299283712715480e-01
5.758099225395344467e-01
5.767303421978200451e-01
5.776903707212436290e-01
5.786900124373457466e-01
5.797291286292651780e-01
5.808078707085114756e-01
5.819259936292766611e-01
5.830834643852080834e-01
5.842798154240462782e-01
5.855140039828669041e-01
5.867853470948389827e-01
5.880924207335456178e-01
5.894347435765683318e-01
5.908106709076635932e-01
5.922198742937568872e-01
5.936605479314061018e-01
5.951313853903892337e-01
5.966304525391790126e-01
5.981553086399526986e-01
5.997037223939936101e-01
6.012736271250044284e-01
6.028645824310882029e-01
6.044751538628382326e-01
6.061035574388996539e-01
6.077498177579949701e-01
6.094138228161749549e-01
6.110914875194418672e-01
6.127815211322578115e-01
6.144814672240070941e-01
6.161903864740763126e-01
6.179086230061501261e-01
6.196352499156394522e-01
6.213691636726993428e-01
6.231071271216399587e-01
6.248515130977273513e-01
6.265963839548965852e-01
6.283376618583934592e-01
6.300759643339209903e-01
6.318119349727939760e-01
6.335475686509128845e-01
6.352833913377280428e-01
6.370186625620540832e-01
6.387499001914397345e-01
6.404810934157022517e-01
6.422047959114437488e-01
6.439149539079243034e-01
6.456178684233201404e-01
6.473142151682588219e-01
6.490058734366673798e-01
6.506906957243969725e-01
6.523736375241510066e-01
6.540463505672963196e-01
6.557103796179704069e-01
6.573648213085719894e-01
6.590001844380115603e-01
6.606170560304158723e-01
6.622254705631336336e-01
6.638199602825911594e-01
6.653944350060168045e-01
6.669536702316810617e-01
6.685022834566896055e-01
6.700454037411365249e-01
6.715732824390037159e-01
6.730930851350269695e-01
6.745962054933900554e-01
6.760841160483564982e-01
6.775629794942262807e-01
6.790243175153444222e-01
6.804694233465108377e-01
6.819067250837425043e-01
6.833307738446090518e-01
6.847437895899598503e-01
6.861341692197576725e-01
6.875072686902062857e-01
6.888737242632171354e-01
6.902156182184318034e-01
6.915388350668597583e-01
6.928505484933090708e-01
6.941386169804912853e-01
6.954107535121898387e-01
6.966748263469653146e-01
6.979311514760671020e-01
6.991779134967671672e-01
7.004174433644091424e-01
7.016400356785117420e-01
7.028434472861605498e-01
7.040313993608009469e-01
7.052055101889153077e-01
7.063712510883753959e-01
7.075179823764042863e-01
7.086463290488493882e-01
7.097589572829114957e-01
7.108630548749852451e-01
7.119541103867291776e-01
7.130330434217794222e-01
7.140993891518929715e-01
7.151535619254240084e-01
7.161929662783144135e-01
7.172264617783618013e-01
7.182467243518568800e-01
7.192473354101989180e-01
7.202489233048885442e-01
7.212446211184042610e-01
7.222191389819245799e-01
7.231746287480249613e-01
7.241117563281090908e-01
7.250494585128391956e-01
7.259798711557279294e-01
7.268949592362432544e-01
7.278012578106729524e-01
7.287067415118869684e-01
7.295983580872212881e-01
7.304709804979141463e-01
7.313306984300419478e-01
7.321734740036225375e-01
7.330107972411694650e-01
7.338434463930147977e-01
7.346698820061362545e-01
7.354871014850841160e-01
7.362868423710130505e-01
7.370765986987058982e-01
7.378589418235838027e-01
7.386319807776584589e-01
7.393977899338364246e-01
7.401619185262802159e-01
7.409114922702246808e-01
7.416452642444129051e-01
7.423687769973895678e-01
7.430868767079381598e-01
7.437939677685465600e-01
7.444974650346577461e-01
7.451970157341875067e-01
7.458837159308968623e-01
7.465611277910572108e-01
7.472335717072199346e-01
7.479037315631210658e-01
7.485560573798700768e-01
7.491949627766802955e-01
7.498323665539063931e-01
7.504629719573790991e-01
7.510878003324321650e-01
7.517138638929168337e-01
7.523401297014443712e-01
7.529536110232071255e-01
7.535527742705275811e-01
7.541386581815068268e-01
7.547193166014921628e-01
7.552930490731540880e-01
7.558589901745544903e-01
7.564153100562274190e-01
7.569696873001577897e-01
7.575219151934464712e-01
7.580748969615938027e-01
7.586211436097577421e-01
7.591523147295067275e-01
7.596806481994776705e-01
7.601961851521785718e-01
7.607057732660764682e-01
7.612134574686403310e-01
7.617229133748083525e-01
7.622336569096777037e-01
7.627414306597222193e-01
7.632343663879626039e-01
7.637088249576614585e-01
7.641783479492610942e-01
7.646383371159656273e-01
7.650923565492911971e-01
7.655536257185728832e-01
7.660154309924870342e-01
7.664713946089783958e-01
7.669204384318014656e-01
7.673697094160117915e-01
7.678089053751780968e-01
7.682377648761998801e-01
