2.586477742936987852e+03
2.651016040720071942e+03
2.716130374134421800e+03
2.781786911271899953e+03
2.847948577085284342e+03
2.914575432185574755e+03
2.981624424473642648e+03
3.049049595405223954e+03
3.116802168828506638e+03
3.184831399781140590e+03
3.253084499724816396e+03
3.321507681863361995e+03
3.390046592913850418e+03
3.458647425711630149e+03
3.527257459630592166e+03
3.595825850274868117e+03
3.664304444164787128e+03
3.732647671244848425e+03
3.800812744716159159e+03
3.868759019545639148e+03
3.936446592560733734e+03
4.003835674023794127e+03
4.070884329586564945e+03
4.137547406823813617e+03
4.203775412087338736e+03
4.269513559807934143e+03
4.334701778604822721e+03
4.399275579184404705e+03
4.463166785718897700e+03
4.526305485471408247e+03
4.588621508369946241e+03
4.650046733254007449e+03
4.710516593323603956e+03
4.769971137880059359e+03
4.828355951452257614e+03
4.885622590376597145e+03
4.941727419130930684e+03
4.996631531450494549e+03
5.050300084079733097e+03
5.102701159459792507e+03
5.153804565172325056e+03
5.203580774010633831e+03
5.252000054602641285e+03
5.299031754319761603e+03
5.344645016430826217e+03
5.388808130146326221e+03
5.431487224155963304e+03
5.472646081618444441e+03
5.512244262331065329e+03
5.550236964020012238e+03
5.586576932303342801e+03
5.621217665305292030e+03
5.654116017246263254e+03
5.685232456430083403e+03
5.714530366969641364e+03
5.741976586959149245e+03
5.767543074520121081e+03
5.791209220620348788e+03
5.812963506080105617e+03
5.832801824671345457e+03
5.850720712259464563e+03
5.866709108054916214e+03
5.880744219222133324e+03
5.892796972652291515e+03
5.902841958853646247e+03
5.910866791245383865e+03
5.916876014637426124e+03
5.920890809748517313e+03
5.922946569434824596e+03
5.923090672237708532e+03
5.921379900148960587e+03
5.917873986172785408e+03
5.912623851072683465e+03
5.905659273813997061e+03
5.896982091864740141e+03
5.886573273725817671e+03
5.874408290444162958e+03
5.860468150054434773e+03
5.844740852135333625e+03
5.827228913346138143e+03
5.807955763383057274e+03
5.786961035860521406e+03
5.764284962045463544e+03
5.739965428878715102e+03
5.714046901321378755e+03
5.686581292806480633e+03
5.657609334859113005e+03
5.627148976998144462e+03
5.595209237044779002e+03
5.561805393435961378e+03
5.526955025296651911e+03
5.490675054790207469e+03
5.452992701874778504e+03
5.413966469725014576e+03
5.373683779395290003e+03
5.332221907711224048e+03
5.289612873964932078e+03
5.245861950936251560e+03
5.200982029081885230e+03
5.154996539025529273e+03
5.107938341124477120e+03
5.059862521979232042e+03
5.010843421599201065e+03
4.960944824170596803e+03
4.910201008328281205e+03
4.858644030021654544e+03
4.806343041005350642e+03
4.753394465236767246e+03
4.699880374307343118e+03
4.645850245628696030e+03
4.591327820100244026e+03
4.536313011467110300e+03
4.480791635374786892e+03
4.424756942821478333e+03
4.368210789653302527e+03
4.311171978392690107e+03
4.253697465987564101e+03
4.195869385043151851e+03
4.137765692198121542e+03
4.079461806121325026e+03
4.021042361474097106e+03
3.962587962918920766e+03
3.904157134517326995e+03
3.845783763391602406e+03
3.787492735161635210e+03
3.729310412878287934e+03
3.671233200368685630e+03
3.613213938981759384e+03
3.555194617172225207e+03
3.497139523791953707e+03
3.439059603263029203e+03
3.381012428889969669e+03
3.323097746039426966e+03
3.265462517075219239e+03
3.208289746037166879e+03
3.151773488582548453e+03
3.096057088079607183e+03
3.041167661627318012e+03
2.987009920768532083e+03
2.933387037172254168e+03
2.880041310213715406e+03
2.826742543100938292e+03
2.773399310787230206e+03
2.720117103351231435e+03
2.667165606392152768e+03
2.614888315895026608e+03
2.563599951736687217e+03
2.513492884631733887e+03
2.464573309161490215e+03
2.416662128996523279e+03
2.369459066920750047e+03
2.322632720279359091e+03
2.275939810051084351e+03
2.229344220468660296e+03
2.183052585979305150e+03
2.137401813856127774e+03
2.092685579494937883e+03
2.049071065040957365e+03
2.006574865211798624e+03
1.965027435281863973e+03
1.924129500766945284e+03
1.883650132724845207e+03
1.843568830807688073e+03
1.804018428300138567e+03
1.765189011742923867e+03
1.727271849996446235e+03
1.690345286672861448e+03
1.654286162076642768e+03
1.618850724875768492e+03
1.583839462478457790e+03
1.549160027416520506e+03
1.514863393506648436e+03
1.481205710232078673e+03
1.448492657094947162e+03
1.416811090123195982e+03
1.386022232967145101e+03
1.355919680176376460e+03
1.326266367004377344e+03
1.296892907746007040e+03
1.267876979432247936e+03
1.239429555405482915e+03
1.211680383806817417e+03
1.184697946996836663e+03
1.158491404134739241e+03
1.132912183708646353e+03
1.107778617130733210e+03
1.083029878608147328e+03
1.058661038896767423e+03
1.034739719198886178e+03
1.011407399016241584e+03
9.887166773384609542e+02
9.666332024916237060e+02
9.450868069777192204e+02
9.239526551780529644e+02
9.031595635670607862e+02
8.827446205964688488e+02
8.627591531628892199e+02
8.432424609960377211e+02
8.242379152490349270e+02
8.057451682346741109e+02
7.876921255148398586e+02
7.699912142192752071e+02
7.526136910919857428e+02
7.356002060216721929e+02
7.189923394899808500e+02
7.027928320779365094e+02
6.869903425717695882e+02
6.715588863323250735e+02
6.564650398552615798e+02
6.416974021906929693e+02
6.272661539979603731e+02
6.131684231315762190e+02
5.993829122974542543e+02
5.859134916214819668e+02
5.727762770060746789e+02
5.599537521991732092e+02
5.474183953827272262e+02
5.351641233179884694e+02
5.231873139724818884e+02
5.114695270225743684e+02
5.000101701111998409e+02
4.888224012696089744e+02
4.778926503045921095e+02
4.672153339195225499e+02
4.568015261637860931e+02
4.466265584803940101e+02
4.366631431514727524e+02
4.269319515176462687e+02
4.174506392382484705e+02
4.081934745833819989e+02
3.991390121833985631e+02
3.902842818305293804e+02
3.816203625928694692e+02
3.731529854106061634e+02
3.648913184110284078e+02
3.568238537259647956e+02
3.489438285708301919e+02
3.412508859135317607e+02
3.337309706436404326e+02
3.263766001194909450e+02
3.191900152206042662e+02
3.121638844792494751e+02
3.052920471753504899e+02
2.985773063339679538e+02
2.920203286513525995e+02
2.856155850280567847e+02
2.793522755141073048e+02
2.732219598333797421e+02
2.672268019386216338e+02
2.613686598970058981e+02
2.556392824207581214e+02
2.500329478353074819e+02
2.445506845403499767e+02
2.391937144714306385e+02
2.339597309120699151e+02
2.288406810595960792e+02
2.238291393412894195e+02
2.189259867174251042e+02
2.141347659694575611e+02
2.094498983485777899e+02
2.048649514733479862e+02
2.003804608988586153e+02
1.959949389902883468e+02
1.917045221141451066e+02
1.875059512372943402e+02
1.833972021384101936e+02
1.793788719110844170e+02
1.754497260501017024e+02
1.716068594040083326e+02
1.678488413320584982e+02
1.641747370437203699e+02
1.605828170773150134e+02
1.570701108776156616e+02
1.536344176128148149e+02
1.502773886050275109e+02
1.469976825733271539e+02
1.437870300127565031e+02
1.406395728303244539e+02
1.375568009451801572e+02
1.345426032207624871e+02
1.315968730438951297e+02
1.287154232987562921e+02
1.258942657282078272e+02
1.231319367858552454e+02
1.204280034258064518e+02
1.177824900915126705e+02
1.151956249459216934e+02
1.126655079242644462e+02
1.101895549840982369e+02
1.077657998461911149e+02
1.053927455792539121e+02
1.030701413124809989e+02
1.007971159472491252e+02
9.857299591137669381e+01
9.639797059771781562e+01
9.426953125780116238e+01
9.218393377369926611e+01
9.014088013232324670e+01
8.814201867391452083e+01
8.618729633360131004e+01
