3.345795471661236888e+02
3.357013616125082649e+02
3.367885072006983478e+02
3.378608675621605357e+02
3.389378977023473567e+02
3.400377048809480129e+02
3.411761436006205486e+02
3.423661251586232765e+02
3.436169655657441240e+02
3.449338847818692670e+02
3.463176049321752998e+02
3.477640207141276960e+02
3.492642169718856735e+02
3.508048117245774620e+02
3.523686998329199014e+02
3.539363104785736027e+02
3.554870468980068381e+02
3.570007263860353532e+02
3.584586861843025645e+02
3.598445842742304421e+02
3.611447243482183467e+02
3.623484032999072610e+02
3.634481349495785594e+02
3.644399827770487263e+02
3.653239699714341668e+02
3.661043847562293649e+02
3.667898551837777177e+02
3.673929252525575748e+02
3.679293955186357721e+02
3.684174383476128014e+02
3.688765526157019394e+02
3.693260005714724912e+02
3.697824688520158247e+02
3.702575661783930059e+02
3.707558665121982244e+02
3.712738455719454578e+02
3.718000563441837016e+02
3.723167483085591698e+02
3.728030123354237162e+02
3.732387785951017349e+02
3.736083582101118736e+02
3.739023980031749943e+02
3.741177964867638934e+02
3.742564332803872276e+02
3.743238995261697255e+02
3.743286083075083752e+02
3.742806426243090527e+02
3.741903169470502348e+02
3.740670013348304792e+02
3.739184231008842403e+02
3.737498631190781566e+02
3.735628282799050339e+02
3.733535876853801483e+02
3.731135024660850945e+02
3.728317977715096276e+02
3.724987673204471434e+02
3.721063970402580594e+02
3.716474484912006915e+02
3.711168277593029075e+02
3.705159023390671109e+02
3.698550200981543981e+02
3.691510649246867501e+02
3.684219621575464885e+02
3.676808594554125875e+02
3.669313852435819854e+02
3.661662901750524952e+02
3.653715225577653314e+02
3.645328336083766771e+02
3.636397883176212531e+02
3.626851433377070748e+02
3.616625480761198332e+02
3.605695348827885596e+02
3.594160432054918033e+02
3.582267455815242556e+02
3.570294580700581264e+02
3.558398555783907113e+02
3.546566045164516368e+02
3.534659387741262435e+02
3.522466681530637516e+02
3.509755442048286227e+02
3.496368537273348807e+02
3.482320210274779697e+02
3.467816549263691286e+02
3.453182523940903934e+02
3.438700987088918168e+02
3.424441465896688896e+02
3.410243234438393642e+02
3.395871459446619269e+02
3.381156140571244464e+02
3.366037311404207344e+02
3.350606959669191838e+02
3.335092403256283546e+02
3.319677657352110032e+02
3.304354692030588012e+02
3.288997669644547841e+02
3.273498397038083567e+02
3.257821240001271121e+02
3.242023945045635287e+02
3.226232485302990654e+02
3.210538064780781156e+02
3.194898771506459525e+02
3.179171853453831318e+02
3.163269212374953554e+02
3.147264136970600816e+02
3.131327547524373358e+02
3.115583750395603602e+02
3.100021063084892603e+02
3.084513038317757037e+02
3.068945356925761985e+02
3.053328959727480196e+02
3.037784596760087652e+02
3.022405338883264676e+02
3.007152254597573346e+02
2.991926641627596837e+02
2.976669877679128717e+02
2.961382182004041397e+02
2.946140289237144998e+02
2.931036537613024393e+02
2.916076756116236197e+02
2.901197175724452677e+02
2.886343000815436994e+02
2.871516871883355293e+02
2.856761597240334254e+02
2.842097876297544872e+02
2.827510691964847638e+02
2.812980766234316548e+02
2.798485494462912584e+02
2.784005480837274149e+02
2.769533811292823771e+02
2.755038967278440509e+02
2.740473202610124872e+02
2.725838655708396345e+02
2.711186291979685734e+02
2.696530298478485861e+02
2.681830730922467296e+02
2.667112870496551977e+02
2.652479286309342115e+02
2.637962608905552884e+02
2.623494344048788207e+02
2.608995716109496357e+02
2.594394372705000364e+02
2.579599017328399668e+02
2.564558296206922137e+02
2.549330969638813542e+02
2.534048766600255931e+02
2.518819184067902484e+02
2.503694537766552628e+02
2.488715306417722104e+02
2.473878969112905395e+02
2.459113380352786180e+02
2.444318909826191373e+02
2.429397209448082435e+02
2.414264145837397848e+02
2.398899258670178085e+02
2.383404591382488888e+02
2.367941022400835891e+02
2.352627642918996855e+02
2.337515092723788257e+02
2.322604341329131046e+02
2.307830915021667977e+02
2.293043505251482372e+02
2.278115656347094955e+02
2.263042460024596778e+02
2.247893406852721512e+02
2.232755710423025732e+02
2.217735206026776780e+02
2.202906516522990614e+02
2.188245382640014043e+02
2.173659988081633117e+02
2.159055845184729208e+02
2.144369697719992871e+02
2.129602491178280843e+02
2.114848308509629362e+02
2.100231903307976040e+02
2.085798576493538405e+02
2.071483887751189457e+02
2.057199727502694486e+02
2.042885734165261056e+02
2.028513086716361045e+02
2.014131694362062603e+02
1.999834484526094514e+02
1.985675507673040840e+02
1.971646315988669471e+02
1.957725452505176236e+02
1.943857457054022291e+02
1.929997984565292199e+02
1.916189563760451335e+02
1.902447844174107843e+02
1.888796434618421642e+02
1.875257941947848508e+02
1.861808516686604662e+02
1.848480126145955467e+02
1.835284276477770504e+02
1.822175599917023021e+02
1.809108017089239979e+02
1.796103627198420156e+02
1.783224902964185503e+02
1.770476952316789720e+02
1.757847852631717274e+02
1.745321791616100029e+02
1.732898524781459741e+02
1.720579689709649358e+02
1.708338386528385513e+02
1.696187531612087867e+02
1.684155099995082878e+02
1.672237431595851547e+02
1.660439226655288110e+02
1.648767538986279533e+02
1.637185910253978136e+02
1.625645698168834770e+02
1.614168978157445338e+02
1.602813432599755288e+02
1.591580324038251035e+02
1.580438458921896654e+02
1.569422076771186596e+02
1.558551501065397247e+02
1.547765100953756416e+02
1.537045704070850718e+02
1.526412017696667363e+02
1.515793950205041654e+02
1.505170226032390133e+02
1.494669100505706467e+02
1.484381195857927196e+02
1.474252833237682694e+02
1.464178848292673933e+02
1.454068338980280259e+02
1.443957536980714167e+02
1.434014889558617085e+02
1.424309662637621443e+02
1.414711256274563880e+02
1.405104382826029337e+02
1.395501310390864660e+02
1.385940949720965989e+02
1.376483744719412528e+02
1.367148720346365280e+02
1.357875553319105677e+02
1.348632882587036761e+02
1.339452321185904395e+02
1.330367353497312024e+02
1.321370762856177237e+02
1.312440978959300253e+02
1.303576826882864736e+02
1.294790275163769877e+02
1.286091618445118456e+02
1.277487087445479403e+02
1.268952534999961017e+02
1.260453562514202162e+02
1.251985247980837528e+02
1.243581172746237655e+02
1.235286667213961636e+02
1.227077413925209441e+02
1.218914662615726030e+02
1.210810222858347771e+02
1.202789571862716826e+02
1.194849223043103734e+02
1.186957512327503252e+02
1.179101297175977692e+02
1.171308687936077604e+02
1.163608128412449645e+02
1.155969385671367888e+02
1.148363838174808649e+02
1.140808124084801847e+02
1.133300391960144964e+02
1.125821442355685775e+02
1.118365224537647009e+02
1.110962551588333156e+02
1.103653914195381844e+02
1.096421342754187549e+02
1.089228485674145475e+02
1.082071241362654916e+02
1.074958228236699114e+02
1.067886887433822665e+02
1.060852298161185274e+02
1.053860791306619547e+02
1.046938189515872750e+02
1.040089947479037278e+02
1.033278893548819042e+02
1.026475324386189243e+02
1.019687992695091054e+02
1.012943295947775226e+02
1.006250695753149387e+02
9.996076826138597937e+01
9.930050962256918012e+01
9.864181667875305948e+01
9.798446027138901115e+01
9.733208069675659146e+01
9.668766172416613358e+01
9.604938893652033016e+01
9.541411439342164158e+01
9.478068015926403689e+01
9.414919516360032503e+01
9.352068537781845237e+01
9.289450299439778291e+01
9.227094832952550973e+01
9.165278957521660175e+01
9.103897745201507519e+01
9.042567692991170247e+01
8.981264007438215913e+01
8.920306155482080612e+01
8.859840467251994767e+01
