3.104774644504518619e+02
3.116798727926692436e+02
3.130878646737364761e+02
3.148640693323469577e+02
3.170921816751297229e+02
3.198166606623342432e+02
3.230745014315875778e+02
3.268611380558972996e+02
3.310491449718838908e+02
3.353300238102978028e+02
3.393598899119298835e+02
3.429941718473257879e+02
3.463067699143932145e+02
3.494540248669511584e+02
3.525889223214683170e+02
3.558666999070193242e+02
3.594176067425339056e+02
3.633220367593975197e+02
3.676143099004036685e+02
3.722584233461356575e+02
3.771780031570515916e+02
3.822768703454127603e+02
3.874044697900916390e+02
3.923923362818187002e+02
3.971764161660194077e+02
4.018638827249699830e+02
4.066166175437923016e+02
4.115431034490359252e+02
4.166950956339763366e+02
4.221050848942130642e+02
4.277438668811218463e+02
4.334958153081886394e+02
4.392459524531374768e+02
4.449451308654918762e+02
4.505974065684727634e+02
4.562730934504219249e+02
4.620544099028825258e+02
4.679656067775790689e+02
4.739961110906741624e+02
4.800799310323091618e+02
4.861729901596191326e+02
4.922982283736309341e+02
4.983961733210580860e+02
5.044175961359889584e+02
5.105003602435975836e+02
5.167073978554882387e+02
5.229417320123037598e+02
5.291789413501234094e+02
5.354223578530344412e+02
5.416622802623556936e+02
5.479403131193390664e+02
5.542211125233661733e+02
5.603973761003634309e+02
5.666300698598872714e+02
5.730936859013730782e+02
5.795128413465463382e+02
5.855696086272657794e+02
5.913857814049456465e+02
5.972449205171974427e+02
6.031873506520557839e+02
6.090923021256847960e+02
6.151300550022486959e+02
6.215118315711815740e+02
6.278558323981146714e+02
6.335985375054845008e+02
6.387483039763520765e+02
6.437333318704040721e+02
6.486804032931431720e+02
6.533217088873310558e+02
6.576262070952623162e+02
6.620220297396759861e+02
6.668735445637687462e+02
6.721117668992299059e+02
6.775654801526645770e+02
6.831314565449540623e+02
6.884203363228776880e+02
6.927129541334762735e+02
6.956462693763352263e+02
6.978367143420030061e+02
7.003384507398390042e+02
7.035304628286519346e+02
7.070614178448668099e+02
7.104474630818892820e+02
7.133456401323187492e+02
7.155062557443783362e+02
7.169709718199753752e+02
7.183444206932454108e+02
7.203935002206700347e+02
7.230506820878181315e+02
7.251437280265624850e+02
7.261148255938711600e+02
7.269984361333180232e+02
7.283893590441822425e+02
7.293537069696596973e+02
7.292899944291744987e+02
7.289277311455430208e+02
7.290671138463466150e+02
7.294862030760642710e+02
7.294705444216650676e+02
7.287296564215041599e+02
7.276601662342386589e+02
7.266283978794676841e+02
7.254353524797206774e+02
7.239323174871183255e+02
7.223933682223412234e+02
7.211000832721152847e+02
7.198836073567740641e+02
7.181962233727414286e+02
7.157596314592890394e+02
7.129432891283437357e+02
7.102368169085585805e+02
7.075655390455517590e+02
7.045523950119287520e+02
7.012828216671301789e+02
6.980275518131771832e+02
6.947673716864753715e+02
6.914827040329206511e+02
6.880593616030757858e+02
6.842557055622526150e+02
6.801479554999076527e+02
6.759731354089276465e+02
6.719083126611699299e+02
6.679854940078867003e+02
6.639556871585832596e+02
6.596345528090091648e+02
6.551550059500813177e+02
6.507391068892823114e+02
6.463515129735216078e+02
6.417253493544644698e+02
6.368641716794431886e+02
6.320345018168678735e+02
6.273441489550415326e+02
6.227237333810777500e+02
6.180321290255109261e+02
6.132127573574241524e+02
6.084251486869881091e+02
6.038172437112372108e+02
5.992365096082298805e+02
5.943698591854487177e+02
5.892583113876585230e+02
5.842536041710129666e+02
5.794303314743668807e+02
5.746700391960386014e+02
5.699655146887371302e+02
5.651764346072075114e+02
5.601510262804285958e+02
5.550926092896997943e+02
5.502712808836313343e+02
5.456607363350440210e+02
5.410561917435347823e+02
5.363250342033285278e+02
5.315778343399554160e+02
5.270151047171356140e+02
5.225820684403215637e+02
5.180322040590945107e+02
5.133426136971987717e+02
5.087417755779714525e+02
5.042950308945526103e+02
4.998243901599200854e+02
4.952397396713533908e+02
4.906560747186413209e+02
4.862338967102962215e+02
4.819934886853482112e+02
4.778272505956134069e+02
4.736569366724743304e+02
4.694998865173423042e+02
4.653819718133222523e+02
4.612603355088353965e+02
4.570623849221037176e+02
4.528099348292437867e+02
4.486460086697128418e+02
4.446752155864041356e+02
4.408043927871304390e+02
4.368439938331090389e+02
4.327937180573285332e+02
4.288099564584958330e+02
4.249381134119284980e+02
4.211232568921040524e+02
4.173891383558201369e+02
4.137637618857365283e+02
4.101682534448863748e+02
4.065139160438247927e+02
4.028028150856114848e+02
3.991315385510776537e+02
3.955753788418419958e+02
3.920851933700619725e+02
3.885834471066358446e+02
3.850933166817922597e+02
3.816653855698140774e+02
3.782878776798435752e+02
3.749456702264546379e+02
3.716168766313288643e+02
3.682635103695828320e+02
3.649473151535539159e+02
3.617527666508346442e+02
3.586176812894727277e+02
3.554528866009826515e+02
3.522890440260653691e+02
3.491788863072449658e+02
3.461056063653846877e+02
3.430360773794735678e+02
3.399932102879121771e+02
3.370190125194598068e+02
3.340984719883904859e+02
3.311746202464991029e+02
3.282337466570562583e+02
3.253276049776965237e+02
3.224757142678327568e+02
3.196345476739386982e+02
3.168087411015977750e+02
3.140387431545953518e+02
3.113087673720888233e+02
3.085928925201292827e+02
3.058913010435264823e+02
3.032031750063783875e+02
3.005330036449384465e+02
2.978797278848260817e+02
2.952410926672660025e+02
2.926419072562374595e+02
2.900906109654137595e+02
2.875588537264486604e+02
2.850295726175250479e+02
2.825027105564972203e+02
2.799963807090655337e+02
2.775327148603365686e+02
2.750994375263918528e+02
2.726849767272410645e+02
2.702965804186263767e+02
2.679280708142995877e+02
2.655772593251566036e+02
2.632485810534365100e+02
2.609272433293192535e+02
2.586084512046145960e+02
2.563062265713896863e+02
2.540254693220998092e+02
2.517690822515517937e+02
2.495409055438598216e+02
2.473363645351794844e+02
2.451423951267231303e+02
2.429427225642878909e+02
2.407447582669720418e+02
2.385789010692594729e+02
2.364514966823917064e+02
2.343426947536020748e+02
2.322396337478773205e+02
2.301460869702086995e+02
2.280716926415849457e+02
2.260160055809297148e+02
2.239707688283755260e+02
2.219349438969420305e+02
2.199115067870365579e+02
2.178988978145036413e+02
2.158959274608031649e+02
2.139119679986378344e+02
2.119553389767610270e+02
2.100195864396211505e+02
2.080936749017216414e+02
2.061692788097093114e+02
2.042433345444116810e+02
2.023279331997261465e+02
2.004413138182423495e+02
1.985831618696352336e+02
1.967359303117881950e+02
1.948896900437724469e+02
1.930510416564963805e+02
1.912308758701348950e+02
1.894256970089705305e+02
1.876225012121298334e+02
1.858250491839966685e+02
1.840453611527689475e+02
1.822820500468688465e+02
1.805313045344787497e+02
1.787974030978597852e+02
1.770800893186768121e+02
1.753693070011283623e+02
1.736619313581598476e+02
1.719622974019846424e+02
1.702663296834755329e+02
1.685733842807716769e+02
1.668956408033712648e+02
1.652410708475642309e+02
1.636099673435109878e+02
1.619963547143556184e+02
1.603852015903045753e+02
1.587690582597627156e+02
1.571572878135133067e+02
1.555611919136337633e+02
1.539854099707378907e+02
1.524265166721534683e+02
1.508763592832908387e+02
1.493329402335345719e+02
1.477998686484070561e+02
1.462775221364755112e+02
1.447612035948801577e+02
1.432490816435168313e+02
1.417488915096693063e+02
1.402664040188463161e+02
1.387953301935748698e+02
1.373301883420391221e+02
1.358751068819929628e+02
