0.00142045,5.70769e-20
0.00426136,6.12657e-20
0.00710227,6.57487e-20
0.00994318,7.05454e-20
0.0127841,7.56769e-20
0.015625,8.11652e-20
0.0184659,8.7034e-20
0.0213068,9.33083e-20
0.0241477,1.00015e-19
0.0269886,1.07182e-19
0.0298295,1.14839e-19
0.0326705,1.23018e-19
0.0355114,1.31754e-19
0.0383523,1.41081e-19
0.0411932,1.51038e-19
0.0440341,1.61665e-19
0.046875,1.73005e-19
0.0497159,1.85103e-19
0.0525568,1.98008e-19
0.0553977,2.11769e-19
0.0582386,2.2644e-19
0.0610795,2.4208e-19
0.0639205,2.58747e-19
0.0667614,2.76506e-19
0.0696023,2.95425e-19
0.0724432,3.15574e-19
0.0752841,3.37029e-19
0.078125,3.5987e-19
0.0809659,3.84182e-19
0.0838068,4.10054e-19
0.0866477,4.37579e-19
0.0894886,4.66859e-19
0.0923295,4.97996e-19
0.0951705,5.31103e-19
0.0980114,5.66297e-19
0.100852,6.03702e-19
0.103693,6.43447e-19
0.106534,6.8567e-19
0.109375,7.30517e-19
0.112216,7.78139e-19
0.115057,8.28699e-19
0.117898,8.82367e-19
0.120739,9.3932e-19
0.12358,9.99748e-19
0.12642,1.06385e-18
0.129261,1.13183e-18
0.132102,1.20391e-18
0.134943,1.28033e-18
0.137784,1.36132e-18
0.140625,1.44714e-18
0.143466,1.53806e-18
0.146307,1.63437e-18
0.149148,1.73635e-18
0.151989,1.84433e-18
0.15483,1.95863e-18
0.15767,2.07959e-18
0.160511,2.20757e-18
0.163352,2.34296e-18
0.166193,2.48615e-18
0.169034,2.63756e-18
0.171875,2.79762e-18
0.174716,2.9668e-18
0.177557,3.14558e-18
0.180398,3.33445e-18
0.183239,3.53396e-18
0.18608,3.74464e-18
0.18892,3.96709e-18
0.191761,4.2019e-18
0.194602,4.44971e-18
0.197443,4.71119e-18
0.200284,4.98702e-18
0.203125,5.27794e-18
0.205966,5.5847e-18
0.208807,5.9081e-18
0.211648,6.24897e-18
0.214489,6.60817e-18
0.21733,6.9866e-18
0.22017,7.38522e-18
0.223011,7.80501e-18
0.225852,8.247e-18
0.228693,8.71225e-18
0.231534,9.2019e-18
0.234375,9.7171e-18
0.237216,1.02591e-17
0.240057,1.08291e-17
0.242898,1.14285e-17
0.245739,1.20586e-17
0.24858,1.27209e-17
0.25142,1.34169e-17
0.254261,1.41481e-17
0.257102,1.49162e-17
0.259943,1.57227e-17
0.262784,1.65695e-17
0.265625,1.74585e-17
0.268466,1.83914e-17
0.271307,1.93702e-17
0.274148,2.0397e-17
0.276989,2.14739e-17
0.27983,2.26031e-17
0.28267,2.37869e-17
0.285511,2.50277e-17
0.288352,2.63278e-17
0.291193,2.76899e-17
0.294034,2.91166e-17
0.296875,3.06107e-17
0.299716,3.21749e-17
0.302557,3.38122e-17
0.305398,3.55256e-17
0.308239,3.73184e-17
0.31108,3.91937e-17
0.31392,4.11549e-17
0.316761,4.32056e-17
0.319602,4.53493e-17
0.322443,4.75897e-17
0.325284,4.99308e-17
0.328125,5.23765e-17
0.330966,5.49308e-17
0.333807,5.75982e-17
0.336648,6.03828e-17
0.339489,6.32893e-17
0.34233,6.63224e-17
0.34517,6.94867e-17
0.348011,7.27874e-17
0.350852,7.62295e-17
0.353693,7.98182e-17
0.356534,8.3559e-17
0.359375,8.74575e-17
0.362216,9.15194e-17
0.365057,9.57506e-17
0.367898,1.00157e-16
0.370739,1.04746e-16
0.37358,1.09522e-16
0.37642,1.14493e-16
0.379261,1.19666e-16
0.382102,1.25047e-16
0.384943,1.30643e-16
0.387784,1.36463e-16
0.390625,1.42513e-16
0.393466,1.48801e-16
0.396307,1.55336e-16
0.399148,1.62125e-16
0.401989,1.69176e-16
0.40483,1.76498e-16
0.40767,1.841e-16
0.410511,1.91991e-16
0.413352,2.00179e-16
0.416193,2.08675e-16
0.419034,2.17487e-16
0.421875,2.26626e-16
0.424716,2.36101e-16
0.427557,2.45923e-16
0.430398,2.56101e-16
0.433239,2.66647e-16
0.43608,2.77572e-16
0.43892,2.88885e-16
0.441761,3.00599e-16
0.444602,3.12725e-16
0.447443,3.25275e-16
0.450284,3.38259e-16
0.453125,3.51692e-16
0.455966,3.65583e-16
0.458807,3.79947e-16
0.461648,3.94796e-16
0.464489,4.10142e-16
0.46733,4.25998e-16
0.47017,4.42379e-16
0.473011,4.59296e-16
0.475852,4.76764e-16
0.478693,4.94797e-16
0.481534,5.13408e-16
0.484375,5.32612e-16
0.487216,5.52423e-16
0.490057,5.72855e-16
0.492898,5.93922e-16
0.495739,6.15641e-16
0.49858,6.38025e-16
0.50142,6.61089e-16
0.504261,6.84849e-16
0.507102,7.09319e-16
0.509943,7.34516e-16
0.512784,7.60454e-16
0.515625,7.8715e-16
0.518466,8.14618e-16
0.521307,8.42875e-16
0.524148,8.71935e-16
0.526989,9.01816e-16
0.52983,9.32533e-16
0.53267,9.64101e-16
0.535511,9.96537e-16
0.538352,1.02986e-15
0.541193,1.06408e-15
0.544034,1.09921e-15
0.546875,1.13527e-15
0.549716,1.17229e-15
0.552557,1.21026e-15
0.555398,1.24921e-15
0.558239,1.28916e-15
0.56108,1.33011e-15
0.56392,1.37209e-15
0.566761,1.41511e-15
0.569602,1.45918e-15
0.572443,1.50432e-15
0.575284,1.55055e-15
0.578125,1.59787e-15
0.580966,1.6463e-15
0.583807,1.69586e-15
0.586648,1.74657e-15
0.589489,1.79842e-15
0.59233,1.85144e-15
0.59517,1.90564e-15
0.598011,1.96102e-15
0.600852,2.01761e-15
0.603693,2.07542e-15
0.606534,2.13445e-15
0.609375,2.19472e-15
0.612216,2.25623e-15
0.615057,2.319e-15
0.617898,2.38304e-15
0.620739,2.44835e-15
0.62358,2.51494e-15
0.62642,2.58282e-15
0.629261,2.652e-15
0.632102,2.72248e-15
0.634943,2.79427e-15
0.637784,2.86738e-15
0.640625,2.9418e-15
0.643466,3.01755e-15
0.646307,3.09462e-15
0.649148,3.17303e-15
0.651989,3.25276e-15
0.65483,3.33382e-15
0.65767,3.41622e-15
0.660511,3.49994e-15
0.663352,3.58499e-15
0.666193,3.67137e-15
0.669034,3.75907e-15
0.671875,3.84809e-15
0.674716,3.93842e-15
0.677557,4.03006e-15
0.680398,4.12301e-15
0.683239,4.21724e-15
0.68608,4.31275e-15
0.68892,4.40954e-15
0.691761,4.5076e-15
0.694602,4.6069e-15
0.697443,4.70744e-15
0.700284,4.80921e-15
0.703125,4.91218e-15
0.705966,5.01635e-15
0.708807,5.12169e-15
0.711648,5.22819e-15
0.714489,5.33582e-15
0.71733,5.44458e-15
0.72017,5.55443e-15
0.723011,5.66535e-15
0.725852,5.77732e-15
0.728693,5.89032e-15
0.731534,6.00431e-15
0.734375,6.11928e-15
0.737216,6.23519e-15
0.740057,6.35201e-15
0.742898,6.46972e-15
0.745739,6.58828e-15
0.74858,6.70765e-15
0.75142,6.82782e-15
0.754261,6.94873e-15
0.757102,7.07036e-15
0.759943,7.19266e-15
0.762784,7.31561e-15
0.765625,7.43915e-15
0.768466,7.56326e-15
0.771307,7.68788e-15
0.774148,7.81298e-15
0.776989,7.93852e-15
0.77983,8.06444e-15
0.78267,8.19071e-15
0.785511,8.31728e-15
0.788352,8.4441e-15
0.791193,8.57112e-15
0.794034,8.6983e-15
0.796875,8.82559e-15
0.799716,8.95293e-15
0.802557,9.08028e-15
0.805398,9.20758e-15
0.808239,9.33478e-15
0.81108,9.46183e-15
0.81392,9.58867e-15
0.816761,9.71526e-15
0.819602,9.84153e-15
0.822443,9.96742e-15
0.825284,1.00929e-14
0.828125,1.02179e-14
0.830966,1.03423e-14
0.833807,1.04662e-14
0.836648,1.05894e-14
0.839489,1.07119e-14
0.84233,1.08336e-14
0.84517,1.09545e-14
0.848011,1.10745e-14
0.850852,1.11936e-14
0.853693,1.13116e-14
0.856534,1.14286e-14
0.859375,1.15445e-14
0.862216,1.16592e-14
0.865057,1.17727e-14
0.867898,1.18849e-14
0.870739,1.19957e-14
0.87358,1.21051e-14
0.87642,1.2213e-14
0.879261,1.23195e-14
0.882102,1.24243e-14
0.884943,1.25275e-14
0.887784,1.2629e-14
0.890625,1.27288e-14
0.893466,1.28268e-14
0.896307,1.29229e-14
0.899148,1.30171e-14
0.901989,1.31093e-14
0.90483,1.31996e-14
0.90767,1.32878e-14
0.910511,1.33738e-14
0.913352,1.34577e-14
0.916193,1.35395e-14
0.919034,1.36189e-14
0.921875,1.36961e-14
0.924716,1.37709e-14
0.927557,1.38433e-14
0.930398,1.39133e-14
0.933239,1.39809e-14
0.93608,1.40459e-14
0.93892,1.41084e-14
0.941761,1.41683e-14
0.944602,1.42256e-14
0.947443,1.42802e-14
0.950284,1.43322e-14
0.953125,1.43814e-14
0.955966,1.44279e-14
0.958807,1.44716e-14
0.961648,1.45126e-14
0.964489,1.45507e-14
0.96733,1.4586e-14
0.97017,1.46184e-14
0.973011,1.46479e-14
0.975852,1.46745e-14
0.978693,1.46982e-14
0.981534,1.4719e-14
0.984375,1.47368e-14
0.987216,1.47517e-14
0.990057,1.47636e-14
0.992898,1.47726e-14
0.995739,1.47785e-14
0.99858,1.47815e-14
1.00142,1.47815e-14
1.00426,1.47785e-14
1.0071,1.47726e-14
1.00994,1.47636e-14
1.01278,1.47517e-14
1.01562,1.47368e-14
1.01847,1.4719e-14
1.02131,1.46982e-14
1.02415,1.46745e-14
1.02699,1.46479e-14
1.02983,1.46184e-14
1.03267,1.4586e-14
1.03551,1.45507e-14
1.03835,1.45126e-14
1.04119,1.44716e-14
1.04403,1.44279e-14
1.04687,1.43814e-14
1.04972,1.43322e-14
1.05256,1.42802e-14
1.0554,1.42256e-14
1.05824,1.41683e-14
1.06108,1.41084e-14
1.06392,1.40459e-14
1.06676,1.39809e-14
1.0696,1.39133e-14
1.07244,1.38433e-14
1.07528,1.37709e-14
1.07812,1.36961e-14
1.08097,1.36189e-14
1.08381,1.35395e-14
1.08665,1.34577e-14
1.08949,1.33738e-14
1.09233,1.32878e-14
1.09517,1.31996e-14
1.09801,1.31093e-14
1.10085,1.30171e-14
1.10369,1.29229e-14
1.10653,1.28268e-14
1.10937,1.27288e-14
1.11222,1.2629e-14
1.11506,1.25275e-14
1.1179,1.24243e-14
1.12074,1.23195e-14
1.12358,1.2213e-14
1.12642,1.21051e-14
1.12926,1.19957e-14
1.1321,1.18849e-14
1.13494,1.17727e-14
1.13778,1.16592e-14
1.14063,1.15445e-14
1.14347,1.14286e-14
1.14631,1.13116e-14
1.14915,1.11936e-14
1.15199,1.10745e-14
1.15483,1.09545e-14
1.15767,1.08336e-14
1.16051,1.07119e-14
1.16335,1.05894e-14
1.16619,1.04662e-14
1.16903,1.03423e-14
1.17188,1.02179e-14
1.17472,1.00929e-14
1.17756,9.96742e-15
1.1804,9.84153e-15
1.18324,9.71526e-15
1.18608,9.58867e-15
1.18892,9.46183e-15
1.19176,9.33478e-15
1.1946,9.20758e-15
1.19744,9.08028e-15
1.20028,8.95293e-15
1.20313,8.82559e-15
1.20597,8.6983e-15
1.20881,8.57112e-15
1.21165,8.4441e-15
1.21449,8.31728e-15
1.21733,8.19071e-15
1.22017,8.06444e-15
1.22301,7.93852e-15
1.22585,7.81298e-15
1.22869,7.68788e-15
1.23153,7.56326e-15
1.23438,7.43915e-15
1.23722,7.31561e-15
1.24006,7.19266e-15
1.2429,7.07036e-15
1.24574,6.94873e-15
1.24858,6.82782e-15
1.25142,6.70765e-15
1.25426,6.58828e-15
1.2571,6.46972e-15
1.25994,6.35201e-15
1.26278,6.23519e-15
1.26563,6.11928e-15
1.26847,6.00431e-15
1.27131,5.89032e-15
1.27415,5.77732e-15
1.27699,5.66535e-15
1.27983,5.55443e-15
1.28267,5.44458e-15
1.28551,5.33582e-15
1.28835,5.22819e-15
1.29119,5.12169e-15
1.29403,5.01635e-15
1.29688,4.91218e-15
1.29972,4.80921e-15
1.30256,4.70744e-15
1.3054,4.6069e-15
1.30824,4.5076e-15
1.31108,4.40954e-15
1.31392,4.31275e-15
1.31676,4.21724e-15
1.3196,4.12301e-15
1.32244,4.03006e-15
1.32528,3.93842e-15
1.32813,3.84809e-15
1.33097,3.75907e-15
1.33381,3.67137e-15
1.33665,3.58499e-15
1.33949,3.49994e-15
1.34233,3.41622e-15
1.34517,3.33382e-15
1.34801,3.25276e-15
1.35085,3.17303e-15
1.35369,3.09462e-15
1.35653,3.01755e-15
1.35938,2.9418e-15
1.36222,2.86738e-15
1.36506,2.79427e-15
1.3679,2.72248e-15
1.37074,2.652e-15
1.37358,2.58282e-15
1.37642,2.51494e-15
1.37926,2.44835e-15
1.3821,2.38304e-15
1.38494,2.319e-15
1.38778,2.25623e-15
1.39063,2.19472e-15
1.39347,2.13445e-15
1.39631,2.07542e-15
1.39915,2.01761e-15
1.40199,1.96102e-15
1.40483,1.90564e-15
1.40767,1.85144e-15
1.41051,1.79842e-15
1.41335,1.74657e-15
1.41619,1.69586e-15
1.41903,1.6463e-15
1.42188,1.59787e-15
1.42472,1.55055e-15
1.42756,1.50432e-15
1.4304,1.45918e-15
1.43324,1.41511e-15
1.43608,1.37209e-15
1.43892,1.33011e-15
1.44176,1.28916e-15
1.4446,1.24921e-15
1.44744,1.21026e-15
1.45028,1.17229e-15
1.45313,1.13527e-15
1.45597,1.09921e-15
1.45881,1.06408e-15
1.46165,1.02986e-15
1.46449,9.96537e-16
1.46733,9.64101e-16
1.47017,9.32533e-16
1.47301,9.01816e-16
1.47585,8.71935e-16
1.47869,8.42875e-16
1.48153,8.14618e-16
1.48438,7.8715e-16
1.48722,7.60454e-16
1.49006,7.34516e-16
1.4929,7.09319e-16
1.49574,6.84849e-16
1.49858,6.61089e-16
1.50142,6.38025e-16
1.50426,6.15641e-16
1.5071,5.93922e-16
1.50994,5.72855e-16
1.51278,5.52423e-16
1.51563,5.32612e-16
1.51847,5.13408e-16
1.52131,4.94797e-16
1.52415,4.76764e-16
1.52699,4.59296e-16
1.52983,4.42379e-16
1.53267,4.25998e-16
1.53551,4.10142e-16
1.53835,3.94796e-16
1.54119,3.79947e-16
1.54403,3.65583e-16
1.54688,3.51692e-16
1.54972,3.38259e-16
1.55256,3.25275e-16
1.5554,3.12725e-16
1.55824,3.00599e-16
1.56108,2.88885e-16
1.56392,2.77572e-16
1.56676,2.66647e-16
1.5696,2.56101e-16
1.57244,2.45923e-16
1.57528,2.36101e-16
1.57813,2.26626e-16
1.58097,2.17487e-16
1.58381,2.08675e-16
1.58665,2.00179e-16
1.58949,1.91991e-16
1.59233,1.841e-16
1.59517,1.76498e-16
1.59801,1.69176e-16
1.60085,1.62125e-16
1.60369,1.55336e-16
1.60653,1.48801e-16
1.60938,1.42513e-16
1.61222,1.36463e-16
1.61506,1.30643e-16
1.6179,1.25047e-16
1.62074,1.19666e-16
1.62358,1.14493e-16
1.62642,1.09522e-16
1.62926,1.04746e-16
1.6321,1.00157e-16
1.63494,9.57506e-17
1.63778,9.15194e-17
1.64063,8.74575e-17
1.64347,8.3559e-17
1.64631,7.98182e-17
1.64915,7.62295e-17
1.65199,7.27874e-17
1.65483,6.94867e-17
1.65767,6.63224e-17
1.66051,6.32893e-17
1.66335,6.03828e-17
1.66619,5.75982e-17
1.66903,5.49308e-17
1.67188,5.23765e-17
1.67472,4.99308e-17
1.67756,4.75897e-17
1.6804,4.53493e-17
1.68324,4.32056e-17
1.68608,4.11549e-17
1.68892,3.91937e-17
1.69176,3.73184e-17
1.6946,3.55256e-17
1.69744,3.38122e-17
1.70028,3.21749e-17
1.70313,3.06107e-17
1.70597,2.91166e-17
1.70881,2.76899e-17
1.71165,2.63278e-17
1.71449,2.50277e-17
1.71733,2.37869e-17
1.72017,2.26031e-17
1.72301,2.14739e-17
1.72585,2.0397e-17
1.72869,1.93702e-17
1.73153,1.83914e-17
1.73438,1.74585e-17
1.73722,1.65695e-17
1.74006,1.57227e-17
1.7429,1.49162e-17
1.74574,1.41481e-17
1.74858,1.34169e-17
1.75142,1.27209e-17
1.75426,1.20586e-17
1.7571,1.14285e-17
1.75994,1.08291e-17
1.76278,1.02591e-17
1.76563,9.7171e-18
1.76847,9.2019e-18
1.77131,8.71225e-18
1.77415,8.247e-18
1.77699,7.80501e-18
1.77983,7.38522e-18
1.78267,6.9866e-18
1.78551,6.60817e-18
1.78835,6.24897e-18
1.79119,5.9081e-18
1.79403,5.5847e-18
1.79688,5.27794e-18
1.79972,4.98702e-18
1.80256,4.71119e-18
1.8054,4.44971e-18
1.80824,4.2019e-18
1.81108,3.96709e-18
1.81392,3.74464e-18
1.81676,3.53396e-18
1.8196,3.33445e-18
1.82244,3.14558e-18
1.82528,2.9668e-18
1.82813,2.79762e-18
1.83097,2.63756e-18
1.83381,2.48615e-18
1.83665,2.34296e-18
1.83949,2.20757e-18
1.84233,2.07959e-18
1.84517,1.95863e-18
1.84801,1.84433e-18
1.85085,1.73635e-18
1.85369,1.63437e-18
1.85653,1.53806e-18
1.85938,1.44714e-18
1.86222,1.36132e-18
1.86506,1.28033e-18
1.8679,1.20391e-18
1.87074,1.13183e-18
1.87358,1.06385e-18
1.87642,9.99748e-19
1.87926,9.3932e-19
1.8821,8.82367e-19
1.88494,8.28699e-19
1.88778,7.78139e-19
1.89063,7.30517e-19
1.89347,6.8567e-19
1.89631,6.43447e-19
1.89915,6.03702e-19
1.90199,5.66297e-19
1.90483,5.31103e-19
1.90767,4.97996e-19
1.91051,4.66859e-19
1.91335,4.37579e-19
1.91619,4.10054e-19
1.91903,3.84182e-19
1.92188,3.5987e-19
1.92472,3.37029e-19
1.92756,3.15574e-19
1.9304,2.95425e-19
1.93324,2.76506e-19
1.93608,2.58747e-19
1.93892,2.4208e-19
1.94176,2.2644e-19
1.9446,2.11769e-19
1.94744,1.98008e-19
1.95028,1.85103e-19
1.95313,1.73005e-19
1.95597,1.61665e-19
1.95881,1.51038e-19
1.96165,1.41081e-19
1.96449,1.31754e-19
1.96733,1.23018e-19
1.97017,1.14839e-19
1.97301,1.07182e-19
1.97585,1.00015e-19
1.97869,9.33083e-20
1.98153,8.7034e-20
1.98438,8.11652e-20
1.98722,7.56769e-20
1.99006,7.05454e-20
1.9929,6.57487e-20
1.99574,6.12657e-20
1.99858,5.70769e-20
