0.00111857,5.66483e-20
0.0033557,5.98993e-20
0.00559284,6.3329e-20
0.00782998,6.69467e-20
0.0100671,7.07621e-20
0.0123043,7.47857e-20
0.0145414,7.90282e-20
0.0167785,8.35009e-20
0.0190157,8.82157e-20
0.0212528,9.3185e-20
0.0234899,9.8422e-20
0.0257271,1.0394e-19
0.0279642,1.09754e-19
0.0302013,1.15879e-19
0.0324385,1.2233e-19
0.0346756,1.29124e-19
0.0369128,1.36278e-19
0.0391499,1.43811e-19
0.041387,1.51741e-19
0.0436242,1.60089e-19
0.0458613,1.68874e-19
0.0480984,1.7812e-19
0.0503356,1.87848e-19
0.0525727,1.98082e-19
0.0548098,2.08848e-19
0.057047,2.20172e-19
0.0592841,2.3208e-19
0.0615213,2.44602e-19
0.0637584,2.57768e-19
0.0659955,2.71608e-19
0.0682327,2.86155e-19
0.0704698,3.01444e-19
0.0727069,3.17509e-19
0.0749441,3.3439e-19
0.0771812,3.52123e-19
0.0794183,3.70751e-19
0.0816555,3.90315e-19
0.0838926,4.10861e-19
0.0861298,4.32433e-19
0.0883669,4.55081e-19
0.090604,4.78856e-19
0.0928412,5.0381e-19
0.0950783,5.29997e-19
0.0973154,5.57476e-19
0.0995526,5.86307e-19
0.10179,6.16551e-19
0.104027,6.48275e-19
0.106264,6.81545e-19
0.108501,7.16433e-19
0.110738,7.53013e-19
0.112975,7.91361e-19
0.115213,8.31559e-19
0.11745,8.73689e-19
0.119687,9.17838e-19
0.121924,9.64098e-19
0.124161,1.01256e-18
0.126398,1.06333e-18
0.128635,1.1165e-18
0.130872,1.17219e-18
0.13311,1.2305e-18
0.135347,1.29155e-18
0.137584,1.35546e-18
0.139821,1.42235e-18
0.142058,1.49235e-18
0.144295,1.56561e-18
0.146532,1.64226e-18
0.14877,1.72244e-18
0.151007,1.80631e-18
0.153244,1.89403e-18
0.155481,1.98576e-18
0.157718,2.08168e-18
0.159955,2.18195e-18
0.162192,2.28676e-18
0.16443,2.39632e-18
0.166667,2.5108e-18
0.168904,2.63043e-18
0.171141,2.75541e-18
0.173378,2.88597e-18
0.175615,3.02233e-18
0.177852,3.16475e-18
0.180089,3.31346e-18
0.182327,3.46872e-18
0.184564,3.63081e-18
0.186801,3.79999e-18
0.189038,3.97656e-18
0.191275,4.16081e-18
0.193512,4.35305e-18
0.195749,4.55361e-18
0.197987,4.76281e-18
0.200224,4.981e-18
0.202461,5.20854e-18
0.204698,5.44578e-18
0.206935,5.69312e-18
0.209172,5.95095e-18
0.211409,6.21968e-18
0.213647,6.49973e-18
0.215884,6.79154e-18
0.218121,7.09556e-18
0.220358,7.41226e-18
0.222595,7.74214e-18
0.224832,8.08568e-18
0.227069,8.4434e-18
0.229306,8.81585e-18
0.231544,9.20358e-18
0.233781,9.60716e-18
0.236018,1.00272e-17
0.238255,1.04643e-17
0.240492,1.0919e-17
0.242729,1.13921e-17
0.244966,1.18842e-17
0.247204,1.2396e-17
0.249441,1.29283e-17
0.251678,1.34817e-17
0.253915,1.4057e-17
0.256152,1.46551e-17
0.258389,1.52767e-17
0.260626,1.59226e-17
0.262864,1.65938e-17
0.265101,1.72912e-17
0.267338,1.80155e-17
0.269575,1.87679e-17
0.271812,1.95493e-17
0.274049,2.03606e-17
0.276286,2.12029e-17
0.278523,2.20774e-17
0.280761,2.2985e-17
0.282998,2.39269e-17
0.285235,2.49044e-17
0.287472,2.59185e-17
0.289709,2.69705e-17
0.291946,2.80617e-17
0.294183,2.91935e-17
0.296421,3.0367e-17
0.298658,3.15838e-17
0.300895,3.28453e-17
0.303132,3.41528e-17
0.305369,3.5508e-17
0.307606,3.69123e-17
0.309843,3.83673e-17
0.312081,3.98747e-17
0.314318,4.14362e-17
0.316555,4.30534e-17
0.318792,4.47281e-17
0.321029,4.64622e-17
0.323266,4.82574e-17
0.325503,5.01158e-17
0.32774,5.20392e-17
0.329978,5.40297e-17
0.332215,5.60892e-17
0.334452,5.822e-17
0.336689,6.04242e-17
0.338926,6.2704e-17
0.341163,6.50617e-17
0.3434,6.74995e-17
0.345638,7.002e-17
0.347875,7.26255e-17
0.350112,7.53185e-17
0.352349,7.81016e-17
0.354586,8.09773e-17
0.356823,8.39485e-17
0.35906,8.70178e-17
0.361298,9.01881e-17
0.363535,9.34621e-17
0.365772,9.68429e-17
0.368009,1.00333e-16
0.370246,1.03937e-16
0.372483,1.07656e-16
0.37472,1.11494e-16
0.376957,1.15455e-16
0.379195,1.19542e-16
0.381432,1.23758e-16
0.383669,1.28106e-16
0.385906,1.3259e-16
0.388143,1.37215e-16
0.39038,1.41983e-16
0.392617,1.46898e-16
0.394855,1.51964e-16
0.397092,1.57186e-16
0.399329,1.62566e-16
0.401566,1.6811e-16
0.403803,1.73821e-16
0.40604,1.79703e-16
0.408277,1.85761e-16
0.410515,1.92e-16
0.412752,1.98423e-16
0.414989,2.05035e-16
0.417226,2.11841e-16
0.419463,2.18846e-16
0.4217,2.26054e-16
0.423937,2.3347e-16
0.426174,2.411e-16
0.428412,2.48947e-16
0.430649,2.57018e-16
0.432886,2.65318e-16
0.435123,2.73851e-16
0.43736,2.82623e-16
0.439597,2.91639e-16
0.441834,3.00906e-16
0.444072,3.10428e-16
0.446309,3.20212e-16
0.448546,3.30262e-16
0.450783,3.40586e-16
0.45302,3.51188e-16
0.455257,3.62074e-16
0.457494,3.73252e-16
0.459732,3.84726e-16
0.461969,3.96504e-16
0.464206,4.08591e-16
0.466443,4.20994e-16
0.46868,4.33719e-16
0.470917,4.46773e-16
0.473154,4.60162e-16
0.475391,4.73893e-16
0.477629,4.87973e-16
0.479866,5.02408e-16
0.482103,5.17205e-16
0.48434,5.32372e-16
0.486577,5.47915e-16
0.488814,5.63841e-16
0.491051,5.80158e-16
0.493289,5.96872e-16
0.495526,6.1399e-16
0.497763,6.31521e-16
0.5,6.49471e-16
0.502237,6.67847e-16
0.504474,6.86658e-16
0.506711,7.0591e-16
0.508949,7.25611e-16
0.511186,7.45768e-16
0.513423,7.6639e-16
0.51566,7.87483e-16
0.517897,8.09056e-16
0.520134,8.31115e-16
0.522371,8.53669e-16
0.524609,8.76726e-16
0.526846,9.00292e-16
0.529083,9.24377e-16
0.53132,9.48987e-16
0.533557,9.7413e-16
0.535794,9.99814e-16
0.538031,1.02605e-15
0.540268,1.05284e-15
0.542506,1.08019e-15
0.544743,1.10812e-15
0.54698,1.13662e-15
0.549217,1.16572e-15
0.551454,1.19541e-15
0.553691,1.2257e-15
0.555928,1.2566e-15
0.558166,1.28812e-15
0.560403,1.32026e-15
0.56264,1.35304e-15
0.564877,1.38646e-15
0.567114,1.42052e-15
0.569351,1.45524e-15
0.571588,1.49063e-15
0.573826,1.52668e-15
0.576063,1.56341e-15
0.5783,1.60082e-15
0.580537,1.63892e-15
0.582774,1.67772e-15
0.585011,1.71722e-15
0.587248,1.75743e-15
0.589485,1.79836e-15
0.591723,1.84001e-15
0.59396,1.88239e-15
0.596197,1.92551e-15
0.598434,1.96937e-15
0.600671,2.01397e-15
0.602908,2.05933e-15
0.605145,2.10544e-15
0.607383,2.15232e-15
0.60962,2.19997e-15
0.611857,2.24839e-15
0.614094,2.29759e-15
0.616331,2.34757e-15
0.618568,2.39834e-15
0.620805,2.4499e-15
0.623043,2.50225e-15
0.62528,2.5554e-15
0.627517,2.60936e-15
0.629754,2.66412e-15
0.631991,2.7197e-15
0.634228,2.77608e-15
0.636465,2.83328e-15
0.638702,2.89129e-15
0.64094,2.95013e-15
0.643177,3.00978e-15
0.645414,3.07026e-15
0.647651,3.13156e-15
0.649888,3.19368e-15
0.652125,3.25663e-15
0.654362,3.3204e-15
0.6566,3.385e-15
0.658837,3.45042e-15
0.661074,3.51667e-15
0.663311,3.58375e-15
0.665548,3.65164e-15
0.667785,3.72036e-15
0.670022,3.78989e-15
0.67226,3.86024e-15
0.674497,3.93141e-15
0.676734,4.00338e-15
0.678971,4.07616e-15
0.681208,4.14975e-15
0.683445,4.22414e-15
0.685682,4.29932e-15
0.687919,4.3753e-15
0.690157,4.45206e-15
0.692394,4.52959e-15
0.694631,4.60791e-15
0.696868,4.68699e-15
0.699105,4.76683e-15
0.701342,4.84742e-15
0.703579,4.92876e-15
0.705817,5.01084e-15
0.708054,5.09365e-15
0.710291,5.17718e-15
0.712528,5.26142e-15
0.714765,5.34636e-15
0.717002,5.43199e-15
0.719239,5.51831e-15
0.721477,5.60529e-15
0.723714,5.69293e-15
0.725951,5.78122e-15
0.728188,5.87015e-15
0.730425,5.9597e-15
0.732662,6.04985e-15
0.734899,6.1406e-15
0.737136,6.23194e-15
0.739374,6.32384e-15
0.741611,6.41629e-15
0.743848,6.50928e-15
0.746085,6.60279e-15
0.748322,6.69681e-15
0.750559,6.79131e-15
0.752796,6.88629e-15
0.755034,6.98172e-15
0.757271,7.07759e-15
0.759508,7.17388e-15
0.761745,7.27057e-15
0.763982,7.36764e-15
0.766219,7.46507e-15
0.768456,7.56284e-15
0.770694,7.66094e-15
0.772931,7.75933e-15
0.775168,7.85801e-15
0.777405,7.95695e-15
0.779642,8.05612e-15
0.781879,8.15551e-15
0.784116,8.25509e-15
0.786353,8.35485e-15
0.788591,8.45475e-15
0.790828,8.55477e-15
0.793065,8.6549e-15
0.795302,8.7551e-15
0.797539,8.85536e-15
0.799776,8.95564e-15
0.802013,9.05592e-15
0.804251,9.15618e-15
0.806488,9.2564e-15
0.808725,9.35654e-15
0.810962,9.45657e-15
0.813199,9.55649e-15
0.815436,9.65625e-15
0.817673,9.75583e-15
0.819911,9.8552e-15
0.822148,9.95435e-15
0.824385,1.00532e-14
0.826622,1.01518e-14
0.828859,1.02501e-14
0.831096,1.0348e-14
0.833333,1.04456e-14
0.83557,1.05428e-14
0.837808,1.06395e-14
0.840045,1.07358e-14
0.842282,1.08316e-14
0.844519,1.09269e-14
0.846756,1.10216e-14
0.848993,1.11158e-14
0.85123,1.12093e-14
0.853468,1.13023e-14
0.855705,1.13946e-14
0.857942,1.14862e-14
0.860179,1.15771e-14
0.862416,1.16673e-14
0.864653,1.17566e-14
0.86689,1.18452e-14
0.869128,1.1933e-14
0.871365,1.20199e-14
0.873602,1.21059e-14
0.875839,1.21911e-14
0.878076,1.22752e-14
0.880313,1.23585e-14
0.88255,1.24407e-14
0.884787,1.25219e-14
0.887025,1.2602e-14
0.889262,1.26811e-14
0.891499,1.27591e-14
0.893736,1.2836e-14
0.895973,1.29117e-14
0.89821,1.29862e-14
0.900447,1.30595e-14
0.902685,1.31316e-14
0.904922,1.32025e-14
0.907159,1.3272e-14
0.909396,1.33403e-14
0.911633,1.34072e-14
0.91387,1.34728e-14
0.916107,1.3537e-14
0.918345,1.35998e-14
0.920582,1.36612e-14
0.922819,1.37212e-14
0.925056,1.37797e-14
0.927293,1.38367e-14
0.92953,1.38922e-14
0.931767,1.39462e-14
0.934004,1.39986e-14
0.936242,1.40495e-14
0.938479,1.40988e-14
0.940716,1.41465e-14
0.942953,1.41926e-14
0.94519,1.42371e-14
0.947427,1.42799e-14
0.949664,1.43211e-14
0.951902,1.43605e-14
0.954139,1.43983e-14
0.956376,1.44344e-14
0.958613,1.44688e-14
0.96085,1.45014e-14
0.963087,1.45323e-14
0.965324,1.45614e-14
0.967562,1.45887e-14
0.969799,1.46143e-14
0.972036,1.46381e-14
0.974273,1.46601e-14
0.97651,1.46803e-14
0.978747,1.46987e-14
0.980984,1.47152e-14
0.983221,1.473e-14
0.985459,1.47429e-14
0.987696,1.47539e-14
0.989933,1.47632e-14
0.99217,1.47706e-14
0.994407,1.47761e-14
0.996644,1.47798e-14
0.998881,1.47817e-14
1.00112,1.47817e-14
1.00336,1.47798e-14
1.00559,1.47761e-14
1.00783,1.47706e-14
1.01007,1.47632e-14
1.0123,1.47539e-14
1.01454,1.47429e-14
1.01678,1.473e-14
1.01902,1.47152e-14
1.02125,1.46987e-14
1.02349,1.46803e-14
1.02573,1.46601e-14
1.02796,1.46381e-14
1.0302,1.46143e-14
1.03244,1.45887e-14
1.03468,1.45614e-14
1.03691,1.45323e-14
1.03915,1.45014e-14
1.04139,1.44688e-14
1.04362,1.44344e-14
1.04586,1.43983e-14
1.0481,1.43605e-14
1.05034,1.43211e-14
1.05257,1.42799e-14
1.05481,1.42371e-14
1.05705,1.41926e-14
1.05928,1.41465e-14
1.06152,1.40988e-14
1.06376,1.40495e-14
1.066,1.39986e-14
1.06823,1.39462e-14
1.07047,1.38922e-14
1.07271,1.38367e-14
1.07494,1.37797e-14
1.07718,1.37212e-14
1.07942,1.36612e-14
1.08166,1.35998e-14
1.08389,1.3537e-14
1.08613,1.34728e-14
1.08837,1.34072e-14
1.0906,1.33403e-14
1.09284,1.3272e-14
1.09508,1.32025e-14
1.09732,1.31316e-14
1.09955,1.30595e-14
1.10179,1.29862e-14
1.10403,1.29117e-14
1.10626,1.2836e-14
1.1085,1.27591e-14
1.11074,1.26811e-14
1.11298,1.2602e-14
1.11521,1.25219e-14
1.11745,1.24407e-14
1.11969,1.23585e-14
1.12192,1.22752e-14
1.12416,1.21911e-14
1.1264,1.21059e-14
1.12864,1.20199e-14
1.13087,1.1933e-14
1.13311,1.18452e-14
1.13535,1.17566e-14
1.13758,1.16673e-14
1.13982,1.15771e-14
1.14206,1.14862e-14
1.1443,1.13946e-14
1.14653,1.13023e-14
1.14877,1.12093e-14
1.15101,1.11158e-14
1.15324,1.10216e-14
1.15548,1.09269e-14
1.15772,1.08316e-14
1.15996,1.07358e-14
1.16219,1.06395e-14
1.16443,1.05428e-14
1.16667,1.04456e-14
1.1689,1.0348e-14
1.17114,1.02501e-14
1.17338,1.01518e-14
1.17562,1.00532e-14
1.17785,9.95435e-15
1.18009,9.8552e-15
1.18233,9.75583e-15
1.18456,9.65625e-15
1.1868,9.55649e-15
1.18904,9.45657e-15
1.19128,9.35654e-15
1.19351,9.2564e-15
1.19575,9.15618e-15
1.19799,9.05592e-15
1.20022,8.95564e-15
1.20246,8.85536e-15
1.2047,8.7551e-15
1.20694,8.6549e-15
1.20917,8.55477e-15
1.21141,8.45475e-15
1.21365,8.35485e-15
1.21588,8.25509e-15
1.21812,8.15551e-15
1.22036,8.05612e-15
1.2226,7.95695e-15
1.22483,7.85801e-15
1.22707,7.75933e-15
1.22931,7.66094e-15
1.23154,7.56284e-15
1.23378,7.46507e-15
1.23602,7.36764e-15
1.23826,7.27057e-15
1.24049,7.17388e-15
1.24273,7.07759e-15
1.24497,6.98172e-15
1.2472,6.88629e-15
1.24944,6.79131e-15
1.25168,6.69681e-15
1.25391,6.60279e-15
1.25615,6.50928e-15
1.25839,6.41629e-15
1.26063,6.32384e-15
1.26286,6.23194e-15
1.2651,6.1406e-15
1.26734,6.04985e-15
1.26957,5.9597e-15
1.27181,5.87015e-15
1.27405,5.78122e-15
1.27629,5.69293e-15
1.27852,5.60529e-15
1.28076,5.51831e-15
1.283,5.43199e-15
1.28523,5.34636e-15
1.28747,5.26142e-15
1.28971,5.17718e-15
1.29195,5.09365e-15
1.29418,5.01084e-15
1.29642,4.92876e-15
1.29866,4.84742e-15
1.30089,4.76683e-15
1.30313,4.68699e-15
1.30537,4.60791e-15
1.30761,4.52959e-15
1.30984,4.45206e-15
1.31208,4.3753e-15
1.31432,4.29932e-15
1.31655,4.22414e-15
1.31879,4.14975e-15
1.32103,4.07616e-15
1.32327,4.00338e-15
1.3255,3.93141e-15
1.32774,3.86024e-15
1.32998,3.78989e-15
1.33221,3.72036e-15
1.33445,3.65164e-15
1.33669,3.58375e-15
1.33893,3.51667e-15
1.34116,3.45042e-15
1.3434,3.385e-15
1.34564,3.3204e-15
1.34787,3.25663e-15
1.35011,3.19368e-15
1.35235,3.13156e-15
1.35459,3.07026e-15
1.35682,3.00978e-15
1.35906,2.95013e-15
1.3613,2.89129e-15
1.36353,2.83328e-15
1.36577,2.77608e-15
1.36801,2.7197e-15
1.37025,2.66412e-15
1.37248,2.60936e-15
1.37472,2.5554e-15
1.37696,2.50225e-15
1.37919,2.4499e-15
1.38143,2.39834e-15
1.38367,2.34757e-15
1.38591,2.29759e-15
1.38814,2.24839e-15
1.39038,2.19997e-15
1.39262,2.15232e-15
1.39485,2.10544e-15
1.39709,2.05933e-15
1.39933,2.01397e-15
1.40157,1.96937e-15
1.4038,1.92551e-15
1.40604,1.88239e-15
1.40828,1.84001e-15
1.41051,1.79836e-15
1.41275,1.75743e-15
1.41499,1.71722e-15
1.41723,1.67772e-15
1.41946,1.63892e-15
1.4217,1.60082e-15
1.42394,1.56341e-15
1.42617,1.52668e-15
1.42841,1.49063e-15
1.43065,1.45524e-15
1.43289,1.42052e-15
1.43512,1.38646e-15
1.43736,1.35304e-15
1.4396,1.32026e-15
1.44183,1.28812e-15
1.44407,1.2566e-15
1.44631,1.2257e-15
1.44855,1.19541e-15
1.45078,1.16572e-15
1.45302,1.13662e-15
1.45526,1.10812e-15
1.45749,1.08019e-15
1.45973,1.05284e-15
1.46197,1.02605e-15
1.46421,9.99814e-16
1.46644,9.7413e-16
1.46868,9.48987e-16
1.47092,9.24377e-16
1.47315,9.00292e-16
1.47539,8.76726e-16
1.47763,8.53669e-16
1.47987,8.31115e-16
1.4821,8.09056e-16
1.48434,7.87483e-16
1.48658,7.6639e-16
1.48881,7.45768e-16
1.49105,7.25611e-16
1.49329,7.0591e-16
1.49553,6.86658e-16
1.49776,6.67847e-16
1.5,6.49471e-16
1.50224,6.31521e-16
1.50447,6.1399e-16
1.50671,5.96872e-16
1.50895,5.80158e-16
1.51119,5.63841e-16
1.51342,5.47915e-16
1.51566,5.32372e-16
1.5179,5.17205e-16
1.52013,5.02408e-16
1.52237,4.87973e-16
1.52461,4.73893e-16
1.52685,4.60162e-16
1.52908,4.46773e-16
1.53132,4.33719e-16
1.53356,4.20994e-16
1.53579,4.08591e-16
1.53803,3.96504e-16
1.54027,3.84726e-16
1.54251,3.73252e-16
1.54474,3.62074e-16
1.54698,3.51188e-16
1.54922,3.40586e-16
1.55145,3.30262e-16
1.55369,3.20212e-16
1.55593,3.10428e-16
1.55817,3.00906e-16
1.5604,2.91639e-16
1.56264,2.82623e-16
1.56488,2.73851e-16
1.56711,2.65318e-16
1.56935,2.57018e-16
1.57159,2.48947e-16
1.57383,2.411e-16
1.57606,2.3347e-16
1.5783,2.26054e-16
1.58054,2.18846e-16
1.58277,2.11841e-16
1.58501,2.05035e-16
1.58725,1.98423e-16
1.58949,1.92e-16
1.59172,1.85761e-16
1.59396,1.79703e-16
1.5962,1.73821e-16
1.59843,1.6811e-16
1.60067,1.62566e-16
1.60291,1.57186e-16
1.60515,1.51964e-16
1.60738,1.46898e-16
1.60962,1.41983e-16
1.61186,1.37215e-16
1.61409,1.3259e-16
1.61633,1.28106e-16
1.61857,1.23758e-16
1.62081,1.19542e-16
1.62304,1.15455e-16
1.62528,1.11494e-16
1.62752,1.07656e-16
1.62975,1.03937e-16
1.63199,1.00333e-16
1.63423,9.68429e-17
1.63647,9.34621e-17
1.6387,9.01881e-17
1.64094,8.70178e-17
1.64318,8.39485e-17
1.64541,8.09773e-17
1.64765,7.81016e-17
1.64989,7.53185e-17
1.65213,7.26255e-17
1.65436,7.002e-17
1.6566,6.74995e-17
1.65884,6.50617e-17
1.66107,6.2704e-17
1.66331,6.04242e-17
1.66555,5.822e-17
1.66779,5.60892e-17
1.67002,5.40297e-17
1.67226,5.20392e-17
1.6745,5.01158e-17
1.67673,4.82574e-17
1.67897,4.64622e-17
1.68121,4.47281e-17
1.68345,4.30534e-17
1.68568,4.14362e-17
1.68792,3.98747e-17
1.69016,3.83673e-17
1.69239,3.69123e-17
1.69463,3.5508e-17
1.69687,3.41528e-17
1.69911,3.28453e-17
1.70134,3.15838e-17
1.70358,3.0367e-17
1.70582,2.91935e-17
1.70805,2.80617e-17
1.71029,2.69705e-17
1.71253,2.59185e-17
1.71477,2.49044e-17
1.717,2.39269e-17
1.71924,2.2985e-17
1.72148,2.20774e-17
1.72371,2.12029e-17
1.72595,2.03606e-17
1.72819,1.95493e-17
1.73043,1.87679e-17
1.73266,1.80155e-17
1.7349,1.72912e-17
1.73714,1.65938e-17
1.73937,1.59226e-17
1.74161,1.52767e-17
1.74385,1.46551e-17
1.74609,1.4057e-17
1.74832,1.34817e-17
1.75056,1.29283e-17
1.7528,1.2396e-17
1.75503,1.18842e-17
1.75727,1.13921e-17
1.75951,1.0919e-17
1.76174,1.04643e-17
1.76398,1.00272e-17
1.76622,9.60716e-18
1.76846,9.20358e-18
1.77069,8.81585e-18
1.77293,8.4434e-18
1.77517,8.08568e-18
1.7774,7.74214e-18
1.77964,7.41226e-18
1.78188,7.09556e-18
1.78412,6.79154e-18
1.78635,6.49973e-18
1.78859,6.21968e-18
1.79083,5.95095e-18
1.79306,5.69312e-18
1.7953,5.44578e-18
1.79754,5.20854e-18
1.79978,4.981e-18
1.80201,4.76281e-18
1.80425,4.55361e-18
1.80649,4.35305e-18
1.80872,4.16081e-18
1.81096,3.97656e-18
1.8132,3.79999e-18
1.81544,3.63081e-18
1.81767,3.46872e-18
1.81991,3.31346e-18
1.82215,3.16475e-18
1.82438,3.02233e-18
1.82662,2.88597e-18
1.82886,2.75541e-18
1.8311,2.63043e-18
1.83333,2.5108e-18
1.83557,2.39632e-18
1.83781,2.28676e-18
1.84004,2.18195e-18
1.84228,2.08168e-18
1.84452,1.98576e-18
1.84676,1.89403e-18
1.84899,1.80631e-18
1.85123,1.72244e-18
1.85347,1.64226e-18
1.8557,1.56561e-18
1.85794,1.49235e-18
1.86018,1.42235e-18
1.86242,1.35546e-18
1.86465,1.29155e-18
1.86689,1.2305e-18
1.86913,1.17219e-18
1.87136,1.1165e-18
1.8736,1.06333e-18
1.87584,1.01256e-18
1.87808,9.64098e-19
1.88031,9.17838e-19
1.88255,8.73689e-19
1.88479,8.31559e-19
1.88702,7.91361e-19
1.88926,7.53013e-19
1.8915,7.16433e-19
1.89374,6.81545e-19
1.89597,6.48275e-19
1.89821,6.16551e-19
1.90045,5.86307e-19
1.90268,5.57476e-19
1.90492,5.29997e-19
1.90716,5.0381e-19
1.9094,4.78856e-19
1.91163,4.55081e-19
1.91387,4.32433e-19
1.91611,4.10861e-19
1.91834,3.90315e-19
1.92058,3.70751e-19
1.92282,3.52123e-19
1.92506,3.3439e-19
1.92729,3.17509e-19
1.92953,3.01444e-19
1.93177,2.86155e-19
1.934,2.71608e-19
1.93624,2.57768e-19
1.93848,2.44602e-19
1.94072,2.3208e-19
1.94295,2.20172e-19
1.94519,2.08848e-19
1.94743,1.98082e-19
1.94966,1.87848e-19
1.9519,1.7812e-19
1.95414,1.68874e-19
1.95638,1.60089e-19
1.95861,1.51741e-19
1.96085,1.43811e-19
1.96309,1.36278e-19
1.96532,1.29124e-19
1.96756,1.2233e-19
1.9698,1.15879e-19
1.97204,1.09754e-19
1.97427,1.0394e-19
1.97651,9.8422e-20
1.97875,9.3185e-20
1.98098,8.82157e-20
1.98322,8.35009e-20
1.98546,7.90282e-20
1.9877,7.47857e-20
1.98993,7.07621e-20
1.99217,6.69467e-20
1.99441,6.3329e-20
1.99664,5.98993e-20
1.99888,5.66483e-20
