0.00115473,5.66995e-20
0.0034642,6.00614e-20
0.00577367,6.36143e-20
0.00808314,6.73683e-20
0.0103926,7.13344e-20
0.0127021,7.55238e-20
0.0150115,7.99487e-20
0.017321,8.46215e-20
0.0196305,8.95555e-20
0.02194,9.47645e-20
0.0242494,1.00263e-19
0.0265589,1.06067e-19
0.0288684,1.12191e-19
0.0311778,1.18654e-19
0.0334873,1.25471e-19
0.0357968,1.32663e-19
0.0381062,1.40249e-19
0.0404157,1.48248e-19
0.0427252,1.56683e-19
0.0450346,1.65576e-19
0.0473441,1.7495e-19
0.0496536,1.8483e-19
0.051963,1.95241e-19
0.0542725,2.06212e-19
0.056582,2.17771e-19
0.0588915,2.29947e-19
0.0612009,2.42771e-19
0.0635104,2.56276e-19
0.0658199,2.70496e-19
0.0681293,2.85467e-19
0.0704388,3.01227e-19
0.0727483,3.17814e-19
0.0750577,3.3527e-19
0.0773672,3.53637e-19
0.0796767,3.72962e-19
0.0819861,3.93289e-19
0.0842956,4.14669e-19
0.0866051,4.37154e-19
0.0889145,4.60795e-19
0.091224,4.85651e-19
0.0935335,5.11779e-19
0.095843,5.39241e-19
0.0981524,5.68101e-19
0.100462,5.98426e-19
0.102771,6.30285e-19
0.105081,6.63752e-19
0.10739,6.98903e-19
0.1097,7.35817e-19
0.112009,7.74578e-19
0.114319,8.15271e-19
0.116628,8.57989e-19
0.118938,9.02824e-19
0.121247,9.49875e-19
0.123557,9.99245e-19
0.125866,1.05104e-18
0.128176,1.10537e-18
0.130485,1.16236e-18
0.132794,1.22212e-18
0.135104,1.28479e-18
0.137413,1.35048e-18
0.139723,1.41935e-18
0.142032,1.49153e-18
0.144342,1.56717e-18
0.146651,1.64643e-18
0.148961,1.72946e-18
0.15127,1.81644e-18
0.15358,1.90754e-18
0.155889,2.00294e-18
0.158199,2.10284e-18
0.160508,2.20742e-18
0.162818,2.31689e-18
0.165127,2.43147e-18
0.167436,2.55138e-18
0.169746,2.67684e-18
0.172055,2.80809e-18
0.174365,2.94539e-18
0.176674,3.08899e-18
0.178984,3.23916e-18
0.181293,3.39617e-18
0.183603,3.56033e-18
0.185912,3.73192e-18
0.188222,3.91125e-18
0.190531,4.09866e-18
0.192841,4.29448e-18
0.19515,4.49905e-18
0.19746,4.71274e-18
0.199769,4.93592e-18
0.202079,5.16897e-18
0.204388,5.41231e-18
0.206697,5.66636e-18
0.209007,5.93153e-18
0.211316,6.20829e-18
0.213626,6.49709e-18
0.215935,6.79842e-18
0.218245,7.11278e-18
0.220554,7.44068e-18
0.222864,7.78266e-18
0.225173,8.13927e-18
0.227483,8.51109e-18
0.229792,8.89871e-18
0.232102,9.30274e-18
0.234411,9.72381e-18
0.236721,1.01626e-17
0.23903,1.06198e-17
0.241339,1.1096e-17
0.243649,1.15921e-17
0.245958,1.21087e-17
0.248268,1.26467e-17
0.250577,1.32068e-17
0.252887,1.37898e-17
0.255196,1.43967e-17
0.257506,1.50283e-17
0.259815,1.56855e-17
0.262125,1.63693e-17
0.264434,1.70806e-17
0.266744,1.78205e-17
0.269053,1.85899e-17
0.271363,1.93899e-17
0.273672,2.02217e-17
0.275982,2.10863e-17
0.278291,2.1985e-17
0.2806,2.29189e-17
0.28291,2.38893e-17
0.285219,2.48975e-17
0.287529,2.59447e-17
0.289838,2.70324e-17
0.292148,2.8162e-17
0.294457,2.93348e-17
0.296767,3.05525e-17
0.299076,3.18164e-17
0.301386,3.31281e-17
0.303695,3.44894e-17
0.306005,3.59018e-17
0.308314,3.73671e-17
0.310624,3.8887e-17
0.312933,4.04633e-17
0.315242,4.20979e-17
0.317552,4.37927e-17
0.319861,4.55496e-17
0.322171,4.73707e-17
0.32448,4.92581e-17
0.32679,5.12138e-17
0.329099,5.32401e-17
0.331409,5.53391e-17
0.333718,5.75133e-17
0.336028,5.97649e-17
0.338337,6.20963e-17
0.340647,6.45101e-17
0.342956,6.70088e-17
0.345266,6.9595e-17
0.347575,7.22714e-17
0.349885,7.50407e-17
0.352194,7.79058e-17
0.354503,8.08694e-17
0.356813,8.39346e-17
0.359122,8.71043e-17
0.361432,9.03817e-17
0.363741,9.37699e-17
0.366051,9.72722e-17
0.36836,1.00892e-16
0.37067,1.04632e-16
0.372979,1.08497e-16
0.375289,1.12489e-16
0.377598,1.16613e-16
0.379908,1.20871e-16
0.382217,1.25269e-16
0.384527,1.29809e-16
0.386836,1.34496e-16
0.389145,1.39333e-16
0.391455,1.44325e-16
0.393764,1.49476e-16
0.396074,1.54791e-16
0.398383,1.60273e-16
0.400693,1.65926e-16
0.403002,1.71757e-16
0.405312,1.77768e-16
0.407621,1.83966e-16
0.409931,1.90354e-16
0.41224,1.96938e-16
0.41455,2.03722e-16
0.416859,2.10712e-16
0.419169,2.17913e-16
0.421478,2.25329e-16
0.423788,2.32967e-16
0.426097,2.40832e-16
0.428406,2.48929e-16
0.430716,2.57264e-16
0.433025,2.65843e-16
0.435335,2.74671e-16
0.437644,2.83754e-16
0.439954,2.93099e-16
0.442263,3.02711e-16
0.444573,3.12597e-16
0.446882,3.22762e-16
0.449192,3.33214e-16
0.451501,3.43958e-16
0.453811,3.55002e-16
0.45612,3.66351e-16
0.45843,3.78012e-16
0.460739,3.89993e-16
0.463048,4.02299e-16
0.465358,4.14939e-16
0.467667,4.27919e-16
0.469977,4.41246e-16
0.472286,4.54927e-16
0.474596,4.6897e-16
0.476905,4.83382e-16
0.479215,4.9817e-16
0.481524,5.13343e-16
0.483834,5.28907e-16
0.486143,5.4487e-16
0.488453,5.6124e-16
0.490762,5.78025e-16
0.493072,5.95233e-16
0.495381,6.12871e-16
0.497691,6.30948e-16
0.5,6.49471e-16
0.502309,6.68449e-16
0.504619,6.87889e-16
0.506928,7.07801e-16
0.509238,7.28192e-16
0.511547,7.4907e-16
0.513857,7.70445e-16
0.516166,7.92323e-16
0.518476,8.14714e-16
0.520785,8.37627e-16
0.523095,8.61069e-16
0.525404,8.85049e-16
0.527714,9.09575e-16
0.530023,9.34657e-16
0.532333,9.60302e-16
0.534642,9.86519e-16
0.536952,1.01332e-15
0.539261,1.0407e-15
0.54157,1.06869e-15
0.54388,1.09728e-15
0.546189,1.12648e-15
0.548499,1.15631e-15
0.550808,1.18677e-15
0.553118,1.21787e-15
0.555427,1.24962e-15
0.557737,1.28203e-15
0.560046,1.3151e-15
0.562356,1.34884e-15
0.564665,1.38327e-15
0.566975,1.41838e-15
0.569284,1.45419e-15
0.571594,1.49071e-15
0.573903,1.52794e-15
0.576212,1.56589e-15
0.578522,1.60457e-15
0.580831,1.64399e-15
0.583141,1.68415e-15
0.58545,1.72506e-15
0.58776,1.76673e-15
0.590069,1.80916e-15
0.592379,1.85237e-15
0.594688,1.89635e-15
0.596998,1.94112e-15
0.599307,1.98669e-15
0.601617,2.03305e-15
0.603926,2.08021e-15
0.606236,2.12819e-15
0.608545,2.17698e-15
0.610855,2.2266e-15
0.613164,2.27704e-15
0.615473,2.32831e-15
0.617783,2.38042e-15
0.620092,2.43338e-15
0.622402,2.48718e-15
0.624711,2.54183e-15
0.627021,2.59733e-15
0.62933,2.65369e-15
0.63164,2.71092e-15
0.633949,2.769e-15
0.636259,2.82796e-15
0.638568,2.88779e-15
0.640878,2.94848e-15
0.643187,3.01006e-15
0.645497,3.07251e-15
0.647806,3.13583e-15
0.650115,3.20004e-15
0.652425,3.26512e-15
0.654734,3.33109e-15
0.657044,3.39793e-15
0.659353,3.46565e-15
0.661663,3.53425e-15
0.663972,3.60373e-15
0.666282,3.67409e-15
0.668591,3.74531e-15
0.670901,3.81741e-15
0.67321,3.89038e-15
0.67552,3.96422e-15
0.677829,4.03892e-15
0.680139,4.11447e-15
0.682448,4.19088e-15
0.684758,4.26815e-15
0.687067,4.34625e-15
0.689376,4.4252e-15
0.691686,4.50498e-15
0.693995,4.58558e-15
0.696305,4.66701e-15
0.698614,4.74925e-15
0.700924,4.83229e-15
0.703233,4.91613e-15
0.705543,5.00075e-15
0.707852,5.08616e-15
0.710162,5.17233e-15
0.712471,5.25927e-15
0.714781,5.34695e-15
0.71709,5.43537e-15
0.7194,5.52451e-15
0.721709,5.61437e-15
0.724018,5.70493e-15
0.726328,5.79617e-15
0.728637,5.88809e-15
0.730947,5.98067e-15
0.733256,6.0739e-15
0.735566,6.16775e-15
0.737875,6.26222e-15
0.740185,6.35729e-15
0.742494,6.45295e-15
0.744804,6.54917e-15
0.747113,6.64594e-15
0.749423,6.74323e-15
0.751732,6.84105e-15
0.754042,6.93935e-15
0.756351,7.03813e-15
0.758661,7.13736e-15
0.76097,7.23703e-15
0.763279,7.33711e-15
0.765589,7.43758e-15
0.767898,7.53842e-15
0.770208,7.63961e-15
0.772517,7.74113e-15
0.774827,7.84295e-15
0.777136,7.94505e-15
0.779446,8.04741e-15
0.781755,8.15e-15
0.784065,8.25279e-15
0.786374,8.35577e-15
0.788684,8.4589e-15
0.790993,8.56217e-15
0.793303,8.66554e-15
0.795612,8.76899e-15
0.797921,8.87249e-15
0.800231,8.97602e-15
0.80254,9.07954e-15
0.80485,9.18304e-15
0.807159,9.28647e-15
0.809469,9.38982e-15
0.811778,9.49305e-15
0.814088,9.59614e-15
0.816397,9.69905e-15
0.818707,9.80176e-15
0.821016,9.90423e-15
0.823326,1.00064e-14
0.825635,1.01084e-14
0.827945,1.021e-14
0.830254,1.03112e-14
0.832564,1.04121e-14
0.834873,1.05125e-14
0.837182,1.06125e-14
0.839492,1.0712e-14
0.841801,1.0811e-14
0.844111,1.09095e-14
0.84642,1.10074e-14
0.84873,1.11047e-14
0.851039,1.12014e-14
0.853349,1.12974e-14
0.855658,1.13927e-14
0.857968,1.14872e-14
0.860277,1.15811e-14
0.862587,1.16741e-14
0.864896,1.17663e-14
0.867206,1.18576e-14
0.869515,1.19481e-14
0.871824,1.20377e-14
0.874134,1.21263e-14
0.876443,1.22139e-14
0.878753,1.23005e-14
0.881062,1.23861e-14
0.883372,1.24706e-14
0.885681,1.2554e-14
0.887991,1.26363e-14
0.8903,1.27175e-14
0.89261,1.27974e-14
0.894919,1.28762e-14
0.897229,1.29537e-14
0.899538,1.30299e-14
0.901848,1.31048e-14
0.904157,1.31784e-14
0.906467,1.32506e-14
0.908776,1.33215e-14
0.911085,1.3391e-14
0.913395,1.3459e-14
0.915704,1.35256e-14
0.918014,1.35906e-14
0.920323,1.36542e-14
0.922633,1.37163e-14
0.924942,1.37767e-14
0.927252,1.38356e-14
0.929561,1.3893e-14
0.931871,1.39486e-14
0.93418,1.40027e-14
0.93649,1.40551e-14
0.938799,1.41058e-14
0.941109,1.41547e-14
0.943418,1.4202e-14
0.945727,1.42475e-14
0.948037,1.42913e-14
0.950346,1.43333e-14
0.952656,1.43735e-14
0.954965,1.44119e-14
0.957275,1.44484e-14
0.959584,1.44831e-14
0.961894,1.4516e-14
0.964203,1.4547e-14
0.966513,1.45761e-14
0.968822,1.46034e-14
0.971132,1.46287e-14
0.973441,1.46521e-14
0.975751,1.46736e-14
0.97806,1.46932e-14
0.98037,1.47109e-14
0.982679,1.47266e-14
0.984988,1.47403e-14
0.987298,1.47521e-14
0.989607,1.47619e-14
0.991917,1.47698e-14
0.994226,1.47757e-14
0.996536,1.47797e-14
0.998845,1.47816e-14
1.00115,1.47816e-14
1.00346,1.47797e-14
1.00577,1.47757e-14
1.00808,1.47698e-14
1.01039,1.47619e-14
1.0127,1.47521e-14
1.01501,1.47403e-14
1.01732,1.47266e-14
1.01963,1.47109e-14
1.02194,1.46932e-14
1.02425,1.46736e-14
1.02656,1.46521e-14
1.02887,1.46287e-14
1.03118,1.46034e-14
1.03349,1.45761e-14
1.0358,1.4547e-14
1.03811,1.4516e-14
1.04042,1.44831e-14
1.04273,1.44484e-14
1.04503,1.44119e-14
1.04734,1.43735e-14
1.04965,1.43333e-14
1.05196,1.42913e-14
1.05427,1.42475e-14
1.05658,1.4202e-14
1.05889,1.41547e-14
1.0612,1.41058e-14
1.06351,1.40551e-14
1.06582,1.40027e-14
1.06813,1.39486e-14
1.07044,1.3893e-14
1.07275,1.38356e-14
1.07506,1.37767e-14
1.07737,1.37163e-14
1.07968,1.36542e-14
1.08199,1.35906e-14
1.0843,1.35256e-14
1.08661,1.3459e-14
1.08891,1.3391e-14
1.09122,1.33215e-14
1.09353,1.32506e-14
1.09584,1.31784e-14
1.09815,1.31048e-14
1.10046,1.30299e-14
1.10277,1.29537e-14
1.10508,1.28762e-14
1.10739,1.27974e-14
1.1097,1.27175e-14
1.11201,1.26363e-14
1.11432,1.2554e-14
1.11663,1.24706e-14
1.11894,1.23861e-14
1.12125,1.23005e-14
1.12356,1.22139e-14
1.12587,1.21263e-14
1.12818,1.20377e-14
1.13048,1.19481e-14
1.13279,1.18576e-14
1.1351,1.17663e-14
1.13741,1.16741e-14
1.13972,1.15811e-14
1.14203,1.14872e-14
1.14434,1.13927e-14
1.14665,1.12974e-14
1.14896,1.12014e-14
1.15127,1.11047e-14
1.15358,1.10074e-14
1.15589,1.09095e-14
1.1582,1.0811e-14
1.16051,1.0712e-14
1.16282,1.06125e-14
1.16513,1.05125e-14
1.16744,1.04121e-14
1.16975,1.03112e-14
1.17206,1.021e-14
1.17436,1.01084e-14
1.17667,1.00064e-14
1.17898,9.90423e-15
1.18129,9.80176e-15
1.1836,9.69905e-15
1.18591,9.59614e-15
1.18822,9.49305e-15
1.19053,9.38982e-15
1.19284,9.28647e-15
1.19515,9.18304e-15
1.19746,9.07954e-15
1.19977,8.97602e-15
1.20208,8.87249e-15
1.20439,8.76899e-15
1.2067,8.66554e-15
1.20901,8.56217e-15
1.21132,8.4589e-15
1.21363,8.35577e-15
1.21594,8.25279e-15
1.21824,8.15e-15
1.22055,8.04741e-15
1.22286,7.94505e-15
1.22517,7.84295e-15
1.22748,7.74113e-15
1.22979,7.63961e-15
1.2321,7.53842e-15
1.23441,7.43758e-15
1.23672,7.33711e-15
1.23903,7.23703e-15
1.24134,7.13736e-15
1.24365,7.03813e-15
1.24596,6.93935e-15
1.24827,6.84105e-15
1.25058,6.74323e-15
1.25289,6.64594e-15
1.2552,6.54917e-15
1.25751,6.45295e-15
1.25982,6.35729e-15
1.26212,6.26222e-15
1.26443,6.16775e-15
1.26674,6.0739e-15
1.26905,5.98067e-15
1.27136,5.88809e-15
1.27367,5.79617e-15
1.27598,5.70493e-15
1.27829,5.61437e-15
1.2806,5.52451e-15
1.28291,5.43537e-15
1.28522,5.34695e-15
1.28753,5.25927e-15
1.28984,5.17233e-15
1.29215,5.08616e-15
1.29446,5.00075e-15
1.29677,4.91613e-15
1.29908,4.83229e-15
1.30139,4.74925e-15
1.3037,4.66701e-15
1.306,4.58558e-15
1.30831,4.50498e-15
1.31062,4.4252e-15
1.31293,4.34625e-15
1.31524,4.26815e-15
1.31755,4.19088e-15
1.31986,4.11447e-15
1.32217,4.03892e-15
1.32448,3.96422e-15
1.32679,3.89038e-15
1.3291,3.81741e-15
1.33141,3.74531e-15
1.33372,3.67409e-15
1.33603,3.60373e-15
1.33834,3.53425e-15
1.34065,3.46565e-15
1.34296,3.39793e-15
1.34527,3.33109e-15
1.34758,3.26512e-15
1.34988,3.20004e-15
1.35219,3.13583e-15
1.3545,3.07251e-15
1.35681,3.01006e-15
1.35912,2.94848e-15
1.36143,2.88779e-15
1.36374,2.82796e-15
1.36605,2.769e-15
1.36836,2.71092e-15
1.37067,2.65369e-15
1.37298,2.59733e-15
1.37529,2.54183e-15
1.3776,2.48718e-15
1.37991,2.43338e-15
1.38222,2.38042e-15
1.38453,2.32831e-15
1.38684,2.27704e-15
1.38915,2.2266e-15
1.39145,2.17698e-15
1.39376,2.12819e-15
1.39607,2.08021e-15
1.39838,2.03305e-15
1.40069,1.98669e-15
1.403,1.94112e-15
1.40531,1.89635e-15
1.40762,1.85237e-15
1.40993,1.80916e-15
1.41224,1.76673e-15
1.41455,1.72506e-15
1.41686,1.68415e-15
1.41917,1.64399e-15
1.42148,1.60457e-15
1.42379,1.56589e-15
1.4261,1.52794e-15
1.42841,1.49071e-15
1.43072,1.45419e-15
1.43303,1.41838e-15
1.43533,1.38327e-15
1.43764,1.34884e-15
1.43995,1.3151e-15
1.44226,1.28203e-15
1.44457,1.24962e-15
1.44688,1.21787e-15
1.44919,1.18677e-15
1.4515,1.15631e-15
1.45381,1.12648e-15
1.45612,1.09728e-15
1.45843,1.06869e-15
1.46074,1.0407e-15
1.46305,1.01332e-15
1.46536,9.86519e-16
1.46767,9.60302e-16
1.46998,9.34657e-16
1.47229,9.09575e-16
1.4746,8.85049e-16
1.47691,8.61069e-16
1.47921,8.37627e-16
1.48152,8.14714e-16
1.48383,7.92323e-16
1.48614,7.70445e-16
1.48845,7.4907e-16
1.49076,7.28192e-16
1.49307,7.07801e-16
1.49538,6.87889e-16
1.49769,6.68449e-16
1.5,6.49471e-16
1.50231,6.30948e-16
1.50462,6.12871e-16
1.50693,5.95233e-16
1.50924,5.78025e-16
1.51155,5.6124e-16
1.51386,5.4487e-16
1.51617,5.28907e-16
1.51848,5.13343e-16
1.52079,4.9817e-16
1.52309,4.83382e-16
1.5254,4.6897e-16
1.52771,4.54927e-16
1.53002,4.41246e-16
1.53233,4.27919e-16
1.53464,4.14939e-16
1.53695,4.02299e-16
1.53926,3.89993e-16
1.54157,3.78012e-16
1.54388,3.66351e-16
1.54619,3.55002e-16
1.5485,3.43958e-16
1.55081,3.33214e-16
1.55312,3.22762e-16
1.55543,3.12597e-16
1.55774,3.02711e-16
1.56005,2.93099e-16
1.56236,2.83754e-16
1.56467,2.74671e-16
1.56697,2.65843e-16
1.56928,2.57264e-16
1.57159,2.48929e-16
1.5739,2.40832e-16
1.57621,2.32967e-16
1.57852,2.25329e-16
1.58083,2.17913e-16
1.58314,2.10712e-16
1.58545,2.03722e-16
1.58776,1.96938e-16
1.59007,1.90354e-16
1.59238,1.83966e-16
1.59469,1.77768e-16
1.597,1.71757e-16
1.59931,1.65926e-16
1.60162,1.60273e-16
1.60393,1.54791e-16
1.60624,1.49476e-16
1.60855,1.44325e-16
1.61085,1.39333e-16
1.61316,1.34496e-16
1.61547,1.29809e-16
1.61778,1.25269e-16
1.62009,1.20871e-16
1.6224,1.16613e-16
1.62471,1.12489e-16
1.62702,1.08497e-16
1.62933,1.04632e-16
1.63164,1.00892e-16
1.63395,9.72722e-17
1.63626,9.37699e-17
1.63857,9.03817e-17
1.64088,8.71043e-17
1.64319,8.39346e-17
1.6455,8.08694e-17
1.64781,7.79058e-17
1.65012,7.50407e-17
1.65242,7.22714e-17
1.65473,6.9595e-17
1.65704,6.70088e-17
1.65935,6.45101e-17
1.66166,6.20963e-17
1.66397,5.97649e-17
1.66628,5.75133e-17
1.66859,5.53391e-17
1.6709,5.32401e-17
1.67321,5.12138e-17
1.67552,4.92581e-17
1.67783,4.73707e-17
1.68014,4.55496e-17
1.68245,4.37927e-17
1.68476,4.20979e-17
1.68707,4.04633e-17
1.68938,3.8887e-17
1.69169,3.73671e-17
1.694,3.59018e-17
1.6963,3.44894e-17
1.69861,3.31281e-17
1.70092,3.18164e-17
1.70323,3.05525e-17
1.70554,2.93348e-17
1.70785,2.8162e-17
1.71016,2.70324e-17
1.71247,2.59447e-17
1.71478,2.48975e-17
1.71709,2.38893e-17
1.7194,2.29189e-17
1.72171,2.1985e-17
1.72402,2.10863e-17
1.72633,2.02217e-17
1.72864,1.93899e-17
1.73095,1.85899e-17
1.73326,1.78205e-17
1.73557,1.70806e-17
1.73788,1.63693e-17
1.74018,1.56855e-17
1.74249,1.50283e-17
1.7448,1.43967e-17
1.74711,1.37898e-17
1.74942,1.32068e-17
1.75173,1.26467e-17
1.75404,1.21087e-17
1.75635,1.15921e-17
1.75866,1.1096e-17
1.76097,1.06198e-17
1.76328,1.01626e-17
1.76559,9.72381e-18
1.7679,9.30274e-18
1.77021,8.89871e-18
1.77252,8.51109e-18
1.77483,8.13927e-18
1.77714,7.78266e-18
1.77945,7.44068e-18
1.78176,7.11278e-18
1.78406,6.79842e-18
1.78637,6.49709e-18
1.78868,6.20829e-18
1.79099,5.93153e-18
1.7933,5.66636e-18
1.79561,5.41231e-18
1.79792,5.16897e-18
1.80023,4.93592e-18
1.80254,4.71274e-18
1.80485,4.49905e-18
1.80716,4.29448e-18
1.80947,4.09866e-18
1.81178,3.91125e-18
1.81409,3.73192e-18
1.8164,3.56033e-18
1.81871,3.39617e-18
1.82102,3.23916e-18
1.82333,3.08899e-18
1.82564,2.94539e-18
1.82794,2.80809e-18
1.83025,2.67684e-18
1.83256,2.55138e-18
1.83487,2.43147e-18
1.83718,2.31689e-18
1.83949,2.20742e-18
1.8418,2.10284e-18
1.84411,2.00294e-18
1.84642,1.90754e-18
1.84873,1.81644e-18
1.85104,1.72946e-18
1.85335,1.64643e-18
1.85566,1.56717e-18
1.85797,1.49153e-18
1.86028,1.41935e-18
1.86259,1.35048e-18
1.8649,1.28479e-18
1.86721,1.22212e-18
1.86952,1.16236e-18
1.87182,1.10537e-18
1.87413,1.05104e-18
1.87644,9.99245e-19
1.87875,9.49875e-19
1.88106,9.02824e-19
1.88337,8.57989e-19
1.88568,8.15271e-19
1.88799,7.74578e-19
1.8903,7.35817e-19
1.89261,6.98903e-19
1.89492,6.63752e-19
1.89723,6.30285e-19
1.89954,5.98426e-19
1.90185,5.68101e-19
1.90416,5.39241e-19
1.90647,5.11779e-19
1.90878,4.85651e-19
1.91109,4.60795e-19
1.91339,4.37154e-19
1.9157,4.14669e-19
1.91801,3.93289e-19
1.92032,3.72962e-19
1.92263,3.53637e-19
1.92494,3.3527e-19
1.92725,3.17814e-19
1.92956,3.01227e-19
1.93187,2.85467e-19
1.93418,2.70496e-19
1.93649,2.56276e-19
1.9388,2.42771e-19
1.94111,2.29947e-19
1.94342,2.17771e-19
1.94573,2.06212e-19
1.94804,1.95241e-19
1.95035,1.8483e-19
1.95266,1.7495e-19
1.95497,1.65576e-19
1.95727,1.56683e-19
1.95958,1.48248e-19
1.96189,1.40249e-19
1.9642,1.32663e-19
1.96651,1.25471e-19
1.96882,1.18654e-19
1.97113,1.12191e-19
1.97344,1.06067e-19
1.97575,1.00263e-19
1.97806,9.47645e-20
1.98037,8.95555e-20
1.98268,8.46215e-20
1.98499,7.99487e-20
1.9873,7.55238e-20
1.98961,7.13344e-20
1.99192,6.73683e-20
1.99423,6.36143e-20
1.99654,6.00614e-20
1.99885,5.66995e-20
