0.00157233,5.72937e-20
0.00471698,6.19644e-20
0.00786164,6.69992e-20
0.0110063,7.24253e-20
0.0141509,7.82715e-20
0.0172956,8.45687e-20
0.0204403,9.13499e-20
0.0235849,9.86504e-20
0.0267296,1.06508e-19
0.0298742,1.14963e-19
0.0330189,1.24059e-19
0.0361635,1.33841e-19
0.0393082,1.44359e-19
0.0424528,1.55665e-19
0.0455975,1.67815e-19
0.0487421,1.80868e-19
0.0518868,1.94889e-19
0.0550314,2.09945e-19
0.0581761,2.26107e-19
0.0613208,2.43454e-19
0.0644654,2.62067e-19
0.0676101,2.82033e-19
0.0707547,3.03446e-19
0.0738994,3.26403e-19
0.077044,3.51011e-19
0.0801887,3.7738e-19
0.0833333,4.0563e-19
0.086478,4.35887e-19
0.0896226,4.68285e-19
0.0927673,5.02966e-19
0.0959119,5.40083e-19
0.0990566,5.79796e-19
0.102201,6.22274e-19
0.105346,6.677e-19
0.108491,7.16265e-19
0.111635,7.68172e-19
0.11478,8.23637e-19
0.117925,8.82888e-19
0.121069,9.46169e-19
0.124214,1.01373e-18
0.127358,1.08585e-18
0.130503,1.16282e-18
0.133648,1.24493e-18
0.136792,1.33251e-18
0.139937,1.4259e-18
0.143082,1.52546e-18
0.146226,1.63157e-18
0.149371,1.74462e-18
0.152516,1.86505e-18
0.15566,1.9933e-18
0.158805,2.12984e-18
0.16195,2.27517e-18
0.165094,2.42981e-18
0.168239,2.59433e-18
0.171384,2.7693e-18
0.174528,2.95534e-18
0.177673,3.1531e-18
0.180818,3.36326e-18
0.183962,3.58654e-18
0.187107,3.8237e-18
0.190252,4.07553e-18
0.193396,4.34288e-18
0.196541,4.62662e-18
0.199686,4.92767e-18
0.20283,5.24703e-18
0.205975,5.58569e-18
0.209119,5.94475e-18
0.212264,6.32532e-18
0.215409,6.72859e-18
0.218553,7.15581e-18
0.221698,7.60826e-18
0.224843,8.08733e-18
0.227987,8.59444e-18
0.231132,9.13108e-18
0.234277,9.69884e-18
0.237421,1.02994e-17
0.240566,1.09343e-17
0.243711,1.16056e-17
0.246855,1.2315e-17
0.25,1.30646e-17
0.253145,1.38564e-17
0.256289,1.46925e-17
0.259434,1.55752e-17
0.262579,1.65069e-17
0.265723,1.749e-17
0.268868,1.8527e-17
0.272013,1.96207e-17
0.275157,2.07738e-17
0.278302,2.19893e-17
0.281447,2.32701e-17
0.284591,2.46194e-17
0.287736,2.60406e-17
0.290881,2.75369e-17
0.294025,2.9112e-17
0.29717,3.07697e-17
0.300314,3.25136e-17
0.303459,3.4348e-17
0.306604,3.62768e-17
0.309748,3.83045e-17
0.312893,4.04355e-17
0.316038,4.26746e-17
0.319182,4.50264e-17
0.322327,4.74962e-17
0.325472,5.0089e-17
0.328616,5.28104e-17
0.331761,5.56658e-17
0.334906,5.86611e-17
0.33805,6.18023e-17
0.341195,6.50956e-17
0.34434,6.85474e-17
0.347484,7.21645e-17
0.350629,7.59536e-17
0.353774,7.99219e-17
0.356918,8.40768e-17
0.360063,8.84258e-17
0.363208,9.29768e-17
0.366352,9.77378e-17
0.369497,1.02717e-16
0.372642,1.07924e-16
0.375786,1.13366e-16
0.378931,1.19053e-16
0.382075,1.24995e-16
0.38522,1.31201e-16
0.388365,1.37681e-16
0.391509,1.44445e-16
0.394654,1.51504e-16
0.397799,1.58869e-16
0.400943,1.6655e-16
0.404088,1.7456e-16
0.407233,1.8291e-16
0.410377,1.91612e-16
0.413522,2.00678e-16
0.416667,2.10121e-16
0.419811,2.19955e-16
0.422956,2.30191e-16
0.426101,2.40845e-16
0.429245,2.51929e-16
0.43239,2.63458e-16
0.435535,2.75446e-16
0.438679,2.87909e-16
0.441824,3.00862e-16
0.444969,3.14319e-16
0.448113,3.28297e-16
0.451258,3.42812e-16
0.454403,3.57881e-16
0.457547,3.73519e-16
0.460692,3.89744e-16
0.463836,4.06574e-16
0.466981,4.24026e-16
0.470126,4.42117e-16
0.47327,4.60866e-16
0.476415,4.80292e-16
0.47956,5.00412e-16
0.482704,5.21247e-16
0.485849,5.42815e-16
0.488994,5.65135e-16
0.492138,5.88228e-16
0.495283,6.12113e-16
0.498428,6.36811e-16
0.501572,6.62341e-16
0.504717,6.88725e-16
0.507862,7.15982e-16
0.511006,7.44135e-16
0.514151,7.73203e-16
0.517296,8.03208e-16
0.52044,8.34171e-16
0.523585,8.66114e-16
0.52673,8.99057e-16
0.529874,9.33023e-16
0.533019,9.68032e-16
0.536164,1.00411e-15
0.539308,1.04127e-15
0.542453,1.07954e-15
0.545597,1.11894e-15
0.548742,1.15949e-15
0.551887,1.20122e-15
0.555031,1.24413e-15
0.558176,1.28827e-15
0.561321,1.33364e-15
0.564465,1.38026e-15
0.56761,1.42816e-15
0.570755,1.47736e-15
0.573899,1.52788e-15
0.577044,1.57973e-15
0.580189,1.63294e-15
0.583333,1.68753e-15
0.586478,1.7435e-15
0.589623,1.80089e-15
0.592767,1.85971e-15
0.595912,1.91998e-15
0.599057,1.9817e-15
0.602201,2.04491e-15
0.605346,2.10961e-15
0.608491,2.17582e-15
0.611635,2.24356e-15
0.61478,2.31283e-15
0.617925,2.38365e-15
0.621069,2.45603e-15
0.624214,2.52998e-15
0.627358,2.60552e-15
0.630503,2.68265e-15
0.633648,2.76137e-15
0.636792,2.84171e-15
0.639937,2.92366e-15
0.643082,3.00723e-15
0.646226,3.09243e-15
0.649371,3.17925e-15
0.652516,3.2677e-15
0.65566,3.35778e-15
0.658805,3.44949e-15
0.66195,3.54284e-15
0.665094,3.6378e-15
0.668239,3.73439e-15
0.671384,3.8326e-15
0.674528,3.93242e-15
0.677673,4.03384e-15
0.680818,4.13685e-15
0.683962,4.24145e-15
0.687107,4.34761e-15
0.690252,4.45533e-15
0.693396,4.56459e-15
0.696541,4.67538e-15
0.699686,4.78766e-15
0.70283,4.90144e-15
0.705975,5.01668e-15
0.709119,5.13335e-15
0.712264,5.25145e-15
0.715409,5.37093e-15
0.718553,5.49177e-15
0.721698,5.61394e-15
0.724843,5.73741e-15
0.727987,5.86215e-15
0.731132,5.98812e-15
0.734277,6.11529e-15
0.737421,6.24361e-15
0.740566,6.37305e-15
0.743711,6.50356e-15
0.746855,6.63511e-15
0.75,6.76764e-15
0.753145,6.90111e-15
0.756289,7.03548e-15
0.759434,7.17069e-15
0.762579,7.30669e-15
0.765723,7.44344e-15
0.768868,7.58086e-15
0.772013,7.71892e-15
0.775157,7.85754e-15
0.778302,7.99668e-15
0.781447,8.13627e-15
0.784591,8.27625e-15
0.787736,8.41656e-15
0.790881,8.55713e-15
0.794025,8.6979e-15
0.79717,8.8388e-15
0.800314,8.97976e-15
0.803459,9.12072e-15
0.806604,9.26159e-15
0.809748,9.40232e-15
0.812893,9.54283e-15
0.816038,9.68304e-15
0.819182,9.82288e-15
0.822327,9.96229e-15
0.825472,1.01012e-14
0.828616,1.02395e-14
0.831761,1.03771e-14
0.834906,1.05139e-14
0.83805,1.065e-14
0.841195,1.07851e-14
0.84434,1.09192e-14
0.847484,1.10523e-14
0.850629,1.11842e-14
0.853774,1.1315e-14
0.856918,1.14444e-14
0.860063,1.15724e-14
0.863208,1.1699e-14
0.866352,1.1824e-14
0.869497,1.19474e-14
0.872642,1.20691e-14
0.875786,1.21891e-14
0.878931,1.23072e-14
0.882075,1.24233e-14
0.88522,1.25375e-14
0.888365,1.26496e-14
0.891509,1.27595e-14
0.894654,1.28672e-14
0.897799,1.29726e-14
0.900943,1.30756e-14
0.904088,1.31762e-14
0.907233,1.32743e-14
0.910377,1.33698e-14
0.913522,1.34627e-14
0.916667,1.35529e-14
0.919811,1.36402e-14
0.922956,1.37248e-14
0.926101,1.38065e-14
0.929245,1.38852e-14
0.93239,1.39609e-14
0.935535,1.40336e-14
0.938679,1.41032e-14
0.941824,1.41696e-14
0.944969,1.42328e-14
0.948113,1.42927e-14
0.951258,1.43494e-14
0.954403,1.44027e-14
0.957547,1.44526e-14
0.960692,1.44991e-14
0.963836,1.45422e-14
0.966981,1.45818e-14
0.970126,1.46179e-14
0.97327,1.46505e-14
0.976415,1.46795e-14
0.97956,1.47049e-14
0.982704,1.47267e-14
0.985849,1.47449e-14
0.988994,1.47595e-14
0.992138,1.47705e-14
0.995283,1.47778e-14
0.998428,1.47814e-14
1.00157,1.47814e-14
1.00472,1.47778e-14
1.00786,1.47705e-14
1.01101,1.47595e-14
1.01415,1.47449e-14
1.0173,1.47267e-14
1.02044,1.47049e-14
1.02358,1.46795e-14
1.02673,1.46505e-14
1.02987,1.46179e-14
1.03302,1.45818e-14
1.03616,1.45422e-14
1.03931,1.44991e-14
1.04245,1.44526e-14
1.0456,1.44027e-14
1.04874,1.43494e-14
1.05189,1.42927e-14
1.05503,1.42328e-14
1.05818,1.41696e-14
1.06132,1.41032e-14
1.06447,1.40336e-14
1.06761,1.39609e-14
1.07075,1.38852e-14
1.0739,1.38065e-14
1.07704,1.37248e-14
1.08019,1.36402e-14
1.08333,1.35529e-14
1.08648,1.34627e-14
1.08962,1.33698e-14
1.09277,1.32743e-14
1.09591,1.31762e-14
1.09906,1.30756e-14
1.1022,1.29726e-14
1.10535,1.28672e-14
1.10849,1.27595e-14
1.11164,1.26496e-14
1.11478,1.25375e-14
1.11792,1.24233e-14
1.12107,1.23072e-14
1.12421,1.21891e-14
1.12736,1.20691e-14
1.1305,1.19474e-14
1.13365,1.1824e-14
1.13679,1.1699e-14
1.13994,1.15724e-14
1.14308,1.14444e-14
1.14623,1.1315e-14
1.14937,1.11842e-14
1.15252,1.10523e-14
1.15566,1.09192e-14
1.15881,1.07851e-14
1.16195,1.065e-14
1.16509,1.05139e-14
1.16824,1.03771e-14
1.17138,1.02395e-14
1.17453,1.01012e-14
1.17767,9.96229e-15
1.18082,9.82288e-15
1.18396,9.68304e-15
1.18711,9.54283e-15
1.19025,9.40232e-15
1.1934,9.26159e-15
1.19654,9.12072e-15
1.19969,8.97976e-15
1.20283,8.8388e-15
1.20597,8.6979e-15
1.20912,8.55713e-15
1.21226,8.41656e-15
1.21541,8.27625e-15
1.21855,8.13627e-15
1.2217,7.99668e-15
1.22484,7.85754e-15
1.22799,7.71892e-15
1.23113,7.58086e-15
1.23428,7.44344e-15
1.23742,7.30669e-15
1.24057,7.17069e-15
1.24371,7.03548e-15
1.24686,6.90111e-15
1.25,6.76764e-15
1.25314,6.63511e-15
1.25629,6.50356e-15
1.25943,6.37305e-15
1.26258,6.24361e-15
1.26572,6.11529e-15
1.26887,5.98812e-15
1.27201,5.86215e-15
1.27516,5.73741e-15
1.2783,5.61394e-15
1.28145,5.49177e-15
1.28459,5.37093e-15
1.28774,5.25145e-15
1.29088,5.13335e-15
1.29403,5.01668e-15
1.29717,4.90144e-15
1.30031,4.78766e-15
1.30346,4.67538e-15
1.3066,4.56459e-15
1.30975,4.45533e-15
1.31289,4.34761e-15
1.31604,4.24145e-15
1.31918,4.13685e-15
1.32233,4.03384e-15
1.32547,3.93242e-15
1.32862,3.8326e-15
1.33176,3.73439e-15
1.33491,3.6378e-15
1.33805,3.54284e-15
1.34119,3.44949e-15
1.34434,3.35778e-15
1.34748,3.2677e-15
1.35063,3.17925e-15
1.35377,3.09243e-15
1.35692,3.00723e-15
1.36006,2.92366e-15
1.36321,2.84171e-15
1.36635,2.76137e-15
1.3695,2.68265e-15
1.37264,2.60552e-15
1.37579,2.52998e-15
1.37893,2.45603e-15
1.38208,2.38365e-15
1.38522,2.31283e-15
1.38836,2.24356e-15
1.39151,2.17582e-15
1.39465,2.10961e-15
1.3978,2.04491e-15
1.40094,1.9817e-15
1.40409,1.91998e-15
1.40723,1.85971e-15
1.41038,1.80089e-15
1.41352,1.7435e-15
1.41667,1.68753e-15
1.41981,1.63294e-15
1.42296,1.57973e-15
1.4261,1.52788e-15
1.42925,1.47736e-15
1.43239,1.42816e-15
1.43553,1.38026e-15
1.43868,1.33364e-15
1.44182,1.28827e-15
1.44497,1.24413e-15
1.44811,1.20122e-15
1.45126,1.15949e-15
1.4544,1.11894e-15
1.45755,1.07954e-15
1.46069,1.04127e-15
1.46384,1.00411e-15
1.46698,9.68032e-16
1.47013,9.33023e-16
1.47327,8.99057e-16
1.47642,8.66114e-16
1.47956,8.34171e-16
1.4827,8.03208e-16
1.48585,7.73203e-16
1.48899,7.44135e-16
1.49214,7.15982e-16
1.49528,6.88725e-16
1.49843,6.62341e-16
1.50157,6.36811e-16
1.50472,6.12113e-16
1.50786,5.88228e-16
1.51101,5.65135e-16
1.51415,5.42815e-16
1.5173,5.21247e-16
1.52044,5.00412e-16
1.52358,4.80292e-16
1.52673,4.60866e-16
1.52987,4.42117e-16
1.53302,4.24026e-16
1.53616,4.06574e-16
1.53931,3.89744e-16
1.54245,3.73519e-16
1.5456,3.57881e-16
1.54874,3.42812e-16
1.55189,3.28297e-16
1.55503,3.14319e-16
1.55818,3.00862e-16
1.56132,2.87909e-16
1.56447,2.75446e-16
1.56761,2.63458e-16
1.57075,2.51929e-16
1.5739,2.40845e-16
1.57704,2.30191e-16
1.58019,2.19955e-16
1.58333,2.10121e-16
1.58648,2.00678e-16
1.58962,1.91612e-16
1.59277,1.8291e-16
1.59591,1.7456e-16
1.59906,1.6655e-16
1.6022,1.58869e-16
1.60535,1.51504e-16
1.60849,1.44445e-16
1.61164,1.37681e-16
1.61478,1.31201e-16
1.61792,1.24995e-16
1.62107,1.19053e-16
1.62421,1.13366e-16
1.62736,1.07924e-16
1.6305,1.02717e-16
1.63365,9.77378e-17
1.63679,9.29768e-17
1.63994,8.84258e-17
1.64308,8.40768e-17
1.64623,7.99219e-17
1.64937,7.59536e-17
1.65252,7.21645e-17
1.65566,6.85474e-17
1.65881,6.50956e-17
1.66195,6.18023e-17
1.66509,5.86611e-17
1.66824,5.56658e-17
1.67138,5.28104e-17
1.67453,5.0089e-17
1.67767,4.74962e-17
1.68082,4.50264e-17
1.68396,4.26746e-17
1.68711,4.04355e-17
1.69025,3.83045e-17
1.6934,3.62768e-17
1.69654,3.4348e-17
1.69969,3.25136e-17
1.70283,3.07697e-17
1.70597,2.9112e-17
1.70912,2.75369e-17
1.71226,2.60406e-17
1.71541,2.46194e-17
1.71855,2.32701e-17
1.7217,2.19893e-17
1.72484,2.07738e-17
1.72799,1.96207e-17
1.73113,1.8527e-17
1.73428,1.749e-17
1.73742,1.65069e-17
1.74057,1.55752e-17
1.74371,1.46925e-17
1.74686,1.38564e-17
1.75,1.30646e-17
1.75314,1.2315e-17
1.75629,1.16056e-17
1.75943,1.09343e-17
1.76258,1.02994e-17
1.76572,9.69884e-18
1.76887,9.13108e-18
1.77201,8.59444e-18
1.77516,8.08733e-18
1.7783,7.60826e-18
1.78145,7.15581e-18
1.78459,6.72859e-18
1.78774,6.32532e-18
1.79088,5.94475e-18
1.79403,5.58569e-18
1.79717,5.24703e-18
1.80031,4.92767e-18
1.80346,4.62662e-18
1.8066,4.34288e-18
1.80975,4.07553e-18
1.81289,3.8237e-18
1.81604,3.58654e-18
1.81918,3.36326e-18
1.82233,3.1531e-18
1.82547,2.95534e-18
1.82862,2.7693e-18
1.83176,2.59433e-18
1.83491,2.42981e-18
1.83805,2.27517e-18
1.84119,2.12984e-18
1.84434,1.9933e-18
1.84748,1.86505e-18
1.85063,1.74462e-18
1.85377,1.63157e-18
1.85692,1.52546e-18
1.86006,1.4259e-18
1.86321,1.33251e-18
1.86635,1.24493e-18
1.8695,1.16282e-18
1.87264,1.08585e-18
1.87579,1.01373e-18
1.87893,9.46169e-19
1.88208,8.82888e-19
1.88522,8.23637e-19
1.88836,7.68172e-19
1.89151,7.16265e-19
1.89465,6.677e-19
1.8978,6.22274e-19
1.90094,5.79796e-19
1.90409,5.40083e-19
1.90723,5.02966e-19
1.91038,4.68285e-19
1.91352,4.35887e-19
1.91667,4.0563e-19
1.91981,3.7738e-19
1.92296,3.51011e-19
1.9261,3.26403e-19
1.92925,3.03446e-19
1.93239,2.82033e-19
1.93553,2.62067e-19
1.93868,2.43454e-19
1.94182,2.26107e-19
1.94497,2.09945e-19
1.94811,1.94889e-19
1.95126,1.80868e-19
1.9544,1.67815e-19
1.95755,1.55665e-19
1.96069,1.44359e-19
1.96384,1.33841e-19
1.96698,1.24059e-19
1.97013,1.14963e-19
1.97327,1.06508e-19
1.97642,9.86504e-20
1.97956,9.13499e-20
1.9827,8.45687e-20
1.98585,7.82715e-20
1.98899,7.24253e-20
1.99214,6.69992e-20
1.99528,6.19644e-20
1.99843,5.72937e-20
