0.00105485,5.65582e-20
0.00316456,5.96147e-20
0.00527426,6.28293e-20
0.00738397,6.62099e-20
0.00949367,6.97647e-20
0.0116034,7.35021e-20
0.0137131,7.74312e-20
0.0158228,8.15612e-20
0.0179325,8.59019e-20
0.0200422,9.04635e-20
0.0221519,9.52568e-20
0.0242616,1.00293e-19
0.0263713,1.05584e-19
0.028481,1.11141e-19
0.0305907,1.16978e-19
0.0327004,1.23107e-19
0.0348101,1.29544e-19
0.0369198,1.36302e-19
0.0390295,1.43396e-19
0.0411392,1.50843e-19
0.0432489,1.58659e-19
0.0453586,1.66861e-19
0.0474684,1.75468e-19
0.0495781,1.84498e-19
0.0516878,1.93972e-19
0.0537975,2.03909e-19
0.0559072,2.14331e-19
0.0580169,2.25261e-19
0.0601266,2.36722e-19
0.0622363,2.48739e-19
0.064346,2.61336e-19
0.0664557,2.74541e-19
0.0685654,2.88381e-19
0.0706751,3.02885e-19
0.0727848,3.18083e-19
0.0748945,3.34007e-19
0.0770042,3.50688e-19
0.0791139,3.68162e-19
0.0812236,3.86464e-19
0.0833333,4.0563e-19
0.085443,4.25699e-19
0.0875527,4.46712e-19
0.0896624,4.68709e-19
0.0917722,4.91735e-19
0.0938819,5.15835e-19
0.0959916,5.41056e-19
0.0981013,5.67446e-19
0.100211,5.95058e-19
0.102321,6.23944e-19
0.10443,6.5416e-19
0.10654,6.85762e-19
0.10865,7.18811e-19
0.110759,7.53369e-19
0.112869,7.895e-19
0.114979,8.27272e-19
0.117089,8.66755e-19
0.119198,9.08021e-19
0.121308,9.51146e-19
0.123418,9.96209e-19
0.125527,1.04329e-18
0.127637,1.09247e-18
0.129747,1.14385e-18
0.131857,1.19751e-18
0.133966,1.25355e-18
0.136076,1.31206e-18
0.138186,1.37315e-18
0.140295,1.43693e-18
0.142405,1.5035e-18
0.144515,1.57298e-18
0.146624,1.64549e-18
0.148734,1.72114e-18
0.150844,1.80008e-18
0.152954,1.88243e-18
0.155063,1.96832e-18
0.157173,2.05791e-18
0.159283,2.15133e-18
0.161392,2.24875e-18
0.163502,2.35031e-18
0.165612,2.45619e-18
0.167722,2.56655e-18
0.169831,2.68158e-18
0.171941,2.80144e-18
0.174051,2.92634e-18
0.17616,3.05647e-18
0.17827,3.19203e-18
0.18038,3.33323e-18
0.182489,3.48028e-18
0.184599,3.63343e-18
0.186709,3.79288e-18
0.188819,3.9589e-18
0.190928,4.13172e-18
0.193038,4.31161e-18
0.195148,4.49883e-18
0.197257,4.69365e-18
0.199367,4.89637e-18
0.201477,5.10728e-18
0.203586,5.32667e-18
0.205696,5.55488e-18
0.207806,5.79221e-18
0.209916,6.03902e-18
0.212025,6.29563e-18
0.214135,6.56243e-18
0.216245,6.83977e-18
0.218354,7.12803e-18
0.220464,7.42762e-18
0.222574,7.73894e-18
0.224684,8.06241e-18
0.226793,8.39847e-18
0.228903,8.74756e-18
0.231013,9.11014e-18
0.233122,9.48671e-18
0.235232,9.87773e-18
0.237342,1.02837e-17
0.239451,1.07052e-17
0.241561,1.11428e-17
0.243671,1.15969e-17
0.245781,1.20682e-17
0.24789,1.25572e-17
0.25,1.30646e-17
0.25211,1.3591e-17
0.254219,1.41371e-17
0.256329,1.47034e-17
0.258439,1.52907e-17
0.260549,1.58997e-17
0.262658,1.65312e-17
0.264768,1.71857e-17
0.266878,1.78643e-17
0.268987,1.85675e-17
0.271097,1.92963e-17
0.273207,2.00515e-17
0.275316,2.08339e-17
0.277426,2.16444e-17
0.279536,2.24839e-17
0.281646,2.33534e-17
0.283755,2.42539e-17
0.285865,2.51862e-17
0.287975,2.61515e-17
0.290084,2.71508e-17
0.292194,2.81851e-17
0.294304,2.92555e-17
0.296414,3.03633e-17
0.298523,3.15094e-17
0.300633,3.26952e-17
0.302743,3.39219e-17
0.304852,3.51906e-17
0.306962,3.65027e-17
0.309072,3.78596e-17
0.311181,3.92625e-17
0.313291,4.07129e-17
0.315401,4.22121e-17
0.317511,4.37617e-17
0.31962,4.53632e-17
0.32173,4.7018e-17
0.32384,4.87277e-17
0.325949,5.0494e-17
0.328059,5.23185e-17
0.330169,5.42029e-17
0.332278,5.61489e-17
0.334388,5.81583e-17
0.336498,6.0233e-17
0.338608,6.23746e-17
0.340717,6.45853e-17
0.342827,6.68669e-17
0.344937,6.92213e-17
0.347046,7.16507e-17
0.349156,7.41571e-17
0.351266,7.67426e-17
0.353376,7.94095e-17
0.355485,8.21598e-17
0.357595,8.4996e-17
0.359705,8.79203e-17
0.361814,9.09351e-17
0.363924,9.40428e-17
0.366034,9.72459e-17
0.368143,1.00547e-16
0.370253,1.03948e-16
0.372363,1.07453e-16
0.374473,1.11063e-16
0.376582,1.14782e-16
0.378692,1.18613e-16
0.380802,1.22557e-16
0.382911,1.26618e-16
0.385021,1.308e-16
0.387131,1.35105e-16
0.389241,1.39535e-16
0.39135,1.44095e-16
0.39346,1.48788e-16
0.39557,1.53616e-16
0.397679,1.58583e-16
0.399789,1.63693e-16
0.401899,1.68948e-16
0.404008,1.74353e-16
0.406118,1.79911e-16
0.408228,1.85625e-16
0.410338,1.915e-16
0.412447,1.97538e-16
0.414557,2.03744e-16
0.416667,2.10121e-16
0.418776,2.16675e-16
0.420886,2.23407e-16
0.422996,2.30323e-16
0.425105,2.37427e-16
0.427215,2.44723e-16
0.429325,2.52215e-16
0.431435,2.59907e-16
0.433544,2.67804e-16
0.435654,2.75911e-16
0.437764,2.84231e-16
0.439873,2.92769e-16
0.441983,3.01531e-16
0.444093,3.1052e-16
0.446203,3.19741e-16
0.448312,3.292e-16
0.450422,3.38901e-16
0.452532,3.48849e-16
0.454641,3.59048e-16
0.456751,3.69505e-16
0.458861,3.80224e-16
0.46097,3.91211e-16
0.46308,4.0247e-16
0.46519,4.14008e-16
0.4673,4.25828e-16
0.469409,4.37938e-16
0.471519,4.50341e-16
0.473629,4.63045e-16
0.475738,4.76053e-16
0.477848,4.89373e-16
0.479958,5.0301e-16
0.482068,5.16969e-16
0.484177,5.31256e-16
0.486287,5.45877e-16
0.488397,5.60838e-16
0.490506,5.76145e-16
0.492616,5.91805e-16
0.494726,6.07822e-16
0.496835,6.24203e-16
0.498945,6.40954e-16
0.501055,6.58082e-16
0.503165,6.75592e-16
0.505274,6.93491e-16
0.507384,7.11785e-16
0.509494,7.3048e-16
0.511603,7.49583e-16
0.513713,7.691e-16
0.515823,7.89037e-16
0.517932,8.09401e-16
0.520042,8.30198e-16
0.522152,8.51435e-16
0.524262,8.73117e-16
0.526371,8.95253e-16
0.528481,9.17847e-16
0.530591,9.40907e-16
0.5327,9.64439e-16
0.53481,9.88449e-16
0.53692,1.01294e-15
0.53903,1.03793e-15
0.541139,1.06342e-15
0.543249,1.08941e-15
0.545359,1.11591e-15
0.547468,1.14293e-15
0.549578,1.17047e-15
0.551688,1.19854e-15
0.553797,1.22715e-15
0.555907,1.2563e-15
0.558017,1.286e-15
0.560127,1.31626e-15
0.562236,1.34708e-15
0.564346,1.37847e-15
0.566456,1.41043e-15
0.568565,1.44297e-15
0.570675,1.4761e-15
0.572785,1.50982e-15
0.574895,1.54414e-15
0.577004,1.57907e-15
0.579114,1.6146e-15
0.581224,1.65075e-15
0.583333,1.68753e-15
0.585443,1.72493e-15
0.587553,1.76296e-15
0.589662,1.80163e-15
0.591772,1.84094e-15
0.593882,1.88091e-15
0.595992,1.92152e-15
0.598101,1.9628e-15
0.600211,2.00473e-15
0.602321,2.04734e-15
0.60443,2.09062e-15
0.60654,2.13458e-15
0.60865,2.17922e-15
0.610759,2.22454e-15
0.612869,2.27055e-15
0.614979,2.31726e-15
0.617089,2.36467e-15
0.619198,2.41278e-15
0.621308,2.46159e-15
0.623418,2.51111e-15
0.625527,2.56134e-15
0.627637,2.61229e-15
0.629747,2.66395e-15
0.631857,2.71633e-15
0.633966,2.76944e-15
0.636076,2.82326e-15
0.638186,2.87782e-15
0.640295,2.9331e-15
0.642405,2.98911e-15
0.644515,3.04585e-15
0.646624,3.10333e-15
0.648734,3.16153e-15
0.650844,3.22047e-15
0.652954,3.28014e-15
0.655063,3.34055e-15
0.657173,3.40169e-15
0.659283,3.46357e-15
0.661392,3.52617e-15
0.663502,3.58951e-15
0.665612,3.65359e-15
0.667722,3.71839e-15
0.669831,3.78392e-15
0.671941,3.85017e-15
0.674051,3.91715e-15
0.67616,3.98485e-15
0.67827,4.05328e-15
0.68038,4.12241e-15
0.682489,4.19226e-15
0.684599,4.26282e-15
0.686709,4.33409e-15
0.688819,4.40605e-15
0.690928,4.47871e-15
0.693038,4.55207e-15
0.695148,4.62611e-15
0.697257,4.70083e-15
0.699367,4.77623e-15
0.701477,4.85229e-15
0.703586,4.92902e-15
0.705696,5.00641e-15
0.707806,5.08444e-15
0.709916,5.16312e-15
0.712025,5.24243e-15
0.714135,5.32236e-15
0.716245,5.40292e-15
0.718354,5.48408e-15
0.720464,5.56584e-15
0.722574,5.6482e-15
0.724684,5.73113e-15
0.726793,5.81464e-15
0.728903,5.8987e-15
0.731013,5.98332e-15
0.733122,6.06847e-15
0.735232,6.15415e-15
0.737342,6.24035e-15
0.739451,6.32704e-15
0.741561,6.41423e-15
0.743671,6.5019e-15
0.745781,6.59003e-15
0.74789,6.67862e-15
0.75,6.76764e-15
0.75211,6.85709e-15
0.754219,6.94694e-15
0.756329,7.03719e-15
0.758439,7.12782e-15
0.760549,7.21881e-15
0.762658,7.31015e-15
0.764768,7.40182e-15
0.766878,7.49381e-15
0.768987,7.58609e-15
0.771097,7.67866e-15
0.773207,7.7715e-15
0.775316,7.86458e-15
0.777426,7.95789e-15
0.779536,8.05141e-15
0.781646,8.14512e-15
0.783755,8.23901e-15
0.785865,8.33305e-15
0.787975,8.42723e-15
0.790084,8.52153e-15
0.792194,8.61592e-15
0.794304,8.71038e-15
0.796414,8.80491e-15
0.798523,8.89947e-15
0.800633,8.99404e-15
0.802743,9.08861e-15
0.804852,9.18315e-15
0.806962,9.27764e-15
0.809072,9.37206e-15
0.811181,9.46638e-15
0.813291,9.5606e-15
0.815401,9.65467e-15
0.817511,9.74859e-15
0.81962,9.84232e-15
0.82173,9.93585e-15
0.82384,1.00292e-14
0.825949,1.01222e-14
0.828059,1.0215e-14
0.830169,1.03075e-14
0.832278,1.03996e-14
0.834388,1.04915e-14
0.836498,1.05829e-14
0.838608,1.0674e-14
0.840717,1.07646e-14
0.842827,1.08548e-14
0.844937,1.09446e-14
0.847046,1.10338e-14
0.849156,1.11226e-14
0.851266,1.12108e-14
0.853376,1.12985e-14
0.855485,1.13856e-14
0.857595,1.1472e-14
0.859705,1.15579e-14
0.861814,1.16431e-14
0.863924,1.17276e-14
0.866034,1.18114e-14
0.868143,1.18945e-14
0.870253,1.19768e-14
0.872363,1.20584e-14
0.874473,1.21392e-14
0.876582,1.22191e-14
0.878692,1.22983e-14
0.880802,1.23765e-14
0.882911,1.24539e-14
0.885021,1.25303e-14
0.887131,1.26058e-14
0.889241,1.26804e-14
0.89135,1.2754e-14
0.89346,1.28266e-14
0.89557,1.28981e-14
0.897679,1.29686e-14
0.899789,1.30381e-14
0.901899,1.31064e-14
0.904008,1.31737e-14
0.906118,1.32398e-14
0.908228,1.33048e-14
0.910338,1.33686e-14
0.912447,1.34312e-14
0.914557,1.34927e-14
0.916667,1.35529e-14
0.918776,1.36118e-14
0.920886,1.36695e-14
0.922996,1.37259e-14
0.925105,1.3781e-14
0.927215,1.38347e-14
0.929325,1.38872e-14
0.931435,1.39383e-14
0.933544,1.3988e-14
0.935654,1.40363e-14
0.937764,1.40832e-14
0.939873,1.41288e-14
0.941983,1.41728e-14
0.944093,1.42155e-14
0.946203,1.42567e-14
0.948312,1.42964e-14
0.950422,1.43346e-14
0.952532,1.43714e-14
0.954641,1.44066e-14
0.956751,1.44403e-14
0.958861,1.44725e-14
0.96097,1.45031e-14
0.96308,1.45322e-14
0.96519,1.45597e-14
0.9673,1.45856e-14
0.969409,1.461e-14
0.971519,1.46328e-14
0.973629,1.46539e-14
0.975738,1.46735e-14
0.977848,1.46915e-14
0.979958,1.47078e-14
0.982068,1.47226e-14
0.984177,1.47357e-14
0.986287,1.47472e-14
0.988397,1.4757e-14
0.990506,1.47652e-14
0.992616,1.47718e-14
0.994726,1.47767e-14
0.996835,1.478e-14
0.998945,1.47817e-14
1.00105,1.47817e-14
1.00316,1.478e-14
1.00527,1.47767e-14
1.00738,1.47718e-14
1.00949,1.47652e-14
1.0116,1.4757e-14
1.01371,1.47472e-14
1.01582,1.47357e-14
1.01793,1.47226e-14
1.02004,1.47078e-14
1.02215,1.46915e-14
1.02426,1.46735e-14
1.02637,1.46539e-14
1.02848,1.46328e-14
1.03059,1.461e-14
1.0327,1.45856e-14
1.03481,1.45597e-14
1.03692,1.45322e-14
1.03903,1.45031e-14
1.04114,1.44725e-14
1.04325,1.44403e-14
1.04536,1.44066e-14
1.04747,1.43714e-14
1.04958,1.43346e-14
1.05169,1.42964e-14
1.0538,1.42567e-14
1.05591,1.42155e-14
1.05802,1.41728e-14
1.06013,1.41288e-14
1.06224,1.40832e-14
1.06435,1.40363e-14
1.06646,1.3988e-14
1.06857,1.39383e-14
1.07068,1.38872e-14
1.07278,1.38347e-14
1.07489,1.3781e-14
1.077,1.37259e-14
1.07911,1.36695e-14
1.08122,1.36118e-14
1.08333,1.35529e-14
1.08544,1.34927e-14
1.08755,1.34312e-14
1.08966,1.33686e-14
1.09177,1.33048e-14
1.09388,1.32398e-14
1.09599,1.31737e-14
1.0981,1.31064e-14
1.10021,1.30381e-14
1.10232,1.29686e-14
1.10443,1.28981e-14
1.10654,1.28266e-14
1.10865,1.2754e-14
1.11076,1.26804e-14
1.11287,1.26058e-14
1.11498,1.25303e-14
1.11709,1.24539e-14
1.1192,1.23765e-14
1.12131,1.22983e-14
1.12342,1.22191e-14
1.12553,1.21392e-14
1.12764,1.20584e-14
1.12975,1.19768e-14
1.13186,1.18945e-14
1.13397,1.18114e-14
1.13608,1.17276e-14
1.13819,1.16431e-14
1.1403,1.15579e-14
1.14241,1.1472e-14
1.14451,1.13856e-14
1.14662,1.12985e-14
1.14873,1.12108e-14
1.15084,1.11226e-14
1.15295,1.10338e-14
1.15506,1.09446e-14
1.15717,1.08548e-14
1.15928,1.07646e-14
1.16139,1.0674e-14
1.1635,1.05829e-14
1.16561,1.04915e-14
1.16772,1.03996e-14
1.16983,1.03075e-14
1.17194,1.0215e-14
1.17405,1.01222e-14
1.17616,1.00292e-14
1.17827,9.93585e-15
1.18038,9.84232e-15
1.18249,9.74859e-15
1.1846,9.65467e-15
1.18671,9.5606e-15
1.18882,9.46638e-15
1.19093,9.37206e-15
1.19304,9.27764e-15
1.19515,9.18315e-15
1.19726,9.08861e-15
1.19937,8.99404e-15
1.20148,8.89947e-15
1.20359,8.80491e-15
1.2057,8.71038e-15
1.20781,8.61592e-15
1.20992,8.52153e-15
1.21203,8.42723e-15
1.21414,8.33305e-15
1.21624,8.23901e-15
1.21835,8.14512e-15
1.22046,8.05141e-15
1.22257,7.95789e-15
1.22468,7.86458e-15
1.22679,7.7715e-15
1.2289,7.67866e-15
1.23101,7.58609e-15
1.23312,7.49381e-15
1.23523,7.40182e-15
1.23734,7.31015e-15
1.23945,7.21881e-15
1.24156,7.12782e-15
1.24367,7.03719e-15
1.24578,6.94694e-15
1.24789,6.85709e-15
1.25,6.76764e-15
1.25211,6.67862e-15
1.25422,6.59003e-15
1.25633,6.5019e-15
1.25844,6.41423e-15
1.26055,6.32704e-15
1.26266,6.24035e-15
1.26477,6.15415e-15
1.26688,6.06847e-15
1.26899,5.98332e-15
1.2711,5.8987e-15
1.27321,5.81464e-15
1.27532,5.73113e-15
1.27743,5.6482e-15
1.27954,5.56584e-15
1.28165,5.48408e-15
1.28376,5.40292e-15
1.28586,5.32236e-15
1.28797,5.24243e-15
1.29008,5.16312e-15
1.29219,5.08444e-15
1.2943,5.00641e-15
1.29641,4.92902e-15
1.29852,4.85229e-15
1.30063,4.77623e-15
1.30274,4.70083e-15
1.30485,4.62611e-15
1.30696,4.55207e-15
1.30907,4.47871e-15
1.31118,4.40605e-15
1.31329,4.33409e-15
1.3154,4.26282e-15
1.31751,4.19226e-15
1.31962,4.12241e-15
1.32173,4.05328e-15
1.32384,3.98485e-15
1.32595,3.91715e-15
1.32806,3.85017e-15
1.33017,3.78392e-15
1.33228,3.71839e-15
1.33439,3.65359e-15
1.3365,3.58951e-15
1.33861,3.52617e-15
1.34072,3.46357e-15
1.34283,3.40169e-15
1.34494,3.34055e-15
1.34705,3.28014e-15
1.34916,3.22047e-15
1.35127,3.16153e-15
1.35338,3.10333e-15
1.35549,3.04585e-15
1.35759,2.98911e-15
1.3597,2.9331e-15
1.36181,2.87782e-15
1.36392,2.82326e-15
1.36603,2.76944e-15
1.36814,2.71633e-15
1.37025,2.66395e-15
1.37236,2.61229e-15
1.37447,2.56134e-15
1.37658,2.51111e-15
1.37869,2.46159e-15
1.3808,2.41278e-15
1.38291,2.36467e-15
1.38502,2.31726e-15
1.38713,2.27055e-15
1.38924,2.22454e-15
1.39135,2.17922e-15
1.39346,2.13458e-15
1.39557,2.09062e-15
1.39768,2.04734e-15
1.39979,2.00473e-15
1.4019,1.9628e-15
1.40401,1.92152e-15
1.40612,1.88091e-15
1.40823,1.84094e-15
1.41034,1.80163e-15
1.41245,1.76296e-15
1.41456,1.72493e-15
1.41667,1.68753e-15
1.41878,1.65075e-15
1.42089,1.6146e-15
1.423,1.57907e-15
1.42511,1.54414e-15
1.42722,1.50982e-15
1.42932,1.4761e-15
1.43143,1.44297e-15
1.43354,1.41043e-15
1.43565,1.37847e-15
1.43776,1.34708e-15
1.43987,1.31626e-15
1.44198,1.286e-15
1.44409,1.2563e-15
1.4462,1.22715e-15
1.44831,1.19854e-15
1.45042,1.17047e-15
1.45253,1.14293e-15
1.45464,1.11591e-15
1.45675,1.08941e-15
1.45886,1.06342e-15
1.46097,1.03793e-15
1.46308,1.01294e-15
1.46519,9.88449e-16
1.4673,9.64439e-16
1.46941,9.40907e-16
1.47152,9.17847e-16
1.47363,8.95253e-16
1.47574,8.73117e-16
1.47785,8.51435e-16
1.47996,8.30198e-16
1.48207,8.09401e-16
1.48418,7.89037e-16
1.48629,7.691e-16
1.4884,7.49583e-16
1.49051,7.3048e-16
1.49262,7.11785e-16
1.49473,6.93491e-16
1.49684,6.75592e-16
1.49895,6.58082e-16
1.50105,6.40954e-16
1.50316,6.24203e-16
1.50527,6.07822e-16
1.50738,5.91805e-16
1.50949,5.76145e-16
1.5116,5.60838e-16
1.51371,5.45877e-16
1.51582,5.31256e-16
1.51793,5.16969e-16
1.52004,5.0301e-16
1.52215,4.89373e-16
1.52426,4.76053e-16
1.52637,4.63045e-16
1.52848,4.50341e-16
1.53059,4.37938e-16
1.5327,4.25828e-16
1.53481,4.14008e-16
1.53692,4.0247e-16
1.53903,3.91211e-16
1.54114,3.80224e-16
1.54325,3.69505e-16
1.54536,3.59048e-16
1.54747,3.48849e-16
1.54958,3.38901e-16
1.55169,3.292e-16
1.5538,3.19741e-16
1.55591,3.1052e-16
1.55802,3.01531e-16
1.56013,2.92769e-16
1.56224,2.84231e-16
1.56435,2.75911e-16
1.56646,2.67804e-16
1.56857,2.59907e-16
1.57068,2.52215e-16
1.57278,2.44723e-16
1.57489,2.37427e-16
1.577,2.30323e-16
1.57911,2.23407e-16
1.58122,2.16675e-16
1.58333,2.10121e-16
1.58544,2.03744e-16
1.58755,1.97538e-16
1.58966,1.915e-16
1.59177,1.85625e-16
1.59388,1.79911e-16
1.59599,1.74353e-16
1.5981,1.68948e-16
1.60021,1.63693e-16
1.60232,1.58583e-16
1.60443,1.53616e-16
1.60654,1.48788e-16
1.60865,1.44095e-16
1.61076,1.39535e-16
1.61287,1.35105e-16
1.61498,1.308e-16
1.61709,1.26618e-16
1.6192,1.22557e-16
1.62131,1.18613e-16
1.62342,1.14782e-16
1.62553,1.11063e-16
1.62764,1.07453e-16
1.62975,1.03948e-16
1.63186,1.00547e-16
1.63397,9.72459e-17
1.63608,9.40428e-17
1.63819,9.09351e-17
1.6403,8.79203e-17
1.64241,8.4996e-17
1.64451,8.21598e-17
1.64662,7.94095e-17
1.64873,7.67426e-17
1.65084,7.41571e-17
1.65295,7.16507e-17
1.65506,6.92213e-17
1.65717,6.68669e-17
1.65928,6.45853e-17
1.66139,6.23746e-17
1.6635,6.0233e-17
1.66561,5.81583e-17
1.66772,5.61489e-17
1.66983,5.42029e-17
1.67194,5.23185e-17
1.67405,5.0494e-17
1.67616,4.87277e-17
1.67827,4.7018e-17
1.68038,4.53632e-17
1.68249,4.37617e-17
1.6846,4.22121e-17
1.68671,4.07129e-17
1.68882,3.92625e-17
1.69093,3.78596e-17
1.69304,3.65027e-17
1.69515,3.51906e-17
1.69726,3.39219e-17
1.69937,3.26952e-17
1.70148,3.15094e-17
1.70359,3.03633e-17
1.7057,2.92555e-17
1.70781,2.81851e-17
1.70992,2.71508e-17
1.71203,2.61515e-17
1.71414,2.51862e-17
1.71624,2.42539e-17
1.71835,2.33534e-17
1.72046,2.24839e-17
1.72257,2.16444e-17
1.72468,2.08339e-17
1.72679,2.00515e-17
1.7289,1.92963e-17
1.73101,1.85675e-17
1.73312,1.78643e-17
1.73523,1.71857e-17
1.73734,1.65312e-17
1.73945,1.58997e-17
1.74156,1.52907e-17
1.74367,1.47034e-17
1.74578,1.41371e-17
1.74789,1.3591e-17
1.75,1.30646e-17
1.75211,1.25572e-17
1.75422,1.20682e-17
1.75633,1.15969e-17
1.75844,1.11428e-17
1.76055,1.07052e-17
1.76266,1.02837e-17
1.76477,9.87773e-18
1.76688,9.48671e-18
1.76899,9.11014e-18
1.7711,8.74756e-18
1.77321,8.39847e-18
1.77532,8.06241e-18
1.77743,7.73894e-18
1.77954,7.42762e-18
1.78165,7.12803e-18
1.78376,6.83977e-18
1.78586,6.56243e-18
1.78797,6.29563e-18
1.79008,6.03902e-18
1.79219,5.79221e-18
1.7943,5.55488e-18
1.79641,5.32667e-18
1.79852,5.10728e-18
1.80063,4.89637e-18
1.80274,4.69365e-18
1.80485,4.49883e-18
1.80696,4.31161e-18
1.80907,4.13172e-18
1.81118,3.9589e-18
1.81329,3.79288e-18
1.8154,3.63343e-18
1.81751,3.48028e-18
1.81962,3.33323e-18
1.82173,3.19203e-18
1.82384,3.05647e-18
1.82595,2.92634e-18
1.82806,2.80144e-18
1.83017,2.68158e-18
1.83228,2.56655e-18
1.83439,2.45619e-18
1.8365,2.35031e-18
1.83861,2.24875e-18
1.84072,2.15133e-18
1.84283,2.05791e-18
1.84494,1.96832e-18
1.84705,1.88243e-18
1.84916,1.80008e-18
1.85127,1.72114e-18
1.85338,1.64549e-18
1.85549,1.57298e-18
1.85759,1.5035e-18
1.8597,1.43693e-18
1.86181,1.37315e-18
1.86392,1.31206e-18
1.86603,1.25355e-18
1.86814,1.19751e-18
1.87025,1.14385e-18
1.87236,1.09247e-18
1.87447,1.04329e-18
1.87658,9.96209e-19
1.87869,9.51146e-19
1.8808,9.08021e-19
1.88291,8.66755e-19
1.88502,8.27272e-19
1.88713,7.895e-19
1.88924,7.53369e-19
1.89135,7.18811e-19
1.89346,6.85762e-19
1.89557,6.5416e-19
1.89768,6.23944e-19
1.89979,5.95058e-19
1.9019,5.67446e-19
1.90401,5.41056e-19
1.90612,5.15835e-19
1.90823,4.91735e-19
1.91034,4.68709e-19
1.91245,4.46712e-19
1.91456,4.25699e-19
1.91667,4.0563e-19
1.91878,3.86464e-19
1.92089,3.68162e-19
1.923,3.50688e-19
1.92511,3.34007e-19
1.92722,3.18083e-19
1.92932,3.02885e-19
1.93143,2.88381e-19
1.93354,2.74541e-19
1.93565,2.61336e-19
1.93776,2.48739e-19
1.93987,2.36722e-19
1.94198,2.25261e-19
1.94409,2.14331e-19
1.9462,2.03909e-19
1.94831,1.93972e-19
1.95042,1.84498e-19
1.95253,1.75468e-19
1.95464,1.66861e-19
1.95675,1.58659e-19
1.95886,1.50843e-19
1.96097,1.43396e-19
1.96308,1.36302e-19
1.96519,1.29544e-19
1.9673,1.23107e-19
1.96941,1.16978e-19
1.97152,1.11141e-19
1.97363,1.05584e-19
1.97574,1.00293e-19
1.97785,9.52568e-20
1.97996,9.04635e-20
1.98207,8.59019e-20
1.98418,8.15612e-20
1.98629,7.74312e-20
1.9884,7.35021e-20
1.99051,6.97647e-20
1.99262,6.62099e-20
1.99473,6.28293e-20
1.99684,5.96147e-20
1.99895,5.65582e-20
