0.00124224,5.68235e-20
0.00372671,6.04555e-20
0.00621118,6.43097e-20
0.00869565,6.83991e-20
0.0111801,7.27373e-20
0.0136646,7.73387e-20
0.0161491,8.22185e-20
0.0186335,8.73927e-20
0.021118,9.28782e-20
0.0236025,9.86928e-20
0.026087,1.04855e-19
0.0285714,1.11385e-19
0.0310559,1.18304e-19
0.0335404,1.25632e-19
0.0360248,1.33395e-19
0.0385093,1.41615e-19
0.0409938,1.50318e-19
0.0434783,1.59531e-19
0.0459627,1.69283e-19
0.0484472,1.79604e-19
0.0509317,1.90524e-19
0.0534161,2.02077e-19
0.0559006,2.14298e-19
0.0583851,2.27223e-19
0.0608696,2.4089e-19
0.063354,2.55339e-19
0.0658385,2.70614e-19
0.068323,2.86758e-19
0.0708075,3.03818e-19
0.0732919,3.21843e-19
0.0757764,3.40886e-19
0.0782609,3.60999e-19
0.0807453,3.8224e-19
0.0832298,4.04669e-19
0.0857143,4.28347e-19
0.0881988,4.53341e-19
0.0906832,4.79719e-19
0.0931677,5.07554e-19
0.0956522,5.36921e-19
0.0981366,5.67899e-19
0.100621,6.00572e-19
0.103106,6.35027e-19
0.10559,6.71356e-19
0.108075,7.09652e-19
0.110559,7.50018e-19
0.113043,7.92557e-19
0.115528,8.3738e-19
0.118012,8.84601e-19
0.120497,9.34341e-19
0.122981,9.86726e-19
0.125466,1.04189e-18
0.12795,1.09996e-18
0.130435,1.16109e-18
0.132919,1.22543e-18
0.135404,1.29314e-18
0.137888,1.36438e-18
0.140373,1.43932e-18
0.142857,1.51814e-18
0.145342,1.60103e-18
0.147826,1.68818e-18
0.150311,1.77981e-18
0.152795,1.87612e-18
0.15528,1.97733e-18
0.157764,2.08369e-18
0.160248,2.19542e-18
0.162733,2.31279e-18
0.165217,2.43606e-18
0.167702,2.56551e-18
0.170186,2.70141e-18
0.172671,2.84407e-18
0.175155,2.99381e-18
0.17764,3.15095e-18
0.180124,3.31582e-18
0.182609,3.48878e-18
0.185093,3.67019e-18
0.187578,3.86044e-18
0.190062,4.05993e-18
0.192547,4.26907e-18
0.195031,4.48828e-18
0.197516,4.71803e-18
0.2,4.95877e-18
0.202484,5.21099e-18
0.204969,5.4752e-18
0.207453,5.75191e-18
0.209938,6.04167e-18
0.212422,6.34506e-18
0.214907,6.66265e-18
0.217391,6.99505e-18
0.219876,7.34291e-18
0.22236,7.70688e-18
0.224845,8.08764e-18
0.227329,8.4859e-18
0.229814,8.9024e-18
0.232298,9.3379e-18
0.234783,9.79319e-18
0.237267,1.02691e-17
0.239752,1.07665e-17
0.242236,1.12862e-17
0.24472,1.18292e-17
0.247205,1.23964e-17
0.249689,1.29887e-17
0.252174,1.36073e-17
0.254658,1.42532e-17
0.257143,1.49274e-17
0.259627,1.56311e-17
0.262112,1.63654e-17
0.264596,1.71316e-17
0.267081,1.79309e-17
0.269565,1.87646e-17
0.27205,1.9634e-17
0.274534,2.05405e-17
0.277019,2.14856e-17
0.279503,2.24707e-17
0.281988,2.34973e-17
0.284472,2.4567e-17
0.286957,2.56815e-17
0.289441,2.68424e-17
0.291925,2.80514e-17
0.29441,2.93104e-17
0.296894,3.06211e-17
0.299379,3.19855e-17
0.301863,3.34056e-17
0.304348,3.48833e-17
0.306832,3.64208e-17
0.309317,3.80201e-17
0.311801,3.96836e-17
0.314286,4.14135e-17
0.31677,4.32121e-17
0.319255,4.50819e-17
0.321739,4.70253e-17
0.324224,4.90449e-17
0.326708,5.11434e-17
0.329193,5.33234e-17
0.331677,5.55877e-17
0.334161,5.79393e-17
0.336646,6.03811e-17
0.33913,6.2916e-17
0.341615,6.55472e-17
0.344099,6.8278e-17
0.346584,7.11115e-17
0.349068,7.40512e-17
0.351553,7.71006e-17
0.354037,8.02631e-17
0.356522,8.35424e-17
0.359006,8.69423e-17
0.361491,9.04666e-17
0.363975,9.41193e-17
0.36646,9.79043e-17
0.368944,1.01826e-16
0.371429,1.05888e-16
0.373913,1.10095e-16
0.376398,1.14452e-16
0.378882,1.18963e-16
0.381366,1.23633e-16
0.383851,1.28466e-16
0.386335,1.33467e-16
0.38882,1.38642e-16
0.391304,1.43995e-16
0.393789,1.49532e-16
0.396273,1.55257e-16
0.398758,1.61177e-16
0.401242,1.67297e-16
0.403727,1.73623e-16
0.406211,1.8016e-16
0.408696,1.86914e-16
0.41118,1.93891e-16
0.413665,2.01098e-16
0.416149,2.08541e-16
0.418634,2.16225e-16
0.421118,2.24158e-16
0.423602,2.32347e-16
0.426087,2.40797e-16
0.428571,2.49517e-16
0.431056,2.58512e-16
0.43354,2.6779e-16
0.436025,2.77358e-16
0.438509,2.87223e-16
0.440994,2.97394e-16
0.443478,3.07878e-16
0.445963,3.18681e-16
0.448447,3.29813e-16
0.450932,3.41281e-16
0.453416,3.53094e-16
0.455901,3.65259e-16
0.458385,3.77784e-16
0.46087,3.90679e-16
0.463354,4.03952e-16
0.465839,4.17611e-16
0.468323,4.31666e-16
0.470807,4.46125e-16
0.473292,4.60996e-16
0.475776,4.7629e-16
0.478261,4.92016e-16
0.480745,5.08182e-16
0.48323,5.24799e-16
0.485714,5.41875e-16
0.488199,5.5942e-16
0.490683,5.77445e-16
0.493168,5.95958e-16
0.495652,6.1497e-16
0.498137,6.34491e-16
0.500621,6.5453e-16
0.503106,6.75097e-16
0.50559,6.96204e-16
0.508075,7.1786e-16
0.510559,7.40075e-16
0.513043,7.6286e-16
0.515528,7.86225e-16
0.518012,8.10181e-16
0.520497,8.34738e-16
0.522981,8.59906e-16
0.525466,8.85697e-16
0.52795,9.1212e-16
0.530435,9.39186e-16
0.532919,9.66907e-16
0.535404,9.95292e-16
0.537888,1.02435e-15
0.540373,1.0541e-15
0.542857,1.08454e-15
0.545342,1.11569e-15
0.547826,1.14756e-15
0.550311,1.18015e-15
0.552795,1.21349e-15
0.55528,1.24757e-15
0.557764,1.28241e-15
0.560248,1.31803e-15
0.562733,1.35442e-15
0.565217,1.3916e-15
0.567702,1.42958e-15
0.570186,1.46837e-15
0.572671,1.50799e-15
0.575155,1.54843e-15
0.57764,1.58971e-15
0.580124,1.63184e-15
0.582609,1.67483e-15
0.585093,1.71868e-15
0.587578,1.76341e-15
0.590062,1.80903e-15
0.592547,1.85554e-15
0.595031,1.90295e-15
0.597516,1.95127e-15
0.6,2.00051e-15
0.602484,2.05068e-15
0.604969,2.10178e-15
0.607453,2.15382e-15
0.609938,2.20681e-15
0.612422,2.26075e-15
0.614907,2.31566e-15
0.617391,2.37153e-15
0.619876,2.42837e-15
0.62236,2.4862e-15
0.624845,2.54501e-15
0.627329,2.60481e-15
0.629814,2.6656e-15
0.632298,2.72739e-15
0.634783,2.79018e-15
0.637267,2.85398e-15
0.639752,2.91878e-15
0.642236,2.9846e-15
0.64472,3.05142e-15
0.647205,3.11927e-15
0.649689,3.18813e-15
0.652174,3.25801e-15
0.654658,3.3289e-15
0.657143,3.40081e-15
0.659627,3.47374e-15
0.662112,3.54769e-15
0.664596,3.62265e-15
0.667081,3.69863e-15
0.669565,3.77561e-15
0.67205,3.85361e-15
0.674534,3.93261e-15
0.677019,4.0126e-15
0.679503,4.0936e-15
0.681988,4.17558e-15
0.684472,4.25855e-15
0.686957,4.3425e-15
0.689441,4.42742e-15
0.691925,4.5133e-15
0.69441,4.60014e-15
0.696894,4.68792e-15
0.699379,4.77665e-15
0.701863,4.8663e-15
0.704348,4.95687e-15
0.706832,5.04835e-15
0.709317,5.14072e-15
0.711801,5.23397e-15
0.714286,5.3281e-15
0.71677,5.42308e-15
0.719255,5.5189e-15
0.721739,5.61554e-15
0.724224,5.713e-15
0.726708,5.81125e-15
0.729193,5.91028e-15
0.731677,6.01007e-15
0.734161,6.11061e-15
0.736646,6.21186e-15
0.73913,6.31382e-15
0.741615,6.41646e-15
0.744099,6.51977e-15
0.746584,6.62371e-15
0.749068,6.72827e-15
0.751553,6.83343e-15
0.754037,6.93917e-15
0.756522,7.04545e-15
0.759006,7.15225e-15
0.761491,7.25956e-15
0.763975,7.36733e-15
0.76646,7.47556e-15
0.768944,7.5842e-15
0.771429,7.69323e-15
0.773913,7.80263e-15
0.776398,7.91236e-15
0.778882,8.0224e-15
0.781366,8.13271e-15
0.783851,8.24327e-15
0.786335,8.35404e-15
0.78882,8.46499e-15
0.791304,8.5761e-15
0.793789,8.68732e-15
0.796273,8.79862e-15
0.798758,8.90998e-15
0.801242,9.02135e-15
0.803727,9.13271e-15
0.806211,9.24401e-15
0.808696,9.35523e-15
0.81118,9.46632e-15
0.813665,9.57726e-15
0.816149,9.688e-15
0.818634,9.79851e-15
0.821118,9.90875e-15
0.823602,1.00187e-14
0.826087,1.01283e-14
0.828571,1.02375e-14
0.831056,1.03463e-14
0.83354,1.04546e-14
0.836025,1.05624e-14
0.838509,1.06697e-14
0.840994,1.07765e-14
0.843478,1.08826e-14
0.845963,1.09881e-14
0.848447,1.10928e-14
0.850932,1.11969e-14
0.853416,1.13002e-14
0.855901,1.14026e-14
0.858385,1.15043e-14
0.86087,1.1605e-14
0.863354,1.17048e-14
0.865839,1.18037e-14
0.868323,1.19015e-14
0.870807,1.19983e-14
0.873292,1.20941e-14
0.875776,1.21887e-14
0.878261,1.22822e-14
0.880745,1.23744e-14
0.88323,1.24655e-14
0.885714,1.25552e-14
0.888199,1.26437e-14
0.890683,1.27308e-14
0.893168,1.28166e-14
0.895652,1.29009e-14
0.898137,1.29838e-14
0.900621,1.30652e-14
0.903106,1.31451e-14
0.90559,1.32234e-14
0.908075,1.33001e-14
0.910559,1.33753e-14
0.913043,1.34487e-14
0.915528,1.35205e-14
0.918012,1.35906e-14
0.920497,1.36589e-14
0.922981,1.37255e-14
0.925466,1.37902e-14
0.92795,1.38532e-14
0.930435,1.39142e-14
0.932919,1.39734e-14
0.935404,1.40306e-14
0.937888,1.4086e-14
0.940373,1.41393e-14
0.942857,1.41907e-14
0.945342,1.424e-14
0.947826,1.42874e-14
0.950311,1.43326e-14
0.952795,1.43758e-14
0.95528,1.44169e-14
0.957764,1.44559e-14
0.960248,1.44928e-14
0.962733,1.45275e-14
0.965217,1.456e-14
0.967702,1.45904e-14
0.970186,1.46186e-14
0.972671,1.46445e-14
0.975155,1.46683e-14
0.97764,1.46898e-14
0.980124,1.47091e-14
0.982609,1.47261e-14
0.985093,1.47409e-14
0.987578,1.47534e-14
0.990062,1.47636e-14
0.992547,1.47716e-14
0.995031,1.47773e-14
0.997516,1.47807e-14
1,1.47819e-14
1.00248,1.47807e-14
1.00497,1.47773e-14
1.00745,1.47716e-14
1.00994,1.47636e-14
1.01242,1.47534e-14
1.01491,1.47409e-14
1.01739,1.47261e-14
1.01988,1.47091e-14
1.02236,1.46898e-14
1.02484,1.46683e-14
1.02733,1.46445e-14
1.02981,1.46186e-14
1.0323,1.45904e-14
1.03478,1.456e-14
1.03727,1.45275e-14
1.03975,1.44928e-14
1.04224,1.44559e-14
1.04472,1.44169e-14
1.0472,1.43758e-14
1.04969,1.43326e-14
1.05217,1.42874e-14
1.05466,1.424e-14
1.05714,1.41907e-14
1.05963,1.41393e-14
1.06211,1.4086e-14
1.0646,1.40306e-14
1.06708,1.39734e-14
1.06957,1.39142e-14
1.07205,1.38532e-14
1.07453,1.37902e-14
1.07702,1.37255e-14
1.0795,1.36589e-14
1.08199,1.35906e-14
1.08447,1.35205e-14
1.08696,1.34487e-14
1.08944,1.33753e-14
1.09193,1.33001e-14
1.09441,1.32234e-14
1.09689,1.31451e-14
1.09938,1.30652e-14
1.10186,1.29838e-14
1.10435,1.29009e-14
1.10683,1.28166e-14
1.10932,1.27308e-14
1.1118,1.26437e-14
1.11429,1.25552e-14
1.11677,1.24655e-14
1.11925,1.23744e-14
1.12174,1.22822e-14
1.12422,1.21887e-14
1.12671,1.20941e-14
1.12919,1.19983e-14
1.13168,1.19015e-14
1.13416,1.18037e-14
1.13665,1.17048e-14
1.13913,1.1605e-14
1.14161,1.15043e-14
1.1441,1.14026e-14
1.14658,1.13002e-14
1.14907,1.11969e-14
1.15155,1.10928e-14
1.15404,1.09881e-14
1.15652,1.08826e-14
1.15901,1.07765e-14
1.16149,1.06697e-14
1.16398,1.05624e-14
1.16646,1.04546e-14
1.16894,1.03463e-14
1.17143,1.02375e-14
1.17391,1.01283e-14
1.1764,1.00187e-14
1.17888,9.90875e-15
1.18137,9.79851e-15
1.18385,9.688e-15
1.18634,9.57726e-15
1.18882,9.46632e-15
1.1913,9.35523e-15
1.19379,9.24401e-15
1.19627,9.13271e-15
1.19876,9.02135e-15
1.20124,8.90998e-15
1.20373,8.79862e-15
1.20621,8.68732e-15
1.2087,8.5761e-15
1.21118,8.46499e-15
1.21366,8.35404e-15
1.21615,8.24327e-15
1.21863,8.13271e-15
1.22112,8.0224e-15
1.2236,7.91236e-15
1.22609,7.80263e-15
1.22857,7.69323e-15
1.23106,7.5842e-15
1.23354,7.47556e-15
1.23602,7.36733e-15
1.23851,7.25956e-15
1.24099,7.15225e-15
1.24348,7.04545e-15
1.24596,6.93917e-15
1.24845,6.83343e-15
1.25093,6.72827e-15
1.25342,6.62371e-15
1.2559,6.51977e-15
1.25839,6.41646e-15
1.26087,6.31382e-15
1.26335,6.21186e-15
1.26584,6.11061e-15
1.26832,6.01007e-15
1.27081,5.91028e-15
1.27329,5.81125e-15
1.27578,5.713e-15
1.27826,5.61554e-15
1.28075,5.5189e-15
1.28323,5.42308e-15
1.28571,5.3281e-15
1.2882,5.23397e-15
1.29068,5.14072e-15
1.29317,5.04835e-15
1.29565,4.95687e-15
1.29814,4.8663e-15
1.30062,4.77665e-15
1.30311,4.68792e-15
1.30559,4.60014e-15
1.30807,4.5133e-15
1.31056,4.42742e-15
1.31304,4.3425e-15
1.31553,4.25855e-15
1.31801,4.17558e-15
1.3205,4.0936e-15
1.32298,4.0126e-15
1.32547,3.93261e-15
1.32795,3.85361e-15
1.33043,3.77561e-15
1.33292,3.69863e-15
1.3354,3.62265e-15
1.33789,3.54769e-15
1.34037,3.47374e-15
1.34286,3.40081e-15
1.34534,3.3289e-15
1.34783,3.25801e-15
1.35031,3.18813e-15
1.3528,3.11927e-15
1.35528,3.05142e-15
1.35776,2.9846e-15
1.36025,2.91878e-15
1.36273,2.85398e-15
1.36522,2.79018e-15
1.3677,2.72739e-15
1.37019,2.6656e-15
1.37267,2.60481e-15
1.37516,2.54501e-15
1.37764,2.4862e-15
1.38012,2.42837e-15
1.38261,2.37153e-15
1.38509,2.31566e-15
1.38758,2.26075e-15
1.39006,2.20681e-15
1.39255,2.15382e-15
1.39503,2.10178e-15
1.39752,2.05068e-15
1.4,2.00051e-15
1.40248,1.95127e-15
1.40497,1.90295e-15
1.40745,1.85554e-15
1.40994,1.80903e-15
1.41242,1.76341e-15
1.41491,1.71868e-15
1.41739,1.67483e-15
1.41988,1.63184e-15
1.42236,1.58971e-15
1.42484,1.54843e-15
1.42733,1.50799e-15
1.42981,1.46837e-15
1.4323,1.42958e-15
1.43478,1.3916e-15
1.43727,1.35442e-15
1.43975,1.31803e-15
1.44224,1.28241e-15
1.44472,1.24757e-15
1.4472,1.21349e-15
1.44969,1.18015e-15
1.45217,1.14756e-15
1.45466,1.11569e-15
1.45714,1.08454e-15
1.45963,1.0541e-15
1.46211,1.02435e-15
1.4646,9.95292e-16
1.46708,9.66907e-16
1.46957,9.39186e-16
1.47205,9.1212e-16
1.47453,8.85697e-16
1.47702,8.59906e-16
1.4795,8.34738e-16
1.48199,8.10181e-16
1.48447,7.86225e-16
1.48696,7.6286e-16
1.48944,7.40075e-16
1.49193,7.1786e-16
1.49441,6.96204e-16
1.49689,6.75097e-16
1.49938,6.5453e-16
1.50186,6.34491e-16
1.50435,6.1497e-16
1.50683,5.95958e-16
1.50932,5.77445e-16
1.5118,5.5942e-16
1.51429,5.41875e-16
1.51677,5.24799e-16
1.51925,5.08182e-16
1.52174,4.92016e-16
1.52422,4.7629e-16
1.52671,4.60996e-16
1.52919,4.46125e-16
1.53168,4.31666e-16
1.53416,4.17611e-16
1.53665,4.03952e-16
1.53913,3.90679e-16
1.54161,3.77784e-16
1.5441,3.65259e-16
1.54658,3.53094e-16
1.54907,3.41281e-16
1.55155,3.29813e-16
1.55404,3.18681e-16
1.55652,3.07878e-16
1.55901,2.97394e-16
1.56149,2.87223e-16
1.56398,2.77358e-16
1.56646,2.6779e-16
1.56894,2.58512e-16
1.57143,2.49517e-16
1.57391,2.40797e-16
1.5764,2.32347e-16
1.57888,2.24158e-16
1.58137,2.16225e-16
1.58385,2.08541e-16
1.58634,2.01098e-16
1.58882,1.93891e-16
1.5913,1.86914e-16
1.59379,1.8016e-16
1.59627,1.73623e-16
1.59876,1.67297e-16
1.60124,1.61177e-16
1.60373,1.55257e-16
1.60621,1.49532e-16
1.6087,1.43995e-16
1.61118,1.38642e-16
1.61366,1.33467e-16
1.61615,1.28466e-16
1.61863,1.23633e-16
1.62112,1.18963e-16
1.6236,1.14452e-16
1.62609,1.10095e-16
1.62857,1.05888e-16
1.63106,1.01826e-16
1.63354,9.79043e-17
1.63602,9.41193e-17
1.63851,9.04666e-17
1.64099,8.69423e-17
1.64348,8.35424e-17
1.64596,8.02631e-17
1.64845,7.71006e-17
1.65093,7.40512e-17
1.65342,7.11115e-17
1.6559,6.8278e-17
1.65839,6.55472e-17
1.66087,6.2916e-17
1.66335,6.03811e-17
1.66584,5.79393e-17
1.66832,5.55877e-17
1.67081,5.33234e-17
1.67329,5.11434e-17
1.67578,4.90449e-17
1.67826,4.70253e-17
1.68075,4.50819e-17
1.68323,4.32121e-17
1.68571,4.14135e-17
1.6882,3.96836e-17
1.69068,3.80201e-17
1.69317,3.64208e-17
1.69565,3.48833e-17
1.69814,3.34056e-17
1.70062,3.19855e-17
1.70311,3.06211e-17
1.70559,2.93104e-17
1.70807,2.80514e-17
1.71056,2.68424e-17
1.71304,2.56815e-17
1.71553,2.4567e-17
1.71801,2.34973e-17
1.7205,2.24707e-17
1.72298,2.14856e-17
1.72547,2.05405e-17
1.72795,1.9634e-17
1.73043,1.87646e-17
1.73292,1.79309e-17
1.7354,1.71316e-17
1.73789,1.63654e-17
1.74037,1.56311e-17
1.74286,1.49274e-17
1.74534,1.42532e-17
1.74783,1.36073e-17
1.75031,1.29887e-17
1.7528,1.23964e-17
1.75528,1.18292e-17
1.75776,1.12862e-17
1.76025,1.07665e-17
1.76273,1.02691e-17
1.76522,9.79319e-18
1.7677,9.3379e-18
1.77019,8.9024e-18
1.77267,8.4859e-18
1.77516,8.08764e-18
1.77764,7.70688e-18
1.78012,7.34291e-18
1.78261,6.99505e-18
1.78509,6.66265e-18
1.78758,6.34506e-18
1.79006,6.04167e-18
1.79255,5.75191e-18
1.79503,5.4752e-18
1.79752,5.21099e-18
1.8,4.95877e-18
1.80248,4.71803e-18
1.80497,4.48828e-18
1.80745,4.26907e-18
1.80994,4.05993e-18
1.81242,3.86044e-18
1.81491,3.67019e-18
1.81739,3.48878e-18
1.81988,3.31582e-18
1.82236,3.15095e-18
1.82484,2.99381e-18
1.82733,2.84407e-18
1.82981,2.70141e-18
1.8323,2.56551e-18
1.83478,2.43606e-18
1.83727,2.31279e-18
1.83975,2.19542e-18
1.84224,2.08369e-18
1.84472,1.97733e-18
1.8472,1.87612e-18
1.84969,1.77981e-18
1.85217,1.68818e-18
1.85466,1.60103e-18
1.85714,1.51814e-18
1.85963,1.43932e-18
1.86211,1.36438e-18
1.8646,1.29314e-18
1.86708,1.22543e-18
1.86957,1.16109e-18
1.87205,1.09996e-18
1.87453,1.04189e-18
1.87702,9.86726e-19
1.8795,9.34341e-19
1.88199,8.84601e-19
1.88447,8.3738e-19
1.88696,7.92557e-19
1.88944,7.50018e-19
1.89193,7.09652e-19
1.89441,6.71356e-19
1.89689,6.35027e-19
1.89938,6.00572e-19
1.90186,5.67899e-19
1.90435,5.36921e-19
1.90683,5.07554e-19
1.90932,4.79719e-19
1.9118,4.53341e-19
1.91429,4.28347e-19
1.91677,4.04669e-19
1.91925,3.8224e-19
1.92174,3.60999e-19
1.92422,3.40886e-19
1.92671,3.21843e-19
1.92919,3.03818e-19
1.93168,2.86758e-19
1.93416,2.70614e-19
1.93665,2.55339e-19
1.93913,2.4089e-19
1.94161,2.27223e-19
1.9441,2.14298e-19
1.94658,2.02077e-19
1.94907,1.90524e-19
1.95155,1.79604e-19
1.95404,1.69283e-19
1.95652,1.59531e-19
1.95901,1.50318e-19
1.96149,1.41615e-19
1.96398,1.33395e-19
1.96646,1.25632e-19
1.96894,1.18304e-19
1.97143,1.11385e-19
1.97391,1.04855e-19
1.9764,9.86928e-20
1.97888,9.28782e-20
1.98137,8.73927e-20
1.98385,8.22185e-20
1.98634,7.73387e-20
1.98882,7.27373e-20
1.9913,6.83991e-20
1.99379,6.43097e-20
1.99627,6.04555e-20
1.99876,5.68235e-20
