0.00121803,5.67891e-20
0.00365408,6.03462e-20
0.00609013,6.41166e-20
0.00852619,6.81124e-20
0.0109622,7.23465e-20
0.0133983,7.68324e-20
0.0158343,8.15844e-20
0.0182704,8.66174e-20
0.0207065,9.19472e-20
0.0231425,9.75906e-20
0.0255786,1.03565e-19
0.0280146,1.09889e-19
0.0304507,1.16581e-19
0.0328867,1.23663e-19
0.0353228,1.31156e-19
0.0377588,1.39082e-19
0.0401949,1.47465e-19
0.0426309,1.5633e-19
0.045067,1.65703e-19
0.047503,1.75613e-19
0.0499391,1.86087e-19
0.0523752,1.97157e-19
0.0548112,2.08855e-19
0.0572473,2.21214e-19
0.0596833,2.34269e-19
0.0621194,2.48058e-19
0.0645554,2.62619e-19
0.0669915,2.77995e-19
0.0694275,2.94226e-19
0.0718636,3.11359e-19
0.0742996,3.29441e-19
0.0767357,3.48522e-19
0.0791717,3.68653e-19
0.0816078,3.89888e-19
0.0840438,4.12286e-19
0.0864799,4.35906e-19
0.088916,4.6081e-19
0.091352,4.87065e-19
0.0937881,5.1474e-19
0.0962241,5.43907e-19
0.0986602,5.7464e-19
0.101096,6.07021e-19
0.103532,6.41131e-19
0.105968,6.77057e-19
0.108404,7.1489e-19
0.11084,7.54725e-19
0.113276,7.96662e-19
0.115713,8.40805e-19
0.118149,8.87261e-19
0.120585,9.36146e-19
0.123021,9.87577e-19
0.125457,1.04168e-18
0.127893,1.09858e-18
0.130329,1.15842e-18
0.132765,1.22134e-18
0.135201,1.28749e-18
0.137637,1.35701e-18
0.140073,1.43008e-18
0.142509,1.50686e-18
0.144945,1.58752e-18
0.147381,1.67226e-18
0.149817,1.76125e-18
0.152253,1.85471e-18
0.154689,1.95284e-18
0.157125,2.05585e-18
0.159562,2.16398e-18
0.161998,2.27745e-18
0.164434,2.39652e-18
0.16687,2.52144e-18
0.169306,2.65248e-18
0.171742,2.78992e-18
0.174178,2.93404e-18
0.176614,3.08515e-18
0.17905,3.24356e-18
0.181486,3.40959e-18
0.183922,3.5836e-18
0.186358,3.76592e-18
0.188794,3.95694e-18
0.19123,4.15703e-18
0.193666,4.36659e-18
0.196102,4.58603e-18
0.198538,4.81578e-18
0.200974,5.0563e-18
0.20341,5.30804e-18
0.205847,5.57148e-18
0.208283,5.84714e-18
0.210719,6.13552e-18
0.213155,6.43717e-18
0.215591,6.75264e-18
0.218027,7.08253e-18
0.220463,7.42744e-18
0.222899,7.78798e-18
0.225335,8.16481e-18
0.227771,8.55861e-18
0.230207,8.97007e-18
0.232643,9.39991e-18
0.235079,9.8489e-18
0.237515,1.03178e-17
0.239951,1.08074e-17
0.242387,1.13186e-17
0.244823,1.18522e-17
0.247259,1.24091e-17
0.249695,1.29902e-17
0.252132,1.35966e-17
0.254568,1.42291e-17
0.257004,1.48889e-17
0.25944,1.55769e-17
0.261876,1.62943e-17
0.264312,1.70422e-17
0.266748,1.78218e-17
0.269184,1.86343e-17
0.27162,1.9481e-17
0.274056,2.03631e-17
0.276492,2.1282e-17
0.278928,2.22391e-17
0.281364,2.32357e-17
0.2838,2.42734e-17
0.286236,2.53537e-17
0.288672,2.64782e-17
0.291108,2.76484e-17
0.293544,2.8866e-17
0.295981,3.01328e-17
0.298417,3.14505e-17
0.300853,3.2821e-17
0.303289,3.42462e-17
0.305725,3.57279e-17
0.308161,3.72681e-17
0.310597,3.88691e-17
0.313033,4.05327e-17
0.315469,4.22614e-17
0.317905,4.40572e-17
0.320341,4.59224e-17
0.322777,4.78596e-17
0.325213,4.98711e-17
0.327649,5.19594e-17
0.330085,5.41271e-17
0.332521,5.63769e-17
0.334957,5.87116e-17
0.337393,6.11338e-17
0.339829,6.36465e-17
0.342266,6.62526e-17
0.344702,6.89552e-17
0.347138,7.17575e-17
0.349574,7.46625e-17
0.35201,7.76736e-17
0.354446,8.07942e-17
0.356882,8.40276e-17
0.359318,8.73776e-17
0.361754,9.08475e-17
0.36419,9.44413e-17
0.366626,9.81627e-17
0.369062,1.02016e-16
0.371498,1.06004e-16
0.373934,1.10132e-16
0.37637,1.14404e-16
0.378806,1.18823e-16
0.381242,1.23396e-16
0.383678,1.28125e-16
0.386114,1.33015e-16
0.388551,1.38072e-16
0.390987,1.433e-16
0.393423,1.48704e-16
0.395859,1.54288e-16
0.398295,1.60059e-16
0.400731,1.66021e-16
0.403167,1.72179e-16
0.405603,1.78539e-16
0.408039,1.85107e-16
0.410475,1.91888e-16
0.412911,1.98888e-16
0.415347,2.06112e-16
0.417783,2.13567e-16
0.420219,2.21259e-16
0.422655,2.29195e-16
0.425091,2.37379e-16
0.427527,2.45819e-16
0.429963,2.54522e-16
0.4324,2.63494e-16
0.434836,2.72741e-16
0.437272,2.82271e-16
0.439708,2.92091e-16
0.442144,3.02207e-16
0.44458,3.12628e-16
0.447016,3.23359e-16
0.449452,3.3441e-16
0.451888,3.45787e-16
0.454324,3.57498e-16
0.45676,3.6955e-16
0.459196,3.81953e-16
0.461632,3.94713e-16
0.464068,4.07839e-16
0.466504,4.21338e-16
0.46894,4.35221e-16
0.471376,4.49493e-16
0.473812,4.64165e-16
0.476248,4.79245e-16
0.478685,4.94741e-16
0.481121,5.10663e-16
0.483557,5.27019e-16
0.485993,5.43818e-16
0.488429,5.61069e-16
0.490865,5.78781e-16
0.493301,5.96964e-16
0.495737,6.15627e-16
0.498173,6.3478e-16
0.500609,6.54431e-16
0.503045,6.7459e-16
0.505481,6.95267e-16
0.507917,7.16472e-16
0.510353,7.38214e-16
0.512789,7.60502e-16
0.515225,7.83348e-16
0.517661,8.0676e-16
0.520097,8.30748e-16
0.522533,8.55323e-16
0.52497,8.80494e-16
0.527406,9.06272e-16
0.529842,9.32666e-16
0.532278,9.59686e-16
0.534714,9.87342e-16
0.53715,1.01564e-15
0.539586,1.0446e-15
0.542022,1.07423e-15
0.544458,1.10453e-15
0.546894,1.13552e-15
0.54933,1.1672e-15
0.551766,1.19959e-15
0.554202,1.2327e-15
0.556638,1.26653e-15
0.559074,1.3011e-15
0.56151,1.33641e-15
0.563946,1.37248e-15
0.566382,1.40931e-15
0.568819,1.44692e-15
0.571255,1.4853e-15
0.573691,1.52448e-15
0.576127,1.56447e-15
0.578563,1.60526e-15
0.580999,1.64687e-15
0.583435,1.68931e-15
0.585871,1.73259e-15
0.588307,1.77671e-15
0.590743,1.82168e-15
0.593179,1.86752e-15
0.595615,1.91423e-15
0.598051,1.96181e-15
0.600487,2.01028e-15
0.602923,2.05963e-15
0.605359,2.10989e-15
0.607795,2.16106e-15
0.610231,2.21313e-15
0.612667,2.26613e-15
0.615104,2.32004e-15
0.61754,2.37489e-15
0.619976,2.43068e-15
0.622412,2.48741e-15
0.624848,2.54508e-15
0.627284,2.6037e-15
0.62972,2.66328e-15
0.632156,2.72382e-15
0.634592,2.78532e-15
0.637028,2.84779e-15
0.639464,2.91123e-15
0.6419,2.97564e-15
0.644336,3.04102e-15
0.646772,3.10738e-15
0.649208,3.17471e-15
0.651644,3.24303e-15
0.65408,3.31232e-15
0.656516,3.38259e-15
0.658952,3.45383e-15
0.661389,3.52606e-15
0.663825,3.59926e-15
0.666261,3.67344e-15
0.668697,3.74859e-15
0.671133,3.82471e-15
0.673569,3.90179e-15
0.676005,3.97984e-15
0.678441,4.05885e-15
0.680877,4.13881e-15
0.683313,4.21972e-15
0.685749,4.30158e-15
0.688185,4.38437e-15
0.690621,4.46809e-15
0.693057,4.55274e-15
0.695493,4.6383e-15
0.697929,4.72477e-15
0.700365,4.81214e-15
0.702801,4.90039e-15
0.705238,4.98953e-15
0.707674,5.07953e-15
0.71011,5.17038e-15
0.712546,5.26209e-15
0.714982,5.35462e-15
0.717418,5.44797e-15
0.719854,5.54213e-15
0.72229,5.63708e-15
0.724726,5.7328e-15
0.727162,5.82929e-15
0.729598,5.92652e-15
0.732034,6.02448e-15
0.73447,6.12315e-15
0.736906,6.22251e-15
0.739342,6.32254e-15
0.741778,6.42324e-15
0.744214,6.52456e-15
0.74665,6.6265e-15
0.749086,6.72904e-15
0.751523,6.83215e-15
0.753959,6.93581e-15
0.756395,7.04e-15
0.758831,7.14469e-15
0.761267,7.24987e-15
0.763703,7.3555e-15
0.766139,7.46156e-15
0.768575,7.56803e-15
0.771011,7.67488e-15
0.773447,7.78208e-15
0.775883,7.88962e-15
0.778319,7.99745e-15
0.780755,8.10555e-15
0.783191,8.21389e-15
0.785627,8.32245e-15
0.788063,8.43119e-15
0.790499,8.54009e-15
0.792935,8.6491e-15
0.795371,8.75822e-15
0.797808,8.86739e-15
0.800244,8.97659e-15
0.80268,9.08578e-15
0.805116,9.19495e-15
0.807552,9.30404e-15
0.809988,9.41303e-15
0.812424,9.52188e-15
0.81486,9.63056e-15
0.817296,9.73904e-15
0.819732,9.84728e-15
0.822168,9.95525e-15
0.824604,1.00629e-14
0.82704,1.01702e-14
0.829476,1.02772e-14
0.831912,1.03837e-14
0.834348,1.04897e-14
0.836784,1.05953e-14
0.83922,1.07004e-14
0.841657,1.08048e-14
0.844093,1.09087e-14
0.846529,1.1012e-14
0.848965,1.11146e-14
0.851401,1.12164e-14
0.853837,1.13176e-14
0.856273,1.14179e-14
0.858709,1.15174e-14
0.861145,1.16161e-14
0.863581,1.17139e-14
0.866017,1.18107e-14
0.868453,1.19066e-14
0.870889,1.20015e-14
0.873325,1.20954e-14
0.875761,1.21881e-14
0.878197,1.22798e-14
0.880633,1.23703e-14
0.883069,1.24596e-14
0.885505,1.25477e-14
0.887942,1.26346e-14
0.890378,1.27202e-14
0.892814,1.28044e-14
0.89525,1.28873e-14
0.897686,1.29688e-14
0.900122,1.30489e-14
0.902558,1.31276e-14
0.904994,1.32047e-14
0.90743,1.32804e-14
0.909866,1.33545e-14
0.912302,1.3427e-14
0.914738,1.34979e-14
0.917174,1.35671e-14
0.91961,1.36347e-14
0.922046,1.37006e-14
0.924482,1.37648e-14
0.926918,1.38272e-14
0.929354,1.38879e-14
0.93179,1.39467e-14
0.934227,1.40038e-14
0.936663,1.40589e-14
0.939099,1.41122e-14
0.941535,1.41636e-14
0.943971,1.42131e-14
0.946407,1.42606e-14
0.948843,1.43061e-14
0.951279,1.43497e-14
0.953715,1.43913e-14
0.956151,1.44309e-14
0.958587,1.44684e-14
0.961023,1.45038e-14
0.963459,1.45372e-14
0.965895,1.45685e-14
0.968331,1.45977e-14
0.970767,1.46248e-14
0.973203,1.46498e-14
0.975639,1.46726e-14
0.978076,1.46933e-14
0.980512,1.47119e-14
0.982948,1.47283e-14
0.985384,1.47425e-14
0.98782,1.47545e-14
0.990256,1.47644e-14
0.992692,1.4772e-14
0.995128,1.47775e-14
0.997564,1.47808e-14
1,1.47819e-14
1.00244,1.47808e-14
1.00487,1.47775e-14
1.00731,1.4772e-14
1.00974,1.47644e-14
1.01218,1.47545e-14
1.01462,1.47425e-14
1.01705,1.47283e-14
1.01949,1.47119e-14
1.02192,1.46933e-14
1.02436,1.46726e-14
1.0268,1.46498e-14
1.02923,1.46248e-14
1.03167,1.45977e-14
1.0341,1.45685e-14
1.03654,1.45372e-14
1.03898,1.45038e-14
1.04141,1.44684e-14
1.04385,1.44309e-14
1.04629,1.43913e-14
1.04872,1.43497e-14
1.05116,1.43061e-14
1.05359,1.42606e-14
1.05603,1.42131e-14
1.05847,1.41636e-14
1.0609,1.41122e-14
1.06334,1.40589e-14
1.06577,1.40038e-14
1.06821,1.39467e-14
1.07065,1.38879e-14
1.07308,1.38272e-14
1.07552,1.37648e-14
1.07795,1.37006e-14
1.08039,1.36347e-14
1.08283,1.35671e-14
1.08526,1.34979e-14
1.0877,1.3427e-14
1.09013,1.33545e-14
1.09257,1.32804e-14
1.09501,1.32047e-14
1.09744,1.31276e-14
1.09988,1.30489e-14
1.10231,1.29688e-14
1.10475,1.28873e-14
1.10719,1.28044e-14
1.10962,1.27202e-14
1.11206,1.26346e-14
1.11449,1.25477e-14
1.11693,1.24596e-14
1.11937,1.23703e-14
1.1218,1.22798e-14
1.12424,1.21881e-14
1.12667,1.20954e-14
1.12911,1.20015e-14
1.13155,1.19066e-14
1.13398,1.18107e-14
1.13642,1.17139e-14
1.13886,1.16161e-14
1.14129,1.15174e-14
1.14373,1.14179e-14
1.14616,1.13176e-14
1.1486,1.12164e-14
1.15104,1.11146e-14
1.15347,1.1012e-14
1.15591,1.09087e-14
1.15834,1.08048e-14
1.16078,1.07004e-14
1.16322,1.05953e-14
1.16565,1.04897e-14
1.16809,1.03837e-14
1.17052,1.02772e-14
1.17296,1.01702e-14
1.1754,1.00629e-14
1.17783,9.95525e-15
1.18027,9.84728e-15
1.1827,9.73904e-15
1.18514,9.63056e-15
1.18758,9.52188e-15
1.19001,9.41303e-15
1.19245,9.30404e-15
1.19488,9.19495e-15
1.19732,9.08578e-15
1.19976,8.97659e-15
1.20219,8.86739e-15
1.20463,8.75822e-15
1.20706,8.6491e-15
1.2095,8.54009e-15
1.21194,8.43119e-15
1.21437,8.32245e-15
1.21681,8.21389e-15
1.21924,8.10555e-15
1.22168,7.99745e-15
1.22412,7.88962e-15
1.22655,7.78208e-15
1.22899,7.67488e-15
1.23143,7.56803e-15
1.23386,7.46156e-15
1.2363,7.3555e-15
1.23873,7.24987e-15
1.24117,7.14469e-15
1.24361,7.04e-15
1.24604,6.93581e-15
1.24848,6.83215e-15
1.25091,6.72904e-15
1.25335,6.6265e-15
1.25579,6.52456e-15
1.25822,6.42324e-15
1.26066,6.32254e-15
1.26309,6.22251e-15
1.26553,6.12315e-15
1.26797,6.02448e-15
1.2704,5.92652e-15
1.27284,5.82929e-15
1.27527,5.7328e-15
1.27771,5.63708e-15
1.28015,5.54213e-15
1.28258,5.44797e-15
1.28502,5.35462e-15
1.28745,5.26209e-15
1.28989,5.17038e-15
1.29233,5.07953e-15
1.29476,4.98953e-15
1.2972,4.90039e-15
1.29963,4.81214e-15
1.30207,4.72477e-15
1.30451,4.6383e-15
1.30694,4.55274e-15
1.30938,4.46809e-15
1.31181,4.38437e-15
1.31425,4.30158e-15
1.31669,4.21972e-15
1.31912,4.13881e-15
1.32156,4.05885e-15
1.324,3.97984e-15
1.32643,3.90179e-15
1.32887,3.82471e-15
1.3313,3.74859e-15
1.33374,3.67344e-15
1.33618,3.59926e-15
1.33861,3.52606e-15
1.34105,3.45383e-15
1.34348,3.38259e-15
1.34592,3.31232e-15
1.34836,3.24303e-15
1.35079,3.17471e-15
1.35323,3.10738e-15
1.35566,3.04102e-15
1.3581,2.97564e-15
1.36054,2.91123e-15
1.36297,2.84779e-15
1.36541,2.78532e-15
1.36784,2.72382e-15
1.37028,2.66328e-15
1.37272,2.6037e-15
1.37515,2.54508e-15
1.37759,2.48741e-15
1.38002,2.43068e-15
1.38246,2.37489e-15
1.3849,2.32004e-15
1.38733,2.26613e-15
1.38977,2.21313e-15
1.3922,2.16106e-15
1.39464,2.10989e-15
1.39708,2.05963e-15
1.39951,2.01028e-15
1.40195,1.96181e-15
1.40438,1.91423e-15
1.40682,1.86752e-15
1.40926,1.82168e-15
1.41169,1.77671e-15
1.41413,1.73259e-15
1.41657,1.68931e-15
1.419,1.64687e-15
1.42144,1.60526e-15
1.42387,1.56447e-15
1.42631,1.52448e-15
1.42875,1.4853e-15
1.43118,1.44692e-15
1.43362,1.40931e-15
1.43605,1.37248e-15
1.43849,1.33641e-15
1.44093,1.3011e-15
1.44336,1.26653e-15
1.4458,1.2327e-15
1.44823,1.19959e-15
1.45067,1.1672e-15
1.45311,1.13552e-15
1.45554,1.10453e-15
1.45798,1.07423e-15
1.46041,1.0446e-15
1.46285,1.01564e-15
1.46529,9.87342e-16
1.46772,9.59686e-16
1.47016,9.32666e-16
1.47259,9.06272e-16
1.47503,8.80494e-16
1.47747,8.55323e-16
1.4799,8.30748e-16
1.48234,8.0676e-16
1.48477,7.83348e-16
1.48721,7.60502e-16
1.48965,7.38214e-16
1.49208,7.16472e-16
1.49452,6.95267e-16
1.49695,6.7459e-16
1.49939,6.54431e-16
1.50183,6.3478e-16
1.50426,6.15627e-16
1.5067,5.96964e-16
1.50914,5.78781e-16
1.51157,5.61069e-16
1.51401,5.43818e-16
1.51644,5.27019e-16
1.51888,5.10663e-16
1.52132,4.94741e-16
1.52375,4.79245e-16
1.52619,4.64165e-16
1.52862,4.49493e-16
1.53106,4.35221e-16
1.5335,4.21338e-16
1.53593,4.07839e-16
1.53837,3.94713e-16
1.5408,3.81953e-16
1.54324,3.6955e-16
1.54568,3.57498e-16
1.54811,3.45787e-16
1.55055,3.3441e-16
1.55298,3.23359e-16
1.55542,3.12628e-16
1.55786,3.02207e-16
1.56029,2.92091e-16
1.56273,2.82271e-16
1.56516,2.72741e-16
1.5676,2.63494e-16
1.57004,2.54522e-16
1.57247,2.45819e-16
1.57491,2.37379e-16
1.57734,2.29195e-16
1.57978,2.21259e-16
1.58222,2.13567e-16
1.58465,2.06112e-16
1.58709,1.98888e-16
1.58952,1.91888e-16
1.59196,1.85107e-16
1.5944,1.78539e-16
1.59683,1.72179e-16
1.59927,1.66021e-16
1.60171,1.60059e-16
1.60414,1.54288e-16
1.60658,1.48704e-16
1.60901,1.433e-16
1.61145,1.38072e-16
1.61389,1.33015e-16
1.61632,1.28125e-16
1.61876,1.23396e-16
1.62119,1.18823e-16
1.62363,1.14404e-16
1.62607,1.10132e-16
1.6285,1.06004e-16
1.63094,1.02016e-16
1.63337,9.81627e-17
1.63581,9.44413e-17
1.63825,9.08475e-17
1.64068,8.73776e-17
1.64312,8.40276e-17
1.64555,8.07942e-17
1.64799,7.76736e-17
1.65043,7.46625e-17
1.65286,7.17575e-17
1.6553,6.89552e-17
1.65773,6.62526e-17
1.66017,6.36465e-17
1.66261,6.11338e-17
1.66504,5.87116e-17
1.66748,5.63769e-17
1.66991,5.41271e-17
1.67235,5.19594e-17
1.67479,4.98711e-17
1.67722,4.78596e-17
1.67966,4.59224e-17
1.6821,4.40572e-17
1.68453,4.22614e-17
1.68697,4.05327e-17
1.6894,3.88691e-17
1.69184,3.72681e-17
1.69428,3.57279e-17
1.69671,3.42462e-17
1.69915,3.2821e-17
1.70158,3.14505e-17
1.70402,3.01328e-17
1.70646,2.8866e-17
1.70889,2.76484e-17
1.71133,2.64782e-17
1.71376,2.53537e-17
1.7162,2.42734e-17
1.71864,2.32357e-17
1.72107,2.22391e-17
1.72351,2.1282e-17
1.72594,2.03631e-17
1.72838,1.9481e-17
1.73082,1.86343e-17
1.73325,1.78218e-17
1.73569,1.70422e-17
1.73812,1.62943e-17
1.74056,1.55769e-17
1.743,1.48889e-17
1.74543,1.42291e-17
1.74787,1.35966e-17
1.7503,1.29902e-17
1.75274,1.24091e-17
1.75518,1.18522e-17
1.75761,1.13186e-17
1.76005,1.08074e-17
1.76248,1.03178e-17
1.76492,9.8489e-18
1.76736,9.39991e-18
1.76979,8.97007e-18
1.77223,8.55861e-18
1.77467,8.16481e-18
1.7771,7.78798e-18
1.77954,7.42744e-18
1.78197,7.08253e-18
1.78441,6.75264e-18
1.78685,6.43717e-18
1.78928,6.13552e-18
1.79172,5.84714e-18
1.79415,5.57148e-18
1.79659,5.30804e-18
1.79903,5.0563e-18
1.80146,4.81578e-18
1.8039,4.58603e-18
1.80633,4.36659e-18
1.80877,4.15703e-18
1.81121,3.95694e-18
1.81364,3.76592e-18
1.81608,3.5836e-18
1.81851,3.40959e-18
1.82095,3.24356e-18
1.82339,3.08515e-18
1.82582,2.93404e-18
1.82826,2.78992e-18
1.83069,2.65248e-18
1.83313,2.52144e-18
1.83557,2.39652e-18
1.838,2.27745e-18
1.84044,2.16398e-18
1.84287,2.05585e-18
1.84531,1.95284e-18
1.84775,1.85471e-18
1.85018,1.76125e-18
1.85262,1.67226e-18
1.85505,1.58752e-18
1.85749,1.50686e-18
1.85993,1.43008e-18
1.86236,1.35701e-18
1.8648,1.28749e-18
1.86724,1.22134e-18
1.86967,1.15842e-18
1.87211,1.09858e-18
1.87454,1.04168e-18
1.87698,9.87577e-19
1.87942,9.36146e-19
1.88185,8.87261e-19
1.88429,8.40805e-19
1.88672,7.96662e-19
1.88916,7.54725e-19
1.8916,7.1489e-19
1.89403,6.77057e-19
1.89647,6.41131e-19
1.8989,6.07021e-19
1.90134,5.7464e-19
1.90378,5.43907e-19
1.90621,5.1474e-19
1.90865,4.87065e-19
1.91108,4.6081e-19
1.91352,4.35906e-19
1.91596,4.12286e-19
1.91839,3.89888e-19
1.92083,3.68653e-19
1.92326,3.48522e-19
1.9257,3.29441e-19
1.92814,3.11359e-19
1.93057,2.94226e-19
1.93301,2.77995e-19
1.93544,2.62619e-19
1.93788,2.48058e-19
1.94032,2.34269e-19
1.94275,2.21214e-19
1.94519,2.08855e-19
1.94762,1.97157e-19
1.95006,1.86087e-19
1.9525,1.75613e-19
1.95493,1.65703e-19
1.95737,1.5633e-19
1.95981,1.47465e-19
1.96224,1.39082e-19
1.96468,1.31156e-19
1.96711,1.23663e-19
1.96955,1.16581e-19
1.97199,1.09889e-19
1.97442,1.03565e-19
1.97686,9.75906e-20
1.97929,9.19472e-20
1.98173,8.66174e-20
1.98417,8.15844e-20
1.9866,7.68324e-20
1.98904,7.23465e-20
1.99147,6.81124e-20
1.99391,6.41166e-20
1.99635,6.03462e-20
1.99878,5.67891e-20
