0.0011236,5.66554e-20
0.00337079,5.99218e-20
0.00561798,6.33686e-20
0.00786517,6.70051e-20
0.0101124,7.08414e-20
0.0123596,7.48879e-20
0.0146067,7.91555e-20
0.0168539,8.36558e-20
0.0191011,8.84007e-20
0.0213483,9.34031e-20
0.0235955,9.8676e-20
0.0258427,1.04233e-19
0.0280899,1.1009e-19
0.0303371,1.16261e-19
0.0325843,1.22762e-19
0.0348315,1.29611e-19
0.0370787,1.36824e-19
0.0393258,1.4442e-19
0.041573,1.52419e-19
0.0438202,1.60841e-19
0.0460674,1.69707e-19
0.0483146,1.79038e-19
0.0505618,1.88859e-19
0.052809,1.99194e-19
0.0550562,2.10067e-19
0.0573034,2.21506e-19
0.0595506,2.33539e-19
0.0617978,2.46194e-19
0.0640449,2.59502e-19
0.0662921,2.73495e-19
0.0685393,2.88206e-19
0.0707865,3.0367e-19
0.0730337,3.19923e-19
0.0752809,3.37004e-19
0.0775281,3.54952e-19
0.0797753,3.73809e-19
0.0820225,3.93617e-19
0.0842697,4.14423e-19
0.0865169,4.36274e-19
0.088764,4.59218e-19
0.0910112,4.83309e-19
0.0932584,5.08599e-19
0.0955056,5.35145e-19
0.0977528,5.63005e-19
0.1,5.92241e-19
0.102247,6.22916e-19
0.104494,6.55098e-19
0.106742,6.88855e-19
0.108989,7.2426e-19
0.111236,7.61389e-19
0.113483,8.0032e-19
0.11573,8.41135e-19
0.117978,8.83921e-19
0.120225,9.28765e-19
0.122472,9.75762e-19
0.124719,1.02501e-18
0.126966,1.0766e-18
0.129213,1.13065e-18
0.131461,1.18726e-18
0.133708,1.24655e-18
0.135955,1.30864e-18
0.138202,1.37364e-18
0.140449,1.44169e-18
0.142697,1.51292e-18
0.144944,1.58747e-18
0.147191,1.66549e-18
0.149438,1.74711e-18
0.151685,1.83251e-18
0.153933,1.92184e-18
0.15618,2.01526e-18
0.158427,2.11297e-18
0.160674,2.21513e-18
0.162921,2.32193e-18
0.165169,2.43358e-18
0.167416,2.55027e-18
0.169663,2.67223e-18
0.17191,2.79966e-18
0.174157,2.93279e-18
0.176404,3.07188e-18
0.178652,3.21715e-18
0.180899,3.36886e-18
0.183146,3.52728e-18
0.185393,3.69269e-18
0.18764,3.86537e-18
0.189888,4.04561e-18
0.192135,4.23372e-18
0.194382,4.43002e-18
0.196629,4.63483e-18
0.198876,4.8485e-18
0.201124,5.07138e-18
0.203371,5.30384e-18
0.205618,5.54625e-18
0.207865,5.79901e-18
0.210112,6.06253e-18
0.21236,6.33721e-18
0.214607,6.62351e-18
0.216854,6.92187e-18
0.219101,7.23275e-18
0.221348,7.55664e-18
0.223596,7.89404e-18
0.225843,8.24547e-18
0.22809,8.61145e-18
0.230337,8.99254e-18
0.232584,9.38931e-18
0.234831,9.80234e-18
0.237079,1.02323e-17
0.239326,1.06797e-17
0.241573,1.11453e-17
0.24382,1.16297e-17
0.246067,1.21336e-17
0.248315,1.26578e-17
0.250562,1.32029e-17
0.252809,1.37698e-17
0.255056,1.43592e-17
0.257303,1.4972e-17
0.259551,1.56089e-17
0.261798,1.62709e-17
0.264045,1.69588e-17
0.266292,1.76735e-17
0.268539,1.84161e-17
0.270787,1.91874e-17
0.273034,1.99885e-17
0.275281,2.08204e-17
0.277528,2.16843e-17
0.279775,2.25811e-17
0.282022,2.3512e-17
0.28427,2.44782e-17
0.286517,2.54809e-17
0.288764,2.65214e-17
0.291011,2.76008e-17
0.293258,2.87205e-17
0.295506,2.98819e-17
0.297753,3.10863e-17
0.3,3.23352e-17
0.302247,3.36301e-17
0.304494,3.49723e-17
0.306742,3.63636e-17
0.308989,3.78054e-17
0.311236,3.92994e-17
0.313483,4.08473e-17
0.31573,4.24508e-17
0.317978,4.41117e-17
0.320225,4.58318e-17
0.322472,4.76129e-17
0.324719,4.9457e-17
0.326966,5.13661e-17
0.329213,5.33421e-17
0.331461,5.53871e-17
0.333708,5.75033e-17
0.335955,5.96928e-17
0.338202,6.19579e-17
0.340449,6.43007e-17
0.342697,6.67238e-17
0.344944,6.92294e-17
0.347191,7.182e-17
0.349438,7.44982e-17
0.351685,7.72665e-17
0.353933,8.01275e-17
0.35618,8.3084e-17
0.358427,8.61387e-17
0.360674,8.92944e-17
0.362921,9.2554e-17
0.365169,9.59206e-17
0.367416,9.9397e-17
0.369663,1.02986e-16
0.37191,1.06692e-16
0.374157,1.10517e-16
0.376404,1.14465e-16
0.378652,1.18538e-16
0.380899,1.22741e-16
0.383146,1.27078e-16
0.385393,1.3155e-16
0.38764,1.36163e-16
0.389888,1.4092e-16
0.392135,1.45825e-16
0.394382,1.50881e-16
0.396629,1.56093e-16
0.398876,1.61465e-16
0.401124,1.67e-16
0.403371,1.72704e-16
0.405618,1.78579e-16
0.407865,1.84632e-16
0.410112,1.90865e-16
0.41236,1.97283e-16
0.414607,2.03892e-16
0.416854,2.10696e-16
0.419101,2.17699e-16
0.421348,2.24907e-16
0.423596,2.32324e-16
0.425843,2.39955e-16
0.42809,2.47805e-16
0.430337,2.5588e-16
0.432584,2.64185e-16
0.434831,2.72725e-16
0.437079,2.81506e-16
0.439326,2.90532e-16
0.441573,2.9981e-16
0.44382,3.09345e-16
0.446067,3.19144e-16
0.448315,3.29211e-16
0.450562,3.39552e-16
0.452809,3.50175e-16
0.455056,3.61084e-16
0.457303,3.72286e-16
0.459551,3.83787e-16
0.461798,3.95593e-16
0.464045,4.07712e-16
0.466292,4.20148e-16
0.468539,4.32909e-16
0.470787,4.46001e-16
0.473034,4.59431e-16
0.475281,4.73206e-16
0.477528,4.87332e-16
0.479775,5.01817e-16
0.482022,5.16667e-16
0.48427,5.31889e-16
0.486517,5.47491e-16
0.488764,5.63479e-16
0.491011,5.79861e-16
0.493258,5.96644e-16
0.495506,6.13835e-16
0.497753,6.31441e-16
0.5,6.49471e-16
0.502247,6.67931e-16
0.504494,6.86829e-16
0.506742,7.06172e-16
0.508989,7.25969e-16
0.511236,7.46226e-16
0.513483,7.66952e-16
0.51573,7.88154e-16
0.517978,8.0984e-16
0.520225,8.32018e-16
0.522472,8.54695e-16
0.524719,8.77879e-16
0.526966,9.01578e-16
0.529213,9.258e-16
0.531461,9.50553e-16
0.533708,9.75845e-16
0.535955,1.00168e-15
0.538202,1.02807e-15
0.540449,1.05503e-15
0.542697,1.08255e-15
0.544944,1.11066e-15
0.547191,1.13934e-15
0.549438,1.16863e-15
0.551685,1.19851e-15
0.553933,1.229e-15
0.55618,1.26011e-15
0.558427,1.29184e-15
0.560674,1.32421e-15
0.562921,1.35721e-15
0.565169,1.39086e-15
0.567416,1.42517e-15
0.569663,1.46013e-15
0.57191,1.49577e-15
0.574157,1.53208e-15
0.576404,1.56908e-15
0.578652,1.60676e-15
0.580899,1.64515e-15
0.583146,1.68424e-15
0.585393,1.72404e-15
0.58764,1.76455e-15
0.589888,1.80579e-15
0.592135,1.84777e-15
0.594382,1.89048e-15
0.596629,1.93393e-15
0.598876,1.97813e-15
0.601124,2.02308e-15
0.603371,2.0688e-15
0.605618,2.11528e-15
0.607865,2.16253e-15
0.610112,2.21056e-15
0.61236,2.25938e-15
0.614607,2.30897e-15
0.616854,2.35936e-15
0.619101,2.41055e-15
0.621348,2.46253e-15
0.623596,2.51532e-15
0.625843,2.56891e-15
0.62809,2.62331e-15
0.630337,2.67853e-15
0.632584,2.73457e-15
0.634831,2.79142e-15
0.637079,2.8491e-15
0.639326,2.9076e-15
0.641573,2.96693e-15
0.64382,3.02709e-15
0.646067,3.08808e-15
0.648315,3.1499e-15
0.650562,3.21255e-15
0.652809,3.27603e-15
0.655056,3.34035e-15
0.657303,3.40549e-15
0.659551,3.47148e-15
0.661798,3.53829e-15
0.664045,3.60593e-15
0.666292,3.6744e-15
0.668539,3.7437e-15
0.670787,3.81383e-15
0.673034,3.88478e-15
0.675281,3.95655e-15
0.677528,4.02913e-15
0.679775,4.10253e-15
0.682022,4.17674e-15
0.68427,4.25176e-15
0.686517,4.32757e-15
0.688764,4.40418e-15
0.691011,4.48158e-15
0.693258,4.55977e-15
0.695506,4.63874e-15
0.697753,4.71847e-15
0.7,4.79898e-15
0.702247,4.88023e-15
0.704494,4.96224e-15
0.706742,5.04499e-15
0.708989,5.12847e-15
0.711236,5.21268e-15
0.713483,5.2976e-15
0.71573,5.38322e-15
0.717978,5.46954e-15
0.720225,5.55654e-15
0.722472,5.64421e-15
0.724719,5.73253e-15
0.726966,5.82151e-15
0.729213,5.91112e-15
0.731461,6.00136e-15
0.733708,6.0922e-15
0.735955,6.18363e-15
0.738202,6.27565e-15
0.740449,6.36823e-15
0.742697,6.46136e-15
0.744944,6.55502e-15
0.747191,6.64921e-15
0.749438,6.74389e-15
0.751685,6.83906e-15
0.753933,6.9347e-15
0.75618,7.03079e-15
0.758427,7.12731e-15
0.760674,7.22424e-15
0.762921,7.32156e-15
0.765169,7.41926e-15
0.767416,7.51732e-15
0.769663,7.61571e-15
0.77191,7.71441e-15
0.774157,7.81341e-15
0.776404,7.91267e-15
0.778652,8.01219e-15
0.780899,8.11193e-15
0.783146,8.21188e-15
0.785393,8.31201e-15
0.78764,8.4123e-15
0.789888,8.51273e-15
0.792135,8.61326e-15
0.794382,8.71389e-15
0.796629,8.81457e-15
0.798876,8.9153e-15
0.801124,9.01604e-15
0.803371,9.11676e-15
0.805618,9.21744e-15
0.807865,9.31807e-15
0.810112,9.4186e-15
0.81236,9.51901e-15
0.814607,9.61928e-15
0.816854,9.71938e-15
0.819101,9.81928e-15
0.821348,9.91895e-15
0.823596,1.00184e-14
0.825843,1.01175e-14
0.82809,1.02163e-14
0.830337,1.03148e-14
0.832584,1.0413e-14
0.834831,1.05107e-14
0.837079,1.0608e-14
0.839326,1.07049e-14
0.841573,1.08013e-14
0.84382,1.08971e-14
0.846067,1.09925e-14
0.848315,1.10873e-14
0.850562,1.11814e-14
0.852809,1.1275e-14
0.855056,1.13679e-14
0.857303,1.14601e-14
0.859551,1.15516e-14
0.861798,1.16424e-14
0.864045,1.17324e-14
0.866292,1.18216e-14
0.868539,1.191e-14
0.870787,1.19975e-14
0.873034,1.20842e-14
0.875281,1.21699e-14
0.877528,1.22547e-14
0.879775,1.23385e-14
0.882022,1.24214e-14
0.88427,1.25032e-14
0.886517,1.25839e-14
0.888764,1.26636e-14
0.891011,1.27422e-14
0.893258,1.28197e-14
0.895506,1.2896e-14
0.897753,1.29711e-14
0.9,1.3045e-14
0.902247,1.31176e-14
0.904494,1.3189e-14
0.906742,1.32592e-14
0.908989,1.3328e-14
0.911236,1.33954e-14
0.913483,1.34616e-14
0.91573,1.35263e-14
0.917978,1.35896e-14
0.920225,1.36515e-14
0.922472,1.3712e-14
0.924719,1.3771e-14
0.926966,1.38285e-14
0.929213,1.38844e-14
0.931461,1.39389e-14
0.933708,1.39918e-14
0.935955,1.40431e-14
0.938202,1.40928e-14
0.940449,1.41409e-14
0.942697,1.41874e-14
0.944944,1.42323e-14
0.947191,1.42755e-14
0.949438,1.4317e-14
0.951685,1.43568e-14
0.953933,1.43949e-14
0.95618,1.44313e-14
0.958427,1.4466e-14
0.960674,1.44989e-14
0.962921,1.453e-14
0.965169,1.45594e-14
0.967416,1.4587e-14
0.969663,1.46128e-14
0.97191,1.46368e-14
0.974157,1.4659e-14
0.976404,1.46794e-14
0.978652,1.46979e-14
0.980899,1.47146e-14
0.983146,1.47295e-14
0.985393,1.47425e-14
0.98764,1.47537e-14
0.989888,1.4763e-14
0.992135,1.47705e-14
0.994382,1.47761e-14
0.996629,1.47798e-14
0.998876,1.47817e-14
1.00112,1.47817e-14
1.00337,1.47798e-14
1.00562,1.47761e-14
1.00787,1.47705e-14
1.01011,1.4763e-14
1.01236,1.47537e-14
1.01461,1.47425e-14
1.01685,1.47295e-14
1.0191,1.47146e-14
1.02135,1.46979e-14
1.0236,1.46794e-14
1.02584,1.4659e-14
1.02809,1.46368e-14
1.03034,1.46128e-14
1.03258,1.4587e-14
1.03483,1.45594e-14
1.03708,1.453e-14
1.03933,1.44989e-14
1.04157,1.4466e-14
1.04382,1.44313e-14
1.04607,1.43949e-14
1.04831,1.43568e-14
1.05056,1.4317e-14
1.05281,1.42755e-14
1.05506,1.42323e-14
1.0573,1.41874e-14
1.05955,1.41409e-14
1.0618,1.40928e-14
1.06404,1.40431e-14
1.06629,1.39918e-14
1.06854,1.39389e-14
1.07079,1.38844e-14
1.07303,1.38285e-14
1.07528,1.3771e-14
1.07753,1.3712e-14
1.07978,1.36515e-14
1.08202,1.35896e-14
1.08427,1.35263e-14
1.08652,1.34616e-14
1.08876,1.33954e-14
1.09101,1.3328e-14
1.09326,1.32592e-14
1.09551,1.3189e-14
1.09775,1.31176e-14
1.1,1.3045e-14
1.10225,1.29711e-14
1.10449,1.2896e-14
1.10674,1.28197e-14
1.10899,1.27422e-14
1.11124,1.26636e-14
1.11348,1.25839e-14
1.11573,1.25032e-14
1.11798,1.24214e-14
1.12022,1.23385e-14
1.12247,1.22547e-14
1.12472,1.21699e-14
1.12697,1.20842e-14
1.12921,1.19975e-14
1.13146,1.191e-14
1.13371,1.18216e-14
1.13596,1.17324e-14
1.1382,1.16424e-14
1.14045,1.15516e-14
1.1427,1.14601e-14
1.14494,1.13679e-14
1.14719,1.1275e-14
1.14944,1.11814e-14
1.15169,1.10873e-14
1.15393,1.09925e-14
1.15618,1.08971e-14
1.15843,1.08013e-14
1.16067,1.07049e-14
1.16292,1.0608e-14
1.16517,1.05107e-14
1.16742,1.0413e-14
1.16966,1.03148e-14
1.17191,1.02163e-14
1.17416,1.01175e-14
1.1764,1.00184e-14
1.17865,9.91895e-15
1.1809,9.81928e-15
1.18315,9.71938e-15
1.18539,9.61928e-15
1.18764,9.51901e-15
1.18989,9.4186e-15
1.19213,9.31807e-15
1.19438,9.21744e-15
1.19663,9.11676e-15
1.19888,9.01604e-15
1.20112,8.9153e-15
1.20337,8.81457e-15
1.20562,8.71389e-15
1.20787,8.61326e-15
1.21011,8.51273e-15
1.21236,8.4123e-15
1.21461,8.31201e-15
1.21685,8.21188e-15
1.2191,8.11193e-15
1.22135,8.01219e-15
1.2236,7.91267e-15
1.22584,7.81341e-15
1.22809,7.71441e-15
1.23034,7.61571e-15
1.23258,7.51732e-15
1.23483,7.41926e-15
1.23708,7.32156e-15
1.23933,7.22424e-15
1.24157,7.12731e-15
1.24382,7.03079e-15
1.24607,6.9347e-15
1.24831,6.83906e-15
1.25056,6.74389e-15
1.25281,6.64921e-15
1.25506,6.55502e-15
1.2573,6.46136e-15
1.25955,6.36823e-15
1.2618,6.27565e-15
1.26404,6.18363e-15
1.26629,6.0922e-15
1.26854,6.00136e-15
1.27079,5.91112e-15
1.27303,5.82151e-15
1.27528,5.73253e-15
1.27753,5.64421e-15
1.27978,5.55654e-15
1.28202,5.46954e-15
1.28427,5.38322e-15
1.28652,5.2976e-15
1.28876,5.21268e-15
1.29101,5.12847e-15
1.29326,5.04499e-15
1.29551,4.96224e-15
1.29775,4.88023e-15
1.3,4.79898e-15
1.30225,4.71847e-15
1.30449,4.63874e-15
1.30674,4.55977e-15
1.30899,4.48158e-15
1.31124,4.40418e-15
1.31348,4.32757e-15
1.31573,4.25176e-15
1.31798,4.17674e-15
1.32022,4.10253e-15
1.32247,4.02913e-15
1.32472,3.95655e-15
1.32697,3.88478e-15
1.32921,3.81383e-15
1.33146,3.7437e-15
1.33371,3.6744e-15
1.33596,3.60593e-15
1.3382,3.53829e-15
1.34045,3.47148e-15
1.3427,3.40549e-15
1.34494,3.34035e-15
1.34719,3.27603e-15
1.34944,3.21255e-15
1.35169,3.1499e-15
1.35393,3.08808e-15
1.35618,3.02709e-15
1.35843,2.96693e-15
1.36067,2.9076e-15
1.36292,2.8491e-15
1.36517,2.79142e-15
1.36742,2.73457e-15
1.36966,2.67853e-15
1.37191,2.62331e-15
1.37416,2.56891e-15
1.3764,2.51532e-15
1.37865,2.46253e-15
1.3809,2.41055e-15
1.38315,2.35936e-15
1.38539,2.30897e-15
1.38764,2.25938e-15
1.38989,2.21056e-15
1.39213,2.16253e-15
1.39438,2.11528e-15
1.39663,2.0688e-15
1.39888,2.02308e-15
1.40112,1.97813e-15
1.40337,1.93393e-15
1.40562,1.89048e-15
1.40787,1.84777e-15
1.41011,1.80579e-15
1.41236,1.76455e-15
1.41461,1.72404e-15
1.41685,1.68424e-15
1.4191,1.64515e-15
1.42135,1.60676e-15
1.4236,1.56908e-15
1.42584,1.53208e-15
1.42809,1.49577e-15
1.43034,1.46013e-15
1.43258,1.42517e-15
1.43483,1.39086e-15
1.43708,1.35721e-15
1.43933,1.32421e-15
1.44157,1.29184e-15
1.44382,1.26011e-15
1.44607,1.229e-15
1.44831,1.19851e-15
1.45056,1.16863e-15
1.45281,1.13934e-15
1.45506,1.11066e-15
1.4573,1.08255e-15
1.45955,1.05503e-15
1.4618,1.02807e-15
1.46404,1.00168e-15
1.46629,9.75845e-16
1.46854,9.50553e-16
1.47079,9.258e-16
1.47303,9.01578e-16
1.47528,8.77879e-16
1.47753,8.54695e-16
1.47978,8.32018e-16
1.48202,8.0984e-16
1.48427,7.88154e-16
1.48652,7.66952e-16
1.48876,7.46226e-16
1.49101,7.25969e-16
1.49326,7.06172e-16
1.49551,6.86829e-16
1.49775,6.67931e-16
1.5,6.49471e-16
1.50225,6.31441e-16
1.50449,6.13835e-16
1.50674,5.96644e-16
1.50899,5.79861e-16
1.51124,5.63479e-16
1.51348,5.47491e-16
1.51573,5.31889e-16
1.51798,5.16667e-16
1.52022,5.01817e-16
1.52247,4.87332e-16
1.52472,4.73206e-16
1.52697,4.59431e-16
1.52921,4.46001e-16
1.53146,4.32909e-16
1.53371,4.20148e-16
1.53596,4.07712e-16
1.5382,3.95593e-16
1.54045,3.83787e-16
1.5427,3.72286e-16
1.54494,3.61084e-16
1.54719,3.50175e-16
1.54944,3.39552e-16
1.55169,3.29211e-16
1.55393,3.19144e-16
1.55618,3.09345e-16
1.55843,2.9981e-16
1.56067,2.90532e-16
1.56292,2.81506e-16
1.56517,2.72725e-16
1.56742,2.64185e-16
1.56966,2.5588e-16
1.57191,2.47805e-16
1.57416,2.39955e-16
1.5764,2.32324e-16
1.57865,2.24907e-16
1.5809,2.17699e-16
1.58315,2.10696e-16
1.58539,2.03892e-16
1.58764,1.97283e-16
1.58989,1.90865e-16
1.59213,1.84632e-16
1.59438,1.78579e-16
1.59663,1.72704e-16
1.59888,1.67e-16
1.60112,1.61465e-16
1.60337,1.56093e-16
1.60562,1.50881e-16
1.60787,1.45825e-16
1.61011,1.4092e-16
1.61236,1.36163e-16
1.61461,1.3155e-16
1.61685,1.27078e-16
1.6191,1.22741e-16
1.62135,1.18538e-16
1.6236,1.14465e-16
1.62584,1.10517e-16
1.62809,1.06692e-16
1.63034,1.02986e-16
1.63258,9.9397e-17
1.63483,9.59206e-17
1.63708,9.2554e-17
1.63933,8.92944e-17
1.64157,8.61387e-17
1.64382,8.3084e-17
1.64607,8.01275e-17
1.64831,7.72665e-17
1.65056,7.44982e-17
1.65281,7.182e-17
1.65506,6.92294e-17
1.6573,6.67238e-17
1.65955,6.43007e-17
1.6618,6.19579e-17
1.66404,5.96928e-17
1.66629,5.75033e-17
1.66854,5.53871e-17
1.67079,5.33421e-17
1.67303,5.13661e-17
1.67528,4.9457e-17
1.67753,4.76129e-17
1.67978,4.58318e-17
1.68202,4.41117e-17
1.68427,4.24508e-17
1.68652,4.08473e-17
1.68876,3.92994e-17
1.69101,3.78054e-17
1.69326,3.63636e-17
1.69551,3.49723e-17
1.69775,3.36301e-17
1.7,3.23352e-17
1.70225,3.10863e-17
1.70449,2.98819e-17
1.70674,2.87205e-17
1.70899,2.76008e-17
1.71124,2.65214e-17
1.71348,2.54809e-17
1.71573,2.44782e-17
1.71798,2.3512e-17
1.72022,2.25811e-17
1.72247,2.16843e-17
1.72472,2.08204e-17
1.72697,1.99885e-17
1.72921,1.91874e-17
1.73146,1.84161e-17
1.73371,1.76735e-17
1.73596,1.69588e-17
1.7382,1.62709e-17
1.74045,1.56089e-17
1.7427,1.4972e-17
1.74494,1.43592e-17
1.74719,1.37698e-17
1.74944,1.32029e-17
1.75169,1.26578e-17
1.75393,1.21336e-17
1.75618,1.16297e-17
1.75843,1.11453e-17
1.76067,1.06797e-17
1.76292,1.02323e-17
1.76517,9.80234e-18
1.76742,9.38931e-18
1.76966,8.99254e-18
1.77191,8.61145e-18
1.77416,8.24547e-18
1.7764,7.89404e-18
1.77865,7.55664e-18
1.7809,7.23275e-18
1.78315,6.92187e-18
1.78539,6.62351e-18
1.78764,6.33721e-18
1.78989,6.06253e-18
1.79213,5.79901e-18
1.79438,5.54625e-18
1.79663,5.30384e-18
1.79888,5.07138e-18
1.80112,4.8485e-18
1.80337,4.63483e-18
1.80562,4.43002e-18
1.80787,4.23372e-18
1.81011,4.04561e-18
1.81236,3.86537e-18
1.81461,3.69269e-18
1.81685,3.52728e-18
1.8191,3.36886e-18
1.82135,3.21715e-18
1.8236,3.07188e-18
1.82584,2.93279e-18
1.82809,2.79966e-18
1.83034,2.67223e-18
1.83258,2.55027e-18
1.83483,2.43358e-18
1.83708,2.32193e-18
1.83933,2.21513e-18
1.84157,2.11297e-18
1.84382,2.01526e-18
1.84607,1.92184e-18
1.84831,1.83251e-18
1.85056,1.74711e-18
1.85281,1.66549e-18
1.85506,1.58747e-18
1.8573,1.51292e-18
1.85955,1.44169e-18
1.8618,1.37364e-18
1.86404,1.30864e-18
1.86629,1.24655e-18
1.86854,1.18726e-18
1.87079,1.13065e-18
1.87303,1.0766e-18
1.87528,1.02501e-18
1.87753,9.75762e-19
1.87978,9.28765e-19
1.88202,8.83921e-19
1.88427,8.41135e-19
1.88652,8.0032e-19
1.88876,7.61389e-19
1.89101,7.2426e-19
1.89326,6.88855e-19
1.89551,6.55098e-19
1.89775,6.22916e-19
1.9,5.92241e-19
1.90225,5.63005e-19
1.90449,5.35145e-19
1.90674,5.08599e-19
1.90899,4.83309e-19
1.91124,4.59218e-19
1.91348,4.36274e-19
1.91573,4.14423e-19
1.91798,3.93617e-19
1.92022,3.73809e-19
1.92247,3.54952e-19
1.92472,3.37004e-19
1.92697,3.19923e-19
1.92921,3.0367e-19
1.93146,2.88206e-19
1.93371,2.73495e-19
1.93596,2.59502e-19
1.9382,2.46194e-19
1.94045,2.33539e-19
1.9427,2.21506e-19
1.94494,2.10067e-19
1.94719,1.99194e-19
1.94944,1.88859e-19
1.95169,1.79038e-19
1.95393,1.69707e-19
1.95618,1.60841e-19
1.95843,1.52419e-19
1.96067,1.4442e-19
1.96292,1.36824e-19
1.96517,1.29611e-19
1.96742,1.22762e-19
1.96966,1.16261e-19
1.97191,1.1009e-19
1.97416,1.04233e-19
1.9764,9.8676e-20
1.97865,9.34031e-20
1.9809,8.84007e-20
1.98315,8.36558e-20
1.98539,7.91555e-20
1.98764,7.48879e-20
1.98989,7.08414e-20
1.99213,6.70051e-20
1.99438,6.33686e-20
1.99663,5.99218e-20
1.99888,5.66554e-20
