0.00149031,5.71765e-20
0.00447094,6.15861e-20
0.00745156,6.63211e-20
0.0104322,7.14043e-20
0.0134128,7.68599e-20
0.0163934,8.27141e-20
0.0193741,8.89943e-20
0.0223547,9.57302e-20
0.0253353,1.02953e-19
0.0283159,1.10696e-19
0.0312966,1.18995e-19
0.0342772,1.27888e-19
0.0372578,1.37415e-19
0.0402385,1.47619e-19
0.0432191,1.58545e-19
0.0461997,1.70243e-19
0.0491803,1.82762e-19
0.052161,1.96159e-19
0.0551416,2.10491e-19
0.0581222,2.25821e-19
0.0611028,2.42212e-19
0.0640835,2.59736e-19
0.0670641,2.78466e-19
0.0700447,2.9848e-19
0.0730253,3.19861e-19
0.076006,3.42698e-19
0.0789866,3.67084e-19
0.0819672,3.93118e-19
0.0849478,4.20905e-19
0.0879285,4.50556e-19
0.0909091,4.82188e-19
0.0938897,5.15927e-19
0.0968703,5.51904e-19
0.099851,5.90258e-19
0.102832,6.31137e-19
0.105812,6.74698e-19
0.108793,7.21106e-19
0.111773,7.70534e-19
0.114754,8.23167e-19
0.117735,8.792e-19
0.120715,9.38839e-19
0.123696,1.0023e-18
0.126677,1.06982e-18
0.129657,1.14162e-18
0.132638,1.21798e-18
0.135618,1.29916e-18
0.138599,1.38543e-18
0.14158,1.47711e-18
0.14456,1.57451e-18
0.147541,1.67796e-18
0.150522,1.7878e-18
0.153502,1.90442e-18
0.156483,2.02819e-18
0.159463,2.15952e-18
0.162444,2.29885e-18
0.165425,2.44662e-18
0.168405,2.60332e-18
0.171386,2.76943e-18
0.174367,2.94549e-18
0.177347,3.13205e-18
0.180328,3.32969e-18
0.183308,3.539e-18
0.186289,3.76064e-18
0.18927,3.99528e-18
0.19225,4.24361e-18
0.195231,4.50638e-18
0.198212,4.78435e-18
0.201192,5.07834e-18
0.204173,5.3892e-18
0.207154,5.71782e-18
0.210134,6.06513e-18
0.213115,6.43211e-18
0.216095,6.81978e-18
0.219076,7.22921e-18
0.222057,7.66151e-18
0.225037,8.11786e-18
0.228018,8.59949e-18
0.230999,9.10767e-18
0.233979,9.64373e-18
0.23696,1.02091e-17
0.23994,1.08052e-17
0.242921,1.14335e-17
0.245902,1.20957e-17
0.248882,1.27935e-17
0.251863,1.35284e-17
0.254844,1.43024e-17
0.257824,1.51174e-17
0.260805,1.59752e-17
0.263785,1.6878e-17
0.266766,1.78278e-17
0.269747,1.88268e-17
0.272727,1.98775e-17
0.275708,2.09821e-17
0.278689,2.21432e-17
0.281669,2.33633e-17
0.28465,2.46452e-17
0.28763,2.59917e-17
0.290611,2.74056e-17
0.293592,2.88901e-17
0.296572,3.04482e-17
0.299553,3.20832e-17
0.302534,3.37984e-17
0.305514,3.55975e-17
0.308495,3.7484e-17
0.311475,3.94617e-17
0.314456,4.15346e-17
0.317437,4.37066e-17
0.320417,4.5982e-17
0.323398,4.83651e-17
0.326379,5.08604e-17
0.329359,5.34726e-17
0.33234,5.62064e-17
0.33532,5.90669e-17
0.338301,6.20592e-17
0.341282,6.51886e-17
0.344262,6.84606e-17
0.347243,7.18809e-17
0.350224,7.54552e-17
0.353204,7.91898e-17
0.356185,8.30907e-17
0.359165,8.71644e-17
0.362146,9.14175e-17
0.365127,9.58569e-17
0.368107,1.00489e-16
0.371088,1.05323e-16
0.374069,1.10364e-16
0.377049,1.1562e-16
0.38003,1.211e-16
0.38301,1.26812e-16
0.385991,1.32764e-16
0.388972,1.38964e-16
0.391952,1.45421e-16
0.394933,1.52145e-16
0.397914,1.59144e-16
0.400894,1.66428e-16
0.403875,1.74006e-16
0.406855,1.8189e-16
0.409836,1.90088e-16
0.412817,1.98612e-16
0.415797,2.07472e-16
0.418778,2.16679e-16
0.421759,2.26245e-16
0.424739,2.3618e-16
0.42772,2.46497e-16
0.4307,2.57207e-16
0.433681,2.68324e-16
0.436662,2.79858e-16
0.439642,2.91823e-16
0.442623,3.04233e-16
0.445604,3.17099e-16
0.448584,3.30437e-16
0.451565,3.44259e-16
0.454545,3.58579e-16
0.457526,3.73412e-16
0.460507,3.88773e-16
0.463487,4.04675e-16
0.466468,4.21134e-16
0.469449,4.38166e-16
0.472429,4.55785e-16
0.47541,4.74007e-16
0.47839,4.92848e-16
0.481371,5.12325e-16
0.484352,5.32452e-16
0.487332,5.53248e-16
0.490313,5.74728e-16
0.493294,5.96909e-16
0.496274,6.19809e-16
0.499255,6.43445e-16
0.502235,6.67833e-16
0.505216,6.92992e-16
0.508197,7.18939e-16
0.511177,7.45692e-16
0.514158,7.73269e-16
0.517139,8.01687e-16
0.520119,8.30965e-16
0.5231,8.61122e-16
0.52608,8.92174e-16
0.529061,9.24141e-16
0.532042,9.57041e-16
0.535022,9.90892e-16
0.538003,1.02571e-15
0.540984,1.06152e-15
0.543964,1.09833e-15
0.546945,1.13617e-15
0.549925,1.17505e-15
0.552906,1.215e-15
0.555887,1.25602e-15
0.558867,1.29813e-15
0.561848,1.34136e-15
0.564829,1.38573e-15
0.567809,1.43124e-15
0.57079,1.47792e-15
0.57377,1.52578e-15
0.576751,1.57485e-15
0.579732,1.62513e-15
0.582712,1.67664e-15
0.585693,1.7294e-15
0.588674,1.78342e-15
0.591654,1.83873e-15
0.594635,1.89533e-15
0.597615,1.95323e-15
0.600596,2.01246e-15
0.603577,2.07303e-15
0.606557,2.13494e-15
0.609538,2.19821e-15
0.612519,2.26286e-15
0.615499,2.32889e-15
0.61848,2.39632e-15
0.621461,2.46514e-15
0.624441,2.53539e-15
0.627422,2.60705e-15
0.630402,2.68015e-15
0.633383,2.75468e-15
0.636364,2.83066e-15
0.639344,2.90809e-15
0.642325,2.98697e-15
0.645306,3.06731e-15
0.648286,3.14911e-15
0.651267,3.23237e-15
0.654247,3.3171e-15
0.657228,3.4033e-15
0.660209,3.49096e-15
0.663189,3.58008e-15
0.66617,3.67066e-15
0.669151,3.76269e-15
0.672131,3.85618e-15
0.675112,3.95112e-15
0.678092,4.04749e-15
0.681073,4.14529e-15
0.684054,4.24451e-15
0.687034,4.34514e-15
0.690015,4.44717e-15
0.692996,4.55058e-15
0.695976,4.65537e-15
0.698957,4.76151e-15
0.701937,4.86899e-15
0.704918,4.97779e-15
0.707899,5.08789e-15
0.710879,5.19927e-15
0.71386,5.31191e-15
0.716841,5.42578e-15
0.719821,5.54086e-15
0.722802,5.65713e-15
0.725782,5.77456e-15
0.728763,5.89311e-15
0.731744,6.01276e-15
0.734724,6.13348e-15
0.737705,6.25523e-15
0.740686,6.37799e-15
0.743666,6.50171e-15
0.746647,6.62635e-15
0.749627,6.75189e-15
0.752608,6.87827e-15
0.755589,7.00547e-15
0.758569,7.13343e-15
0.76155,7.26212e-15
0.764531,7.39149e-15
0.767511,7.52149e-15
0.770492,7.65208e-15
0.773472,7.78321e-15
0.776453,7.91482e-15
0.779434,8.04687e-15
0.782414,8.17931e-15
0.785395,8.31209e-15
0.788376,8.44514e-15
0.791356,8.57842e-15
0.794337,8.71186e-15
0.797317,8.84542e-15
0.800298,8.97903e-15
0.803279,9.11263e-15
0.806259,9.24617e-15
0.80924,9.37958e-15
0.812221,9.5128e-15
0.815201,9.64577e-15
0.818182,9.77843e-15
0.821162,9.91072e-15
0.824143,1.00426e-14
0.827124,1.01739e-14
0.830104,1.03047e-14
0.833085,1.04348e-14
0.836066,1.05642e-14
0.839046,1.06929e-14
0.842027,1.08207e-14
0.845007,1.09476e-14
0.847988,1.10735e-14
0.850969,1.11984e-14
0.853949,1.13222e-14
0.85693,1.14448e-14
0.859911,1.15662e-14
0.862891,1.16863e-14
0.865872,1.1805e-14
0.868852,1.19223e-14
0.871833,1.2038e-14
0.874814,1.21522e-14
0.877794,1.22647e-14
0.880775,1.23755e-14
0.883756,1.24846e-14
0.886736,1.25918e-14
0.889717,1.26971e-14
0.892697,1.28004e-14
0.895678,1.29018e-14
0.898659,1.3001e-14
0.901639,1.30981e-14
0.90462,1.3193e-14
0.907601,1.32856e-14
0.910581,1.33759e-14
0.913562,1.34638e-14
0.916542,1.35493e-14
0.919523,1.36324e-14
0.922504,1.37128e-14
0.925484,1.37907e-14
0.928465,1.3866e-14
0.931446,1.39385e-14
0.934426,1.40083e-14
0.937407,1.40754e-14
0.940387,1.41396e-14
0.943368,1.4201e-14
0.946349,1.42595e-14
0.949329,1.4315e-14
0.95231,1.43676e-14
0.955291,1.44171e-14
0.958271,1.44636e-14
0.961252,1.4507e-14
0.964232,1.45474e-14
0.967213,1.45846e-14
0.970194,1.46186e-14
0.973174,1.46495e-14
0.976155,1.46772e-14
0.979136,1.47017e-14
0.982116,1.47229e-14
0.985097,1.47409e-14
0.988077,1.47556e-14
0.991058,1.47671e-14
0.994039,1.47753e-14
0.997019,1.47802e-14
1,1.47819e-14
1.00298,1.47802e-14
1.00596,1.47753e-14
1.00894,1.47671e-14
1.01192,1.47556e-14
1.0149,1.47409e-14
1.01788,1.47229e-14
1.02086,1.47017e-14
1.02385,1.46772e-14
1.02683,1.46495e-14
1.02981,1.46186e-14
1.03279,1.45846e-14
1.03577,1.45474e-14
1.03875,1.4507e-14
1.04173,1.44636e-14
1.04471,1.44171e-14
1.04769,1.43676e-14
1.05067,1.4315e-14
1.05365,1.42595e-14
1.05663,1.4201e-14
1.05961,1.41396e-14
1.06259,1.40754e-14
1.06557,1.40083e-14
1.06855,1.39385e-14
1.07154,1.3866e-14
1.07452,1.37907e-14
1.0775,1.37128e-14
1.08048,1.36324e-14
1.08346,1.35493e-14
1.08644,1.34638e-14
1.08942,1.33759e-14
1.0924,1.32856e-14
1.09538,1.3193e-14
1.09836,1.30981e-14
1.10134,1.3001e-14
1.10432,1.29018e-14
1.1073,1.28004e-14
1.11028,1.26971e-14
1.11326,1.25918e-14
1.11624,1.24846e-14
1.11923,1.23755e-14
1.12221,1.22647e-14
1.12519,1.21522e-14
1.12817,1.2038e-14
1.13115,1.19223e-14
1.13413,1.1805e-14
1.13711,1.16863e-14
1.14009,1.15662e-14
1.14307,1.14448e-14
1.14605,1.13222e-14
1.14903,1.11984e-14
1.15201,1.10735e-14
1.15499,1.09476e-14
1.15797,1.08207e-14
1.16095,1.06929e-14
1.16393,1.05642e-14
1.16692,1.04348e-14
1.1699,1.03047e-14
1.17288,1.01739e-14
1.17586,1.00426e-14
1.17884,9.91072e-15
1.18182,9.77843e-15
1.1848,9.64577e-15
1.18778,9.5128e-15
1.19076,9.37958e-15
1.19374,9.24617e-15
1.19672,9.11263e-15
1.1997,8.97903e-15
1.20268,8.84542e-15
1.20566,8.71186e-15
1.20864,8.57842e-15
1.21162,8.44514e-15
1.21461,8.31209e-15
1.21759,8.17931e-15
1.22057,8.04687e-15
1.22355,7.91482e-15
1.22653,7.78321e-15
1.22951,7.65208e-15
1.23249,7.52149e-15
1.23547,7.39149e-15
1.23845,7.26212e-15
1.24143,7.13343e-15
1.24441,7.00547e-15
1.24739,6.87827e-15
1.25037,6.75189e-15
1.25335,6.62635e-15
1.25633,6.50171e-15
1.25931,6.37799e-15
1.2623,6.25523e-15
1.26528,6.13348e-15
1.26826,6.01276e-15
1.27124,5.89311e-15
1.27422,5.77456e-15
1.2772,5.65713e-15
1.28018,5.54086e-15
1.28316,5.42578e-15
1.28614,5.31191e-15
1.28912,5.19927e-15
1.2921,5.08789e-15
1.29508,4.97779e-15
1.29806,4.86899e-15
1.30104,4.76151e-15
1.30402,4.65537e-15
1.307,4.55058e-15
1.30999,4.44717e-15
1.31297,4.34514e-15
1.31595,4.24451e-15
1.31893,4.14529e-15
1.32191,4.04749e-15
1.32489,3.95112e-15
1.32787,3.85618e-15
1.33085,3.76269e-15
1.33383,3.67066e-15
1.33681,3.58008e-15
1.33979,3.49096e-15
1.34277,3.4033e-15
1.34575,3.3171e-15
1.34873,3.23237e-15
1.35171,3.14911e-15
1.35469,3.06731e-15
1.35768,2.98697e-15
1.36066,2.90809e-15
1.36364,2.83066e-15
1.36662,2.75468e-15
1.3696,2.68015e-15
1.37258,2.60705e-15
1.37556,2.53539e-15
1.37854,2.46514e-15
1.38152,2.39632e-15
1.3845,2.32889e-15
1.38748,2.26286e-15
1.39046,2.19821e-15
1.39344,2.13494e-15
1.39642,2.07303e-15
1.3994,2.01246e-15
1.40238,1.95323e-15
1.40537,1.89533e-15
1.40835,1.83873e-15
1.41133,1.78342e-15
1.41431,1.7294e-15
1.41729,1.67664e-15
1.42027,1.62513e-15
1.42325,1.57485e-15
1.42623,1.52578e-15
1.42921,1.47792e-15
1.43219,1.43124e-15
1.43517,1.38573e-15
1.43815,1.34136e-15
1.44113,1.29813e-15
1.44411,1.25602e-15
1.44709,1.215e-15
1.45007,1.17505e-15
1.45306,1.13617e-15
1.45604,1.09833e-15
1.45902,1.06152e-15
1.462,1.02571e-15
1.46498,9.90892e-16
1.46796,9.57041e-16
1.47094,9.24141e-16
1.47392,8.92174e-16
1.4769,8.61122e-16
1.47988,8.30965e-16
1.48286,8.01687e-16
1.48584,7.73269e-16
1.48882,7.45692e-16
1.4918,7.18939e-16
1.49478,6.92992e-16
1.49776,6.67833e-16
1.50075,6.43445e-16
1.50373,6.19809e-16
1.50671,5.96909e-16
1.50969,5.74728e-16
1.51267,5.53248e-16
1.51565,5.32452e-16
1.51863,5.12325e-16
1.52161,4.92848e-16
1.52459,4.74007e-16
1.52757,4.55785e-16
1.53055,4.38166e-16
1.53353,4.21134e-16
1.53651,4.04675e-16
1.53949,3.88773e-16
1.54247,3.73412e-16
1.54545,3.58579e-16
1.54844,3.44259e-16
1.55142,3.30437e-16
1.5544,3.17099e-16
1.55738,3.04233e-16
1.56036,2.91823e-16
1.56334,2.79858e-16
1.56632,2.68324e-16
1.5693,2.57207e-16
1.57228,2.46497e-16
1.57526,2.3618e-16
1.57824,2.26245e-16
1.58122,2.16679e-16
1.5842,2.07472e-16
1.58718,1.98612e-16
1.59016,1.90088e-16
1.59314,1.8189e-16
1.59613,1.74006e-16
1.59911,1.66428e-16
1.60209,1.59144e-16
1.60507,1.52145e-16
1.60805,1.45421e-16
1.61103,1.38964e-16
1.61401,1.32764e-16
1.61699,1.26812e-16
1.61997,1.211e-16
1.62295,1.1562e-16
1.62593,1.10364e-16
1.62891,1.05323e-16
1.63189,1.00489e-16
1.63487,9.58569e-17
1.63785,9.14175e-17
1.64083,8.71644e-17
1.64382,8.30907e-17
1.6468,7.91898e-17
1.64978,7.54552e-17
1.65276,7.18809e-17
1.65574,6.84606e-17
1.65872,6.51886e-17
1.6617,6.20592e-17
1.66468,5.90669e-17
1.66766,5.62064e-17
1.67064,5.34726e-17
1.67362,5.08604e-17
1.6766,4.83651e-17
1.67958,4.5982e-17
1.68256,4.37066e-17
1.68554,4.15346e-17
1.68852,3.94617e-17
1.69151,3.7484e-17
1.69449,3.55975e-17
1.69747,3.37984e-17
1.70045,3.20832e-17
1.70343,3.04482e-17
1.70641,2.88901e-17
1.70939,2.74056e-17
1.71237,2.59917e-17
1.71535,2.46452e-17
1.71833,2.33633e-17
1.72131,2.21432e-17
1.72429,2.09821e-17
1.72727,1.98775e-17
1.73025,1.88268e-17
1.73323,1.78278e-17
1.73621,1.6878e-17
1.7392,1.59752e-17
1.74218,1.51174e-17
1.74516,1.43024e-17
1.74814,1.35284e-17
1.75112,1.27935e-17
1.7541,1.20957e-17
1.75708,1.14335e-17
1.76006,1.08052e-17
1.76304,1.02091e-17
1.76602,9.64373e-18
1.769,9.10767e-18
1.77198,8.59949e-18
1.77496,8.11786e-18
1.77794,7.66151e-18
1.78092,7.22921e-18
1.7839,6.81978e-18
1.78689,6.43211e-18
1.78987,6.06513e-18
1.79285,5.71782e-18
1.79583,5.3892e-18
1.79881,5.07834e-18
1.80179,4.78435e-18
1.80477,4.50638e-18
1.80775,4.24361e-18
1.81073,3.99528e-18
1.81371,3.76064e-18
1.81669,3.539e-18
1.81967,3.32969e-18
1.82265,3.13205e-18
1.82563,2.94549e-18
1.82861,2.76943e-18
1.83159,2.60332e-18
1.83458,2.44662e-18
1.83756,2.29885e-18
1.84054,2.15952e-18
1.84352,2.02819e-18
1.8465,1.90442e-18
1.84948,1.7878e-18
1.85246,1.67796e-18
1.85544,1.57451e-18
1.85842,1.47711e-18
1.8614,1.38543e-18
1.86438,1.29916e-18
1.86736,1.21798e-18
1.87034,1.14162e-18
1.87332,1.06982e-18
1.8763,1.0023e-18
1.87928,9.38839e-19
1.88227,8.792e-19
1.88525,8.23167e-19
1.88823,7.70534e-19
1.89121,7.21106e-19
1.89419,6.74698e-19
1.89717,6.31137e-19
1.90015,5.90258e-19
1.90313,5.51904e-19
1.90611,5.15927e-19
1.90909,4.82188e-19
1.91207,4.50556e-19
1.91505,4.20905e-19
1.91803,3.93118e-19
1.92101,3.67084e-19
1.92399,3.42698e-19
1.92697,3.19861e-19
1.92996,2.9848e-19
1.93294,2.78466e-19
1.93592,2.59736e-19
1.9389,2.42212e-19
1.94188,2.25821e-19
1.94486,2.10491e-19
1.94784,1.96159e-19
1.95082,1.82762e-19
1.9538,1.70243e-19
1.95678,1.58545e-19
1.95976,1.47619e-19
1.96274,1.37415e-19
1.96572,1.27888e-19
1.9687,1.18995e-19
1.97168,1.10696e-19
1.97466,1.02953e-19
1.97765,9.57302e-20
1.98063,8.89943e-20
1.98361,8.27141e-20
1.98659,7.68599e-20
1.98957,7.14043e-20
1.99255,6.63211e-20
1.99553,6.15861e-20
1.99851,5.71765e-20
