0.00290698,5.92332e-20
0.00872093,6.84419e-20
0.0145349,7.90155e-20
0.0203488,9.11456e-20
0.0261628,1.05049e-19
0.0319767,1.20971e-19
0.0377907,1.39188e-19
0.0436047,1.60014e-19
0.0494186,1.838e-19
0.0552326,2.10944e-19
0.0610465,2.41892e-19
0.0668605,2.77146e-19
0.0726744,3.1727e-19
0.0784884,3.62896e-19
0.0843023,4.14733e-19
0.0901163,4.73574e-19
0.0959302,5.40306e-19
0.101744,6.15921e-19
0.107558,7.01525e-19
0.113372,7.98352e-19
0.119186,9.07776e-19
0.125,1.03133e-18
0.130814,1.1707e-18
0.136628,1.32779e-18
0.142442,1.50468e-18
0.148256,1.70371e-18
0.15407,1.92742e-18
0.159884,2.17867e-18
0.165698,2.46059e-18
0.171512,2.77665e-18
0.177326,3.13066e-18
0.18314,3.52681e-18
0.188953,3.96975e-18
0.194767,4.46453e-18
0.200581,5.01675e-18
0.206395,5.6325e-18
0.212209,6.31849e-18
0.218023,7.08204e-18
0.223837,7.93116e-18
0.229651,8.87458e-18
0.235465,9.92184e-18
0.241279,1.10833e-17
0.247093,1.23703e-17
0.252907,1.3795e-17
0.258721,1.53709e-17
0.264535,1.71123e-17
0.270349,1.90349e-17
0.276163,2.11556e-17
0.281977,2.34927e-17
0.287791,2.6066e-17
0.293605,2.88967e-17
0.299419,3.20078e-17
0.305233,3.54238e-17
0.311047,3.91714e-17
0.31686,4.32788e-17
0.322674,4.77765e-17
0.328488,5.2697e-17
0.334302,5.80753e-17
0.340116,6.39484e-17
0.34593,7.03559e-17
0.351744,7.73401e-17
0.357558,8.49458e-17
0.363372,9.32206e-17
0.369186,1.02215e-16
0.375,1.11983e-16
0.380814,1.2258e-16
0.386628,1.34067e-16
0.392442,1.46507e-16
0.398256,1.59965e-16
0.40407,1.74513e-16
0.409884,1.90222e-16
0.415698,2.07171e-16
0.421512,2.25439e-16
0.427326,2.4511e-16
0.43314,2.66273e-16
0.438953,2.89019e-16
0.444767,3.13443e-16
0.450581,3.39644e-16
0.456395,3.67724e-16
0.462209,3.97789e-16
0.468023,4.29949e-16
0.473837,4.64317e-16
0.479651,5.01008e-16
0.485465,5.40141e-16
0.491279,5.8184e-16
0.497093,6.26228e-16
0.502907,6.73434e-16
0.508721,7.23585e-16
0.514535,7.76816e-16
0.520349,8.33257e-16
0.526163,8.93045e-16
0.531977,9.56313e-16
0.537791,1.0232e-15
0.543605,1.09384e-15
0.549419,1.16837e-15
0.555233,1.24692e-15
0.561047,1.32963e-15
0.56686,1.41663e-15
0.572674,1.50804e-15
0.578488,1.604e-15
0.584302,1.70463e-15
0.590116,1.81003e-15
0.59593,1.92033e-15
0.601744,2.03563e-15
0.607558,2.15603e-15
0.613372,2.28163e-15
0.619186,2.4125e-15
0.625,2.54872e-15
0.630814,2.69036e-15
0.636628,2.83747e-15
0.642442,2.99009e-15
0.648256,3.14827e-15
0.65407,3.31201e-15
0.659884,3.48133e-15
0.665698,3.65621e-15
0.671512,3.83663e-15
0.677326,4.02256e-15
0.68314,4.21393e-15
0.688953,4.41068e-15
0.694767,4.61271e-15
0.700581,4.81993e-15
0.706395,5.0322e-15
0.712209,5.24937e-15
0.718023,5.4713e-15
0.723837,5.69779e-15
0.729651,5.92865e-15
0.735465,6.16365e-15
0.741279,6.40255e-15
0.747093,6.64509e-15
0.752907,6.89099e-15
0.758721,7.13996e-15
0.764535,7.39168e-15
0.770349,7.6458e-15
0.776163,7.90198e-15
0.781977,8.15985e-15
0.787791,8.41901e-15
0.793605,8.67907e-15
0.799419,8.9396e-15
0.805233,9.20018e-15
0.811047,9.46035e-15
0.81686,9.71967e-15
0.822674,9.97765e-15
0.828488,1.02338e-14
0.834302,1.04877e-14
0.840116,1.07388e-14
0.84593,1.09867e-14
0.851744,1.12307e-14
0.857558,1.14705e-14
0.863372,1.17055e-14
0.869186,1.19353e-14
0.875,1.21592e-14
0.880814,1.2377e-14
0.886628,1.25879e-14
0.892442,1.27917e-14
0.898256,1.29877e-14
0.90407,1.31756e-14
0.909884,1.3355e-14
0.915698,1.35254e-14
0.921512,1.36863e-14
0.927326,1.38375e-14
0.93314,1.39785e-14
0.938953,1.41091e-14
0.944767,1.42288e-14
0.950581,1.43374e-14
0.956395,1.44347e-14
0.962209,1.45203e-14
0.968023,1.45942e-14
0.973837,1.46559e-14
0.979651,1.47056e-14
0.985465,1.47429e-14
0.991279,1.47678e-14
0.997093,1.47803e-14
1.00291,1.47803e-14
1.00872,1.47678e-14
1.01453,1.47429e-14
1.02035,1.47056e-14
1.02616,1.46559e-14
1.03198,1.45942e-14
1.03779,1.45203e-14
1.0436,1.44347e-14
1.04942,1.43374e-14
1.05523,1.42288e-14
1.06105,1.41091e-14
1.06686,1.39785e-14
1.07267,1.38375e-14
1.07849,1.36863e-14
1.0843,1.35254e-14
1.09012,1.3355e-14
1.09593,1.31756e-14
1.10174,1.29877e-14
1.10756,1.27917e-14
1.11337,1.25879e-14
1.11919,1.2377e-14
1.125,1.21592e-14
1.13081,1.19353e-14
1.13663,1.17055e-14
1.14244,1.14705e-14
1.14826,1.12307e-14
1.15407,1.09867e-14
1.15988,1.07388e-14
1.1657,1.04877e-14
1.17151,1.02338e-14
1.17733,9.97765e-15
1.18314,9.71967e-15
1.18895,9.46035e-15
1.19477,9.20018e-15
1.20058,8.9396e-15
1.2064,8.67907e-15
1.21221,8.41901e-15
1.21802,8.15985e-15
1.22384,7.90198e-15
1.22965,7.6458e-15
1.23547,7.39168e-15
1.24128,7.13996e-15
1.24709,6.89099e-15
1.25291,6.64509e-15
1.25872,6.40255e-15
1.26453,6.16365e-15
1.27035,5.92865e-15
1.27616,5.69779e-15
1.28198,5.4713e-15
1.28779,5.24937e-15
1.2936,5.0322e-15
1.29942,4.81993e-15
1.30523,4.61271e-15
1.31105,4.41068e-15
1.31686,4.21393e-15
1.32267,4.02256e-15
1.32849,3.83663e-15
1.3343,3.65621e-15
1.34012,3.48133e-15
1.34593,3.31201e-15
1.35174,3.14827e-15
1.35756,2.99009e-15
1.36337,2.83747e-15
1.36919,2.69036e-15
1.375,2.54872e-15
1.38081,2.4125e-15
1.38663,2.28163e-15
1.39244,2.15603e-15
1.39826,2.03563e-15
1.40407,1.92033e-15
1.40988,1.81003e-15
1.4157,1.70463e-15
1.42151,1.604e-15
1.42733,1.50804e-15
1.43314,1.41663e-15
1.43895,1.32963e-15
1.44477,1.24692e-15
1.45058,1.16837e-15
1.4564,1.09384e-15
1.46221,1.0232e-15
1.46802,9.56313e-16
1.47384,8.93045e-16
1.47965,8.33257e-16
1.48547,7.76816e-16
1.49128,7.23585e-16
1.49709,6.73434e-16
1.50291,6.26228e-16
1.50872,5.8184e-16
1.51453,5.40141e-16
1.52035,5.01008e-16
1.52616,4.64317e-16
1.53198,4.29949e-16
1.53779,3.97789e-16
1.5436,3.67724e-16
1.54942,3.39644e-16
1.55523,3.13443e-16
1.56105,2.89019e-16
1.56686,2.66273e-16
1.57267,2.4511e-16
1.57849,2.25439e-16
1.5843,2.07171e-16
1.59012,1.90222e-16
1.59593,1.74513e-16
1.60174,1.59965e-16
1.60756,1.46507e-16
1.61337,1.34067e-16
1.61919,1.2258e-16
1.625,1.11983e-16
1.63081,1.02215e-16
1.63663,9.32206e-17
1.64244,8.49458e-17
1.64826,7.73401e-17
1.65407,7.03559e-17
1.65988,6.39484e-17
1.6657,5.80753e-17
1.67151,5.2697e-17
1.67733,4.77765e-17
1.68314,4.32788e-17
1.68895,3.91714e-17
1.69477,3.54238e-17
1.70058,3.20078e-17
1.7064,2.88967e-17
1.71221,2.6066e-17
1.71802,2.34927e-17
1.72384,2.11556e-17
1.72965,1.90349e-17
1.73547,1.71123e-17
1.74128,1.53709e-17
1.74709,1.3795e-17
1.75291,1.23703e-17
1.75872,1.10833e-17
1.76453,9.92184e-18
1.77035,8.87458e-18
1.77616,7.93116e-18
1.78198,7.08204e-18
1.78779,6.31849e-18
1.7936,5.6325e-18
1.79942,5.01675e-18
1.80523,4.46453e-18
1.81105,3.96975e-18
1.81686,3.52681e-18
1.82267,3.13066e-18
1.82849,2.77665e-18
1.8343,2.46059e-18
1.84012,2.17867e-18
1.84593,1.92742e-18
1.85174,1.70371e-18
1.85756,1.50468e-18
1.86337,1.32779e-18
1.86919,1.1707e-18
1.875,1.03133e-18
1.88081,9.07776e-19
1.88663,7.98352e-19
1.89244,7.01525e-19
1.89826,6.15921e-19
1.90407,5.40306e-19
1.90988,4.73574e-19
1.9157,4.14733e-19
1.92151,3.62896e-19
1.92733,3.1727e-19
1.93314,2.77146e-19
1.93895,2.41892e-19
1.94477,2.10944e-19
1.95058,1.838e-19
1.9564,1.60014e-19
1.96221,1.39188e-19
1.96802,1.20971e-19
1.97384,1.05049e-19
1.97965,9.11456e-20
1.98547,7.90155e-20
1.99128,6.84419e-20
1.99709,5.92332e-20
