0.00184162,5.768e-20
0.00552486,6.3222e-20
0.0092081,6.9273e-20
0.0128913,7.58774e-20
0.0165746,8.30833e-20
0.0202578,9.09426e-20
0.0239411,9.95117e-20
0.0276243,1.08851e-19
0.0313076,1.19027e-19
0.0349908,1.3011e-19
0.038674,1.42176e-19
0.0423573,1.55309e-19
0.0460405,1.69598e-19
0.0497238,1.85138e-19
0.053407,2.02034e-19
0.0570902,2.20396e-19
0.0607735,2.40347e-19
0.0644567,2.62014e-19
0.06814,2.85538e-19
0.0718232,3.11068e-19
0.0755064,3.38766e-19
0.0791897,3.68805e-19
0.0828729,4.01371e-19
0.0865562,4.36666e-19
0.0902394,4.74902e-19
0.0939227,5.16312e-19
0.0976059,5.61142e-19
0.101289,6.09658e-19
0.104972,6.62144e-19
0.108656,7.18904e-19
0.112339,7.80265e-19
0.116022,8.46577e-19
0.119705,9.18213e-19
0.123389,9.95573e-19
0.127072,1.07908e-18
0.130755,1.1692e-18
0.134438,1.26642e-18
0.138122,1.37126e-18
0.141805,1.48427e-18
0.145488,1.60604e-18
0.149171,1.73722e-18
0.152855,1.87848e-18
0.156538,2.03054e-18
0.160221,2.19416e-18
0.163904,2.37016e-18
0.167587,2.55941e-18
0.171271,2.76283e-18
0.174954,2.98141e-18
0.178637,3.21619e-18
0.18232,3.46828e-18
0.186004,3.73887e-18
0.189687,4.0292e-18
0.19337,4.3406e-18
0.197053,4.67448e-18
0.200737,5.03233e-18
0.20442,5.41575e-18
0.208103,5.8264e-18
0.211786,6.26607e-18
0.21547,6.73662e-18
0.219153,7.24006e-18
0.222836,7.77848e-18
0.226519,8.35411e-18
0.230203,8.96929e-18
0.233886,9.62651e-18
0.237569,1.03284e-17
0.241252,1.10777e-17
0.244936,1.18773e-17
0.248619,1.27303e-17
0.252302,1.364e-17
0.255985,1.46097e-17
0.259669,1.5643e-17
0.263352,1.67437e-17
0.267035,1.79159e-17
0.270718,1.91635e-17
0.274401,2.04911e-17
0.278085,2.19033e-17
0.281768,2.34048e-17
0.285451,2.50008e-17
0.289134,2.66966e-17
0.292818,2.84977e-17
0.296501,3.041e-17
0.300184,3.24396e-17
0.303867,3.4593e-17
0.307551,3.68768e-17
0.311234,3.9298e-17
0.314917,4.1864e-17
0.3186,4.45824e-17
0.322284,4.74613e-17
0.325967,5.05089e-17
0.32965,5.3734e-17
0.333333,5.71456e-17
0.337017,6.07532e-17
0.3407,6.45667e-17
0.344383,6.85963e-17
0.348066,7.28526e-17
0.35175,7.73468e-17
0.355433,8.20904e-17
0.359116,8.70954e-17
0.362799,9.23742e-17
0.366483,9.79398e-17
0.370166,1.03805e-16
0.373849,1.09985e-16
0.377532,1.16493e-16
0.381215,1.23344e-16
0.384899,1.30554e-16
0.388582,1.38139e-16
0.392265,1.46114e-16
0.395948,1.54498e-16
0.399632,1.63307e-16
0.403315,1.7256e-16
0.406998,1.82275e-16
0.410681,1.92472e-16
0.414365,2.03171e-16
0.418048,2.14392e-16
0.421731,2.26155e-16
0.425414,2.38483e-16
0.429098,2.51398e-16
0.432781,2.64923e-16
0.436464,2.7908e-16
0.440147,2.93894e-16
0.443831,3.0939e-16
0.447514,3.25592e-16
0.451197,3.42527e-16
0.45488,3.6022e-16
0.458564,3.78698e-16
0.462247,3.9799e-16
0.46593,4.18122e-16
0.469613,4.39124e-16
0.473297,4.61024e-16
0.47698,4.83853e-16
0.480663,5.07639e-16
0.484346,5.32415e-16
0.488029,5.5821e-16
0.491713,5.85056e-16
0.495396,6.12986e-16
0.499079,6.42031e-16
0.502762,6.72225e-16
0.506446,7.036e-16
0.510129,7.36189e-16
0.513812,7.70027e-16
0.517495,8.05146e-16
0.521179,8.41582e-16
0.524862,8.79369e-16
0.528545,9.18541e-16
0.532228,9.59132e-16
0.535912,1.00118e-15
0.539595,1.04471e-15
0.543278,1.08977e-15
0.546961,1.13638e-15
0.550645,1.18459e-15
0.554328,1.23443e-15
0.558011,1.28592e-15
0.561694,1.33911e-15
0.565378,1.39402e-15
0.569061,1.4507e-15
0.572744,1.50916e-15
0.576427,1.56946e-15
0.58011,1.6316e-15
0.583794,1.69563e-15
0.587477,1.76158e-15
0.59116,1.82947e-15
0.594843,1.89934e-15
0.598527,1.9712e-15
0.60221,2.04509e-15
0.605893,2.12103e-15
0.609576,2.19904e-15
0.61326,2.27915e-15
0.616943,2.36137e-15
0.620626,2.44574e-15
0.624309,2.53225e-15
0.627993,2.62094e-15
0.631676,2.71182e-15
0.635359,2.80489e-15
0.639042,2.90018e-15
0.642726,2.99768e-15
0.646409,3.09742e-15
0.650092,3.19938e-15
0.653775,3.30359e-15
0.657459,3.41002e-15
0.661142,3.5187e-15
0.664825,3.62961e-15
0.668508,3.74274e-15
0.672192,3.85809e-15
0.675875,3.97565e-15
0.679558,4.0954e-15
0.683241,4.21733e-15
0.686924,4.34141e-15
0.690608,4.46763e-15
0.694291,4.59596e-15
0.697974,4.72637e-15
0.701657,4.85884e-15
0.705341,4.99332e-15
0.709024,5.12979e-15
0.712707,5.2682e-15
0.71639,5.4085e-15
0.720074,5.55067e-15
0.723757,5.69463e-15
0.72744,5.84035e-15
0.731123,5.98777e-15
0.734807,6.13683e-15
0.73849,6.28747e-15
0.742173,6.43961e-15
0.745856,6.59321e-15
0.74954,6.74818e-15
0.753223,6.90444e-15
0.756906,7.06194e-15
0.760589,7.22057e-15
0.764273,7.38027e-15
0.767956,7.54093e-15
0.771639,7.70249e-15
0.775322,7.86483e-15
0.779006,8.02788e-15
0.782689,8.19153e-15
0.786372,8.35568e-15
0.790055,8.52022e-15
0.793738,8.68506e-15
0.797422,8.85009e-15
0.801105,9.0152e-15
0.804788,9.18027e-15
0.808471,9.3452e-15
0.812155,9.50986e-15
0.815838,9.67414e-15
0.819521,9.83793e-15
0.823204,1.00011e-14
0.826888,1.01635e-14
0.830571,1.03251e-14
0.834254,1.04856e-14
0.837937,1.06451e-14
0.841621,1.08033e-14
0.845304,1.09602e-14
0.848987,1.11155e-14
0.85267,1.12692e-14
0.856354,1.14212e-14
0.860037,1.15713e-14
0.86372,1.17194e-14
0.867403,1.18654e-14
0.871087,1.20092e-14
0.87477,1.21505e-14
0.878453,1.22893e-14
0.882136,1.24255e-14
0.88582,1.2559e-14
0.889503,1.26896e-14
0.893186,1.28172e-14
0.896869,1.29417e-14
0.900552,1.30629e-14
0.904236,1.31809e-14
0.907919,1.32954e-14
0.911602,1.34063e-14
0.915285,1.35136e-14
0.918969,1.36171e-14
0.922652,1.37168e-14
0.926335,1.38125e-14
0.930018,1.39041e-14
0.933702,1.39916e-14
0.937385,1.40749e-14
0.941068,1.41539e-14
0.944751,1.42285e-14
0.948435,1.42986e-14
0.952118,1.43643e-14
0.955801,1.44253e-14
0.959484,1.44817e-14
0.963168,1.45333e-14
0.966851,1.45802e-14
0.970534,1.46223e-14
0.974217,1.46596e-14
0.977901,1.46919e-14
0.981584,1.47194e-14
0.985267,1.47418e-14
0.98895,1.47593e-14
0.992634,1.47719e-14
0.996317,1.47794e-14
1,1.47819e-14
1.00368,1.47794e-14
1.00737,1.47719e-14
1.01105,1.47593e-14
1.01473,1.47418e-14
1.01842,1.47194e-14
1.0221,1.46919e-14
1.02578,1.46596e-14
1.02947,1.46223e-14
1.03315,1.45802e-14
1.03683,1.45333e-14
1.04052,1.44817e-14
1.0442,1.44253e-14
1.04788,1.43643e-14
1.05157,1.42986e-14
1.05525,1.42285e-14
1.05893,1.41539e-14
1.06262,1.40749e-14
1.0663,1.39916e-14
1.06998,1.39041e-14
1.07366,1.38125e-14
1.07735,1.37168e-14
1.08103,1.36171e-14
1.08471,1.35136e-14
1.0884,1.34063e-14
1.09208,1.32954e-14
1.09576,1.31809e-14
1.09945,1.30629e-14
1.10313,1.29417e-14
1.10681,1.28172e-14
1.1105,1.26896e-14
1.11418,1.2559e-14
1.11786,1.24255e-14
1.12155,1.22893e-14
1.12523,1.21505e-14
1.12891,1.20092e-14
1.1326,1.18654e-14
1.13628,1.17194e-14
1.13996,1.15713e-14
1.14365,1.14212e-14
1.14733,1.12692e-14
1.15101,1.11155e-14
1.1547,1.09602e-14
1.15838,1.08033e-14
1.16206,1.06451e-14
1.16575,1.04856e-14
1.16943,1.03251e-14
1.17311,1.01635e-14
1.1768,1.00011e-14
1.18048,9.83793e-15
1.18416,9.67414e-15
1.18785,9.50986e-15
1.19153,9.3452e-15
1.19521,9.18027e-15
1.1989,9.0152e-15
1.20258,8.85009e-15
1.20626,8.68506e-15
1.20994,8.52022e-15
1.21363,8.35568e-15
1.21731,8.19153e-15
1.22099,8.02788e-15
1.22468,7.86483e-15
1.22836,7.70249e-15
1.23204,7.54093e-15
1.23573,7.38027e-15
1.23941,7.22057e-15
1.24309,7.06194e-15
1.24678,6.90444e-15
1.25046,6.74818e-15
1.25414,6.59321e-15
1.25783,6.43961e-15
1.26151,6.28747e-15
1.26519,6.13683e-15
1.26888,5.98777e-15
1.27256,5.84035e-15
1.27624,5.69463e-15
1.27993,5.55067e-15
1.28361,5.4085e-15
1.28729,5.2682e-15
1.29098,5.12979e-15
1.29466,4.99332e-15
1.29834,4.85884e-15
1.30203,4.72637e-15
1.30571,4.59596e-15
1.30939,4.46763e-15
1.31308,4.34141e-15
1.31676,4.21733e-15
1.32044,4.0954e-15
1.32413,3.97565e-15
1.32781,3.85809e-15
1.33149,3.74274e-15
1.33517,3.62961e-15
1.33886,3.5187e-15
1.34254,3.41002e-15
1.34622,3.30359e-15
1.34991,3.19938e-15
1.35359,3.09742e-15
1.35727,2.99768e-15
1.36096,2.90018e-15
1.36464,2.80489e-15
1.36832,2.71182e-15
1.37201,2.62094e-15
1.37569,2.53225e-15
1.37937,2.44574e-15
1.38306,2.36137e-15
1.38674,2.27915e-15
1.39042,2.19904e-15
1.39411,2.12103e-15
1.39779,2.04509e-15
1.40147,1.9712e-15
1.40516,1.89934e-15
1.40884,1.82947e-15
1.41252,1.76158e-15
1.41621,1.69563e-15
1.41989,1.6316e-15
1.42357,1.56946e-15
1.42726,1.50916e-15
1.43094,1.4507e-15
1.43462,1.39402e-15
1.43831,1.33911e-15
1.44199,1.28592e-15
1.44567,1.23443e-15
1.44936,1.18459e-15
1.45304,1.13638e-15
1.45672,1.08977e-15
1.46041,1.04471e-15
1.46409,1.00118e-15
1.46777,9.59132e-16
1.47145,9.18541e-16
1.47514,8.79369e-16
1.47882,8.41582e-16
1.4825,8.05146e-16
1.48619,7.70027e-16
1.48987,7.36189e-16
1.49355,7.036e-16
1.49724,6.72225e-16
1.50092,6.42031e-16
1.5046,6.12986e-16
1.50829,5.85056e-16
1.51197,5.5821e-16
1.51565,5.32415e-16
1.51934,5.07639e-16
1.52302,4.83853e-16
1.5267,4.61024e-16
1.53039,4.39124e-16
1.53407,4.18122e-16
1.53775,3.9799e-16
1.54144,3.78698e-16
1.54512,3.6022e-16
1.5488,3.42527e-16
1.55249,3.25592e-16
1.55617,3.0939e-16
1.55985,2.93894e-16
1.56354,2.7908e-16
1.56722,2.64923e-16
1.5709,2.51398e-16
1.57459,2.38483e-16
1.57827,2.26155e-16
1.58195,2.14392e-16
1.58564,2.03171e-16
1.58932,1.92472e-16
1.593,1.82275e-16
1.59669,1.7256e-16
1.60037,1.63307e-16
1.60405,1.54498e-16
1.60773,1.46114e-16
1.61142,1.38139e-16
1.6151,1.30554e-16
1.61878,1.23344e-16
1.62247,1.16493e-16
1.62615,1.09985e-16
1.62983,1.03805e-16
1.63352,9.79398e-17
1.6372,9.23742e-17
1.64088,8.70954e-17
1.64457,8.20904e-17
1.64825,7.73468e-17
1.65193,7.28526e-17
1.65562,6.85963e-17
1.6593,6.45667e-17
1.66298,6.07532e-17
1.66667,5.71456e-17
1.67035,5.3734e-17
1.67403,5.05089e-17
1.67772,4.74613e-17
1.6814,4.45824e-17
1.68508,4.1864e-17
1.68877,3.9298e-17
1.69245,3.68768e-17
1.69613,3.4593e-17
1.69982,3.24396e-17
1.7035,3.041e-17
1.70718,2.84977e-17
1.71087,2.66966e-17
1.71455,2.50008e-17
1.71823,2.34048e-17
1.72192,2.19033e-17
1.7256,2.04911e-17
1.72928,1.91635e-17
1.73297,1.79159e-17
1.73665,1.67437e-17
1.74033,1.5643e-17
1.74401,1.46097e-17
1.7477,1.364e-17
1.75138,1.27303e-17
1.75506,1.18773e-17
1.75875,1.10777e-17
1.76243,1.03284e-17
1.76611,9.62651e-18
1.7698,8.96929e-18
1.77348,8.35411e-18
1.77716,7.77848e-18
1.78085,7.24006e-18
1.78453,6.73662e-18
1.78821,6.26607e-18
1.7919,5.8264e-18
1.79558,5.41575e-18
1.79926,5.03233e-18
1.80295,4.67448e-18
1.80663,4.3406e-18
1.81031,4.0292e-18
1.814,3.73887e-18
1.81768,3.46828e-18
1.82136,3.21619e-18
1.82505,2.98141e-18
1.82873,2.76283e-18
1.83241,2.55941e-18
1.8361,2.37016e-18
1.83978,2.19416e-18
1.84346,2.03054e-18
1.84715,1.87848e-18
1.85083,1.73722e-18
1.85451,1.60604e-18
1.8582,1.48427e-18
1.86188,1.37126e-18
1.86556,1.26642e-18
1.86924,1.1692e-18
1.87293,1.07908e-18
1.87661,9.95573e-19
1.88029,9.18213e-19
1.88398,8.46577e-19
1.88766,7.80265e-19
1.89134,7.18904e-19
1.89503,6.62144e-19
1.89871,6.09658e-19
1.90239,5.61142e-19
1.90608,5.16312e-19
1.90976,4.74902e-19
1.91344,4.36666e-19
1.91713,4.01371e-19
1.92081,3.68805e-19
1.92449,3.38766e-19
1.92818,3.11068e-19
1.93186,2.85538e-19
1.93554,2.62014e-19
1.93923,2.40347e-19
1.94291,2.20396e-19
1.94659,2.02034e-19
1.95028,1.85138e-19
1.95396,1.69598e-19
1.95764,1.55309e-19
1.96133,1.42176e-19
1.96501,1.3011e-19
1.96869,1.19027e-19
1.97238,1.08851e-19
1.97606,9.95117e-20
1.97974,9.09426e-20
1.98343,8.30833e-20
1.98711,7.58774e-20
1.99079,6.9273e-20
1.99448,6.3222e-20
1.99816,5.768e-20
