0.00118343,5.67401e-20
0.0035503,6.01904e-20
0.00591716,6.38416e-20
0.00828402,6.77047e-20
0.0106509,7.17916e-20
0.0130178,7.61145e-20
0.0153846,8.06864e-20
0.0177515,8.55209e-20
0.0201183,9.06324e-20
0.0224852,9.6036e-20
0.0248521,1.01748e-19
0.0272189,1.07784e-19
0.0295858,1.14162e-19
0.0319527,1.209e-19
0.0343195,1.28019e-19
0.0366864,1.35538e-19
0.0390533,1.43478e-19
0.0414201,1.51862e-19
0.043787,1.60713e-19
0.0461538,1.70057e-19
0.0485207,1.79918e-19
0.0508876,1.90325e-19
0.0532544,2.01305e-19
0.0556213,2.1289e-19
0.0579882,2.25109e-19
0.060355,2.37996e-19
0.0627219,2.51586e-19
0.0650888,2.65915e-19
0.0674556,2.8102e-19
0.0698225,2.96942e-19
0.0721893,3.13721e-19
0.0745562,3.31403e-19
0.0769231,3.50032e-19
0.0792899,3.69657e-19
0.0816568,3.90327e-19
0.0840237,4.12095e-19
0.0863905,4.35017e-19
0.0887574,4.59149e-19
0.0911243,4.84552e-19
0.0934911,5.11288e-19
0.095858,5.39425e-19
0.0982249,5.6903e-19
0.100592,6.00176e-19
0.102959,6.32937e-19
0.105325,6.67394e-19
0.107692,7.03628e-19
0.110059,7.41726e-19
0.112426,7.81776e-19
0.114793,8.23874e-19
0.11716,8.68117e-19
0.119527,9.14608e-19
0.121893,9.63454e-19
0.12426,1.01477e-18
0.126627,1.06866e-18
0.128994,1.12526e-18
0.131361,1.18469e-18
0.133728,1.24709e-18
0.136095,1.31259e-18
0.138462,1.38134e-18
0.140828,1.45348e-18
0.143195,1.52917e-18
0.145562,1.60859e-18
0.147929,1.69189e-18
0.150296,1.77925e-18
0.152663,1.87087e-18
0.15503,1.96692e-18
0.157396,2.06762e-18
0.159763,2.17317e-18
0.16213,2.28379e-18
0.164497,2.3997e-18
0.166864,2.52114e-18
0.169231,2.64836e-18
0.171598,2.7816e-18
0.173964,2.92114e-18
0.176331,3.06725e-18
0.178698,3.22022e-18
0.181065,3.38035e-18
0.183432,3.54793e-18
0.185799,3.72331e-18
0.188166,3.90681e-18
0.190533,4.09878e-18
0.192899,4.29957e-18
0.195266,4.50958e-18
0.197633,4.72917e-18
0.2,4.95877e-18
0.202367,5.19879e-18
0.204734,5.44965e-18
0.207101,5.71183e-18
0.209467,5.98578e-18
0.211834,6.27199e-18
0.214201,6.57096e-18
0.216568,6.88323e-18
0.218935,7.20932e-18
0.221302,7.5498e-18
0.223669,7.90526e-18
0.226036,8.27629e-18
0.228402,8.66352e-18
0.230769,9.0676e-18
0.233136,9.4892e-18
0.235503,9.92901e-18
0.23787,1.03878e-17
0.240237,1.08662e-17
0.242604,1.1365e-17
0.24497,1.18851e-17
0.247337,1.24273e-17
0.249704,1.29923e-17
0.252071,1.35812e-17
0.254438,1.41947e-17
0.256805,1.48339e-17
0.259172,1.54997e-17
0.261538,1.61932e-17
0.263905,1.69153e-17
0.266272,1.76671e-17
0.268639,1.84497e-17
0.271006,1.92643e-17
0.273373,2.0112e-17
0.27574,2.09942e-17
0.278107,2.19119e-17
0.280473,2.28666e-17
0.28284,2.38595e-17
0.285207,2.4892e-17
0.287574,2.59656e-17
0.289941,2.70817e-17
0.292308,2.82418e-17
0.294675,2.94475e-17
0.297041,3.07003e-17
0.299408,3.2002e-17
0.301775,3.33542e-17
0.304142,3.47587e-17
0.306509,3.62172e-17
0.308876,3.77316e-17
0.311243,3.93039e-17
0.313609,4.09359e-17
0.315976,4.26298e-17
0.318343,4.43875e-17
0.32071,4.62112e-17
0.323077,4.81031e-17
0.325444,5.00655e-17
0.327811,5.21006e-17
0.330178,5.42108e-17
0.332544,5.63986e-17
0.334911,5.86665e-17
0.337278,6.10171e-17
0.339645,6.34529e-17
0.342012,6.59768e-17
0.344379,6.85914e-17
0.346746,7.12996e-17
0.349112,7.41044e-17
0.351479,7.70087e-17
0.353846,8.00157e-17
0.356213,8.31284e-17
0.35858,8.63502e-17
0.360947,8.96842e-17
0.363314,9.31339e-17
0.36568,9.67028e-17
0.368047,1.00394e-16
0.370414,1.04212e-16
0.372781,1.0816e-16
0.375148,1.12242e-16
0.377515,1.16461e-16
0.379882,1.20823e-16
0.382249,1.2533e-16
0.384615,1.29986e-16
0.386982,1.34797e-16
0.389349,1.39767e-16
0.391716,1.44899e-16
0.394083,1.50199e-16
0.39645,1.55671e-16
0.398817,1.6132e-16
0.401183,1.6715e-16
0.40355,1.73167e-16
0.405917,1.79375e-16
0.408284,1.85779e-16
0.410651,1.92386e-16
0.413018,1.99199e-16
0.415385,2.06225e-16
0.417751,2.13469e-16
0.420118,2.20936e-16
0.422485,2.28633e-16
0.424852,2.36564e-16
0.427219,2.44736e-16
0.429586,2.53155e-16
0.431953,2.61827e-16
0.43432,2.70759e-16
0.436686,2.79955e-16
0.439053,2.89424e-16
0.44142,2.99171e-16
0.443787,3.09202e-16
0.446154,3.19526e-16
0.448521,3.30148e-16
0.450888,3.41075e-16
0.453254,3.52314e-16
0.455621,3.63873e-16
0.457988,3.75759e-16
0.460355,3.87978e-16
0.462722,4.00539e-16
0.465089,4.13448e-16
0.467456,4.26714e-16
0.469822,4.40344e-16
0.472189,4.54345e-16
0.474556,4.68726e-16
0.476923,4.83494e-16
0.47929,4.98658e-16
0.481657,5.14226e-16
0.484024,5.30205e-16
0.486391,5.46604e-16
0.488757,5.63431e-16
0.491124,5.80695e-16
0.493491,5.98405e-16
0.495858,6.16568e-16
0.498225,6.35193e-16
0.500592,6.54289e-16
0.502959,6.73866e-16
0.505325,6.9393e-16
0.507692,7.14492e-16
0.510059,7.3556e-16
0.512426,7.57144e-16
0.514793,7.79251e-16
0.51716,8.01892e-16
0.519527,8.25075e-16
0.521893,8.4881e-16
0.52426,8.73104e-16
0.526627,8.97969e-16
0.528994,9.23412e-16
0.531361,9.49443e-16
0.533728,9.76071e-16
0.536095,1.00331e-15
0.538462,1.03116e-15
0.540828,1.05963e-15
0.543195,1.08874e-15
0.545562,1.11849e-15
0.547929,1.14889e-15
0.550296,1.17996e-15
0.552663,1.21169e-15
0.55503,1.24411e-15
0.557396,1.27721e-15
0.559763,1.31101e-15
0.56213,1.34552e-15
0.564497,1.38074e-15
0.566864,1.41668e-15
0.569231,1.45336e-15
0.571598,1.49077e-15
0.573964,1.52894e-15
0.576331,1.56786e-15
0.578698,1.60755e-15
0.581065,1.64802e-15
0.583432,1.68926e-15
0.585799,1.7313e-15
0.588166,1.77413e-15
0.590533,1.81776e-15
0.592899,1.86221e-15
0.595266,1.90748e-15
0.597633,1.95358e-15
0.6,2.00051e-15
0.602367,2.04828e-15
0.604734,2.0969e-15
0.607101,2.14637e-15
0.609467,2.1967e-15
0.611834,2.2479e-15
0.614201,2.29996e-15
0.616568,2.35291e-15
0.618935,2.40673e-15
0.621302,2.46144e-15
0.623669,2.51705e-15
0.626036,2.57355e-15
0.628402,2.63094e-15
0.630769,2.68924e-15
0.633136,2.74845e-15
0.635503,2.80857e-15
0.63787,2.8696e-15
0.640237,2.93155e-15
0.642604,2.99442e-15
0.64497,3.0582e-15
0.647337,3.12291e-15
0.649704,3.18854e-15
0.652071,3.25509e-15
0.654438,3.32257e-15
0.656805,3.39097e-15
0.659172,3.46029e-15
0.661538,3.53054e-15
0.663905,3.6017e-15
0.666272,3.67379e-15
0.668639,3.7468e-15
0.671006,3.82072e-15
0.673373,3.89555e-15
0.67574,3.9713e-15
0.678107,4.04795e-15
0.680473,4.1255e-15
0.68284,4.20395e-15
0.685207,4.28329e-15
0.687574,4.36351e-15
0.689941,4.44462e-15
0.692308,4.5266e-15
0.694675,4.60944e-15
0.697041,4.69315e-15
0.699408,4.7777e-15
0.701775,4.8631e-15
0.704142,4.94933e-15
0.706509,5.03639e-15
0.708876,5.12426e-15
0.711243,5.21293e-15
0.713609,5.30239e-15
0.715976,5.39264e-15
0.718343,5.48365e-15
0.72071,5.57541e-15
0.723077,5.66792e-15
0.725444,5.76116e-15
0.727811,5.85511e-15
0.730178,5.94976e-15
0.732544,6.04509e-15
0.734911,6.14109e-15
0.737278,6.23774e-15
0.739645,6.33502e-15
0.742012,6.43292e-15
0.744379,6.53142e-15
0.746746,6.6305e-15
0.749112,6.73014e-15
0.751479,6.83031e-15
0.753846,6.93101e-15
0.756213,7.03221e-15
0.75858,7.13389e-15
0.760947,7.23602e-15
0.763314,7.33859e-15
0.76568,7.44157e-15
0.768047,7.54494e-15
0.770414,7.64867e-15
0.772781,7.75274e-15
0.775148,7.85713e-15
0.777515,7.96181e-15
0.779882,8.06676e-15
0.782249,8.17194e-15
0.784615,8.27733e-15
0.786982,8.38291e-15
0.789349,8.48865e-15
0.791716,8.59452e-15
0.794083,8.70049e-15
0.79645,8.80653e-15
0.798817,8.91262e-15
0.801183,9.01872e-15
0.80355,9.1248e-15
0.805917,9.23085e-15
0.808284,9.33681e-15
0.810651,9.44267e-15
0.813018,9.54839e-15
0.815385,9.65395e-15
0.817751,9.7593e-15
0.820118,9.86442e-15
0.822485,9.96928e-15
0.824852,1.00738e-14
0.827219,1.01781e-14
0.829586,1.0282e-14
0.831953,1.03854e-14
0.83432,1.04885e-14
0.836686,1.05911e-14
0.839053,1.06932e-14
0.84142,1.07947e-14
0.843787,1.08957e-14
0.846154,1.09961e-14
0.848521,1.10959e-14
0.850888,1.1195e-14
0.853254,1.12935e-14
0.855621,1.13912e-14
0.857988,1.14881e-14
0.860355,1.15842e-14
0.862722,1.16795e-14
0.865089,1.17739e-14
0.867456,1.18675e-14
0.869822,1.19601e-14
0.872189,1.20517e-14
0.874556,1.21424e-14
0.876923,1.2232e-14
0.87929,1.23205e-14
0.881657,1.2408e-14
0.884024,1.24943e-14
0.886391,1.25794e-14
0.888757,1.26634e-14
0.891124,1.27461e-14
0.893491,1.28276e-14
0.895858,1.29078e-14
0.898225,1.29867e-14
0.900592,1.30642e-14
0.902959,1.31404e-14
0.905325,1.32151e-14
0.907692,1.32884e-14
0.910059,1.33603e-14
0.912426,1.34306e-14
0.914793,1.34995e-14
0.91716,1.35667e-14
0.919527,1.36324e-14
0.921893,1.36966e-14
0.92426,1.3759e-14
0.926627,1.38199e-14
0.928994,1.3879e-14
0.931361,1.39365e-14
0.933728,1.39922e-14
0.936095,1.40462e-14
0.938462,1.40985e-14
0.940828,1.41489e-14
0.943195,1.41975e-14
0.945562,1.42443e-14
0.947929,1.42893e-14
0.950296,1.43324e-14
0.952663,1.43736e-14
0.95503,1.44129e-14
0.957396,1.44503e-14
0.959763,1.44857e-14
0.96213,1.45193e-14
0.964497,1.45508e-14
0.966864,1.45804e-14
0.969231,1.4608e-14
0.971598,1.46336e-14
0.973964,1.46572e-14
0.976331,1.46787e-14
0.978698,1.46983e-14
0.981065,1.47158e-14
0.983432,1.47313e-14
0.985799,1.47447e-14
0.988166,1.4756e-14
0.990533,1.47653e-14
0.992899,1.47726e-14
0.995266,1.47777e-14
0.997633,1.47809e-14
1,1.47819e-14
1.00237,1.47809e-14
1.00473,1.47777e-14
1.0071,1.47726e-14
1.00947,1.47653e-14
1.01183,1.4756e-14
1.0142,1.47447e-14
1.01657,1.47313e-14
1.01893,1.47158e-14
1.0213,1.46983e-14
1.02367,1.46787e-14
1.02604,1.46572e-14
1.0284,1.46336e-14
1.03077,1.4608e-14
1.03314,1.45804e-14
1.0355,1.45508e-14
1.03787,1.45193e-14
1.04024,1.44857e-14
1.0426,1.44503e-14
1.04497,1.44129e-14
1.04734,1.43736e-14
1.0497,1.43324e-14
1.05207,1.42893e-14
1.05444,1.42443e-14
1.0568,1.41975e-14
1.05917,1.41489e-14
1.06154,1.40985e-14
1.06391,1.40462e-14
1.06627,1.39922e-14
1.06864,1.39365e-14
1.07101,1.3879e-14
1.07337,1.38199e-14
1.07574,1.3759e-14
1.07811,1.36966e-14
1.08047,1.36324e-14
1.08284,1.35667e-14
1.08521,1.34995e-14
1.08757,1.34306e-14
1.08994,1.33603e-14
1.09231,1.32884e-14
1.09467,1.32151e-14
1.09704,1.31404e-14
1.09941,1.30642e-14
1.10178,1.29867e-14
1.10414,1.29078e-14
1.10651,1.28276e-14
1.10888,1.27461e-14
1.11124,1.26634e-14
1.11361,1.25794e-14
1.11598,1.24943e-14
1.11834,1.2408e-14
1.12071,1.23205e-14
1.12308,1.2232e-14
1.12544,1.21424e-14
1.12781,1.20517e-14
1.13018,1.19601e-14
1.13254,1.18675e-14
1.13491,1.17739e-14
1.13728,1.16795e-14
1.13964,1.15842e-14
1.14201,1.14881e-14
1.14438,1.13912e-14
1.14675,1.12935e-14
1.14911,1.1195e-14
1.15148,1.10959e-14
1.15385,1.09961e-14
1.15621,1.08957e-14
1.15858,1.07947e-14
1.16095,1.06932e-14
1.16331,1.05911e-14
1.16568,1.04885e-14
1.16805,1.03854e-14
1.17041,1.0282e-14
1.17278,1.01781e-14
1.17515,1.00738e-14
1.17751,9.96928e-15
1.17988,9.86442e-15
1.18225,9.7593e-15
1.18462,9.65395e-15
1.18698,9.54839e-15
1.18935,9.44267e-15
1.19172,9.33681e-15
1.19408,9.23085e-15
1.19645,9.1248e-15
1.19882,9.01872e-15
1.20118,8.91262e-15
1.20355,8.80653e-15
1.20592,8.70049e-15
1.20828,8.59452e-15
1.21065,8.48865e-15
1.21302,8.38291e-15
1.21538,8.27733e-15
1.21775,8.17194e-15
1.22012,8.06676e-15
1.22249,7.96181e-15
1.22485,7.85713e-15
1.22722,7.75274e-15
1.22959,7.64867e-15
1.23195,7.54494e-15
1.23432,7.44157e-15
1.23669,7.33859e-15
1.23905,7.23602e-15
1.24142,7.13389e-15
1.24379,7.03221e-15
1.24615,6.93101e-15
1.24852,6.83031e-15
1.25089,6.73014e-15
1.25325,6.6305e-15
1.25562,6.53142e-15
1.25799,6.43292e-15
1.26036,6.33502e-15
1.26272,6.23774e-15
1.26509,6.14109e-15
1.26746,6.04509e-15
1.26982,5.94976e-15
1.27219,5.85511e-15
1.27456,5.76116e-15
1.27692,5.66792e-15
1.27929,5.57541e-15
1.28166,5.48365e-15
1.28402,5.39264e-15
1.28639,5.30239e-15
1.28876,5.21293e-15
1.29112,5.12426e-15
1.29349,5.03639e-15
1.29586,4.94933e-15
1.29822,4.8631e-15
1.30059,4.7777e-15
1.30296,4.69315e-15
1.30533,4.60944e-15
1.30769,4.5266e-15
1.31006,4.44462e-15
1.31243,4.36351e-15
1.31479,4.28329e-15
1.31716,4.20395e-15
1.31953,4.1255e-15
1.32189,4.04795e-15
1.32426,3.9713e-15
1.32663,3.89555e-15
1.32899,3.82072e-15
1.33136,3.7468e-15
1.33373,3.67379e-15
1.33609,3.6017e-15
1.33846,3.53054e-15
1.34083,3.46029e-15
1.3432,3.39097e-15
1.34556,3.32257e-15
1.34793,3.25509e-15
1.3503,3.18854e-15
1.35266,3.12291e-15
1.35503,3.0582e-15
1.3574,2.99442e-15
1.35976,2.93155e-15
1.36213,2.8696e-15
1.3645,2.80857e-15
1.36686,2.74845e-15
1.36923,2.68924e-15
1.3716,2.63094e-15
1.37396,2.57355e-15
1.37633,2.51705e-15
1.3787,2.46144e-15
1.38107,2.40673e-15
1.38343,2.35291e-15
1.3858,2.29996e-15
1.38817,2.2479e-15
1.39053,2.1967e-15
1.3929,2.14637e-15
1.39527,2.0969e-15
1.39763,2.04828e-15
1.4,2.00051e-15
1.40237,1.95358e-15
1.40473,1.90748e-15
1.4071,1.86221e-15
1.40947,1.81776e-15
1.41183,1.77413e-15
1.4142,1.7313e-15
1.41657,1.68926e-15
1.41893,1.64802e-15
1.4213,1.60755e-15
1.42367,1.56786e-15
1.42604,1.52894e-15
1.4284,1.49077e-15
1.43077,1.45336e-15
1.43314,1.41668e-15
1.4355,1.38074e-15
1.43787,1.34552e-15
1.44024,1.31101e-15
1.4426,1.27721e-15
1.44497,1.24411e-15
1.44734,1.21169e-15
1.4497,1.17996e-15
1.45207,1.14889e-15
1.45444,1.11849e-15
1.4568,1.08874e-15
1.45917,1.05963e-15
1.46154,1.03116e-15
1.46391,1.00331e-15
1.46627,9.76071e-16
1.46864,9.49443e-16
1.47101,9.23412e-16
1.47337,8.97969e-16
1.47574,8.73104e-16
1.47811,8.4881e-16
1.48047,8.25075e-16
1.48284,8.01892e-16
1.48521,7.79251e-16
1.48757,7.57144e-16
1.48994,7.3556e-16
1.49231,7.14492e-16
1.49467,6.9393e-16
1.49704,6.73866e-16
1.49941,6.54289e-16
1.50178,6.35193e-16
1.50414,6.16568e-16
1.50651,5.98405e-16
1.50888,5.80695e-16
1.51124,5.63431e-16
1.51361,5.46604e-16
1.51598,5.30205e-16
1.51834,5.14226e-16
1.52071,4.98658e-16
1.52308,4.83494e-16
1.52544,4.68726e-16
1.52781,4.54345e-16
1.53018,4.40344e-16
1.53254,4.26714e-16
1.53491,4.13448e-16
1.53728,4.00539e-16
1.53964,3.87978e-16
1.54201,3.75759e-16
1.54438,3.63873e-16
1.54675,3.52314e-16
1.54911,3.41075e-16
1.55148,3.30148e-16
1.55385,3.19526e-16
1.55621,3.09202e-16
1.55858,2.99171e-16
1.56095,2.89424e-16
1.56331,2.79955e-16
1.56568,2.70759e-16
1.56805,2.61827e-16
1.57041,2.53155e-16
1.57278,2.44736e-16
1.57515,2.36564e-16
1.57751,2.28633e-16
1.57988,2.20936e-16
1.58225,2.13469e-16
1.58462,2.06225e-16
1.58698,1.99199e-16
1.58935,1.92386e-16
1.59172,1.85779e-16
1.59408,1.79375e-16
1.59645,1.73167e-16
1.59882,1.6715e-16
1.60118,1.6132e-16
1.60355,1.55671e-16
1.60592,1.50199e-16
1.60828,1.44899e-16
1.61065,1.39767e-16
1.61302,1.34797e-16
1.61538,1.29986e-16
1.61775,1.2533e-16
1.62012,1.20823e-16
1.62249,1.16461e-16
1.62485,1.12242e-16
1.62722,1.0816e-16
1.62959,1.04212e-16
1.63195,1.00394e-16
1.63432,9.67028e-17
1.63669,9.31339e-17
1.63905,8.96842e-17
1.64142,8.63502e-17
1.64379,8.31284e-17
1.64615,8.00157e-17
1.64852,7.70087e-17
1.65089,7.41044e-17
1.65325,7.12996e-17
1.65562,6.85914e-17
1.65799,6.59768e-17
1.66036,6.34529e-17
1.66272,6.10171e-17
1.66509,5.86665e-17
1.66746,5.63986e-17
1.66982,5.42108e-17
1.67219,5.21006e-17
1.67456,5.00655e-17
1.67692,4.81031e-17
1.67929,4.62112e-17
1.68166,4.43875e-17
1.68402,4.26298e-17
1.68639,4.09359e-17
1.68876,3.93039e-17
1.69112,3.77316e-17
1.69349,3.62172e-17
1.69586,3.47587e-17
1.69822,3.33542e-17
1.70059,3.2002e-17
1.70296,3.07003e-17
1.70533,2.94475e-17
1.70769,2.82418e-17
1.71006,2.70817e-17
1.71243,2.59656e-17
1.71479,2.4892e-17
1.71716,2.38595e-17
1.71953,2.28666e-17
1.72189,2.19119e-17
1.72426,2.09942e-17
1.72663,2.0112e-17
1.72899,1.92643e-17
1.73136,1.84497e-17
1.73373,1.76671e-17
1.73609,1.69153e-17
1.73846,1.61932e-17
1.74083,1.54997e-17
1.7432,1.48339e-17
1.74556,1.41947e-17
1.74793,1.35812e-17
1.7503,1.29923e-17
1.75266,1.24273e-17
1.75503,1.18851e-17
1.7574,1.1365e-17
1.75976,1.08662e-17
1.76213,1.03878e-17
1.7645,9.92901e-18
1.76686,9.4892e-18
1.76923,9.0676e-18
1.7716,8.66352e-18
1.77396,8.27629e-18
1.77633,7.90526e-18
1.7787,7.5498e-18
1.78107,7.20932e-18
1.78343,6.88323e-18
1.7858,6.57096e-18
1.78817,6.27199e-18
1.79053,5.98578e-18
1.7929,5.71183e-18
1.79527,5.44965e-18
1.79763,5.19879e-18
1.8,4.95877e-18
1.80237,4.72917e-18
1.80473,4.50958e-18
1.8071,4.29957e-18
1.80947,4.09878e-18
1.81183,3.90681e-18
1.8142,3.72331e-18
1.81657,3.54793e-18
1.81893,3.38035e-18
1.8213,3.22022e-18
1.82367,3.06725e-18
1.82604,2.92114e-18
1.8284,2.7816e-18
1.83077,2.64836e-18
1.83314,2.52114e-18
1.8355,2.3997e-18
1.83787,2.28379e-18
1.84024,2.17317e-18
1.8426,2.06762e-18
1.84497,1.96692e-18
1.84734,1.87087e-18
1.8497,1.77925e-18
1.85207,1.69189e-18
1.85444,1.60859e-18
1.8568,1.52917e-18
1.85917,1.45348e-18
1.86154,1.38134e-18
1.86391,1.31259e-18
1.86627,1.24709e-18
1.86864,1.18469e-18
1.87101,1.12526e-18
1.87337,1.06866e-18
1.87574,1.01477e-18
1.87811,9.63454e-19
1.88047,9.14608e-19
1.88284,8.68117e-19
1.88521,8.23874e-19
1.88757,7.81776e-19
1.88994,7.41726e-19
1.89231,7.03628e-19
1.89467,6.67394e-19
1.89704,6.32937e-19
1.89941,6.00176e-19
1.90178,5.6903e-19
1.90414,5.39425e-19
1.90651,5.11288e-19
1.90888,4.84552e-19
1.91124,4.59149e-19
1.91361,4.35017e-19
1.91598,4.12095e-19
1.91834,3.90327e-19
1.92071,3.69657e-19
1.92308,3.50032e-19
1.92544,3.31403e-19
1.92781,3.13721e-19
1.93018,2.96942e-19
1.93254,2.8102e-19
1.93491,2.65915e-19
1.93728,2.51586e-19
1.93964,2.37996e-19
1.94201,2.25109e-19
1.94438,2.1289e-19
1.94675,2.01305e-19
1.94911,1.90325e-19
1.95148,1.79918e-19
1.95385,1.70057e-19
1.95621,1.60713e-19
1.95858,1.51862e-19
1.96095,1.43478e-19
1.96331,1.35538e-19
1.96568,1.28019e-19
1.96805,1.209e-19
1.97041,1.14162e-19
1.97278,1.07784e-19
1.97515,1.01748e-19
1.97751,9.6036e-20
1.97988,9.06324e-20
1.98225,8.55209e-20
1.98462,8.06864e-20
1.98698,7.61145e-20
1.98935,7.17916e-20
1.99172,6.77047e-20
1.99408,6.38416e-20
1.99645,6.01904e-20
1.99882,5.67401e-20
