0.0010582,5.65629e-20
0.0031746,5.96296e-20
0.00529101,6.28555e-20
0.00740741,6.62485e-20
0.00952381,6.98168e-20
0.0116402,7.35691e-20
0.0137566,7.75143e-20
0.015873,8.1662e-20
0.0179894,8.6022e-20
0.0201058,9.06046e-20
0.0222222,9.54207e-20
0.0243386,1.00482e-19
0.026455,1.05799e-19
0.0285714,1.11385e-19
0.0306878,1.17253e-19
0.0328042,1.23417e-19
0.0349206,1.2989e-19
0.037037,1.36687e-19
0.0391534,1.43823e-19
0.0412698,1.51316e-19
0.0433862,1.59181e-19
0.0455026,1.67435e-19
0.047619,1.76099e-19
0.0497354,1.85189e-19
0.0518519,1.94728e-19
0.0539683,2.04734e-19
0.0560847,2.15231e-19
0.0582011,2.2624e-19
0.0603175,2.37786e-19
0.0624339,2.49893e-19
0.0645503,2.62588e-19
0.0666667,2.75896e-19
0.0687831,2.89846e-19
0.0708995,3.04468e-19
0.0730159,3.19791e-19
0.0751323,3.35848e-19
0.0772487,3.52672e-19
0.0793651,3.70297e-19
0.0814815,3.88759e-19
0.0835979,4.08096e-19
0.0857143,4.28347e-19
0.0878307,4.49552e-19
0.0899471,4.71755e-19
0.0920635,4.94998e-19
0.0941799,5.19329e-19
0.0962963,5.44794e-19
0.0984127,5.71444e-19
0.100529,5.99331e-19
0.102646,6.28508e-19
0.104762,6.59032e-19
0.106878,6.90961e-19
0.108995,7.24356e-19
0.111111,7.59279e-19
0.113228,7.95798e-19
0.115344,8.33979e-19
0.11746,8.73894e-19
0.119577,9.15617e-19
0.121693,9.59225e-19
0.12381,1.0048e-18
0.125926,1.05242e-18
0.128042,1.10217e-18
0.130159,1.15414e-18
0.132275,1.20844e-18
0.134392,1.26514e-18
0.136508,1.32436e-18
0.138624,1.38619e-18
0.140741,1.45074e-18
0.142857,1.51814e-18
0.144974,1.58848e-18
0.14709,1.6619e-18
0.149206,1.73852e-18
0.151323,1.81847e-18
0.153439,1.90188e-18
0.155556,1.98889e-18
0.157672,2.07965e-18
0.159788,2.17431e-18
0.161905,2.27303e-18
0.164021,2.37596e-18
0.166138,2.48327e-18
0.168254,2.59514e-18
0.17037,2.71174e-18
0.172487,2.83327e-18
0.174603,2.95991e-18
0.17672,3.09187e-18
0.178836,3.22934e-18
0.180952,3.37255e-18
0.183069,3.52172e-18
0.185185,3.67708e-18
0.187302,3.83885e-18
0.189418,4.0073e-18
0.191534,4.18267e-18
0.193651,4.36522e-18
0.195767,4.55524e-18
0.197884,4.75299e-18
0.2,4.95877e-18
0.202116,5.17288e-18
0.204233,5.39563e-18
0.206349,5.62735e-18
0.208466,5.86835e-18
0.210582,6.119e-18
0.212698,6.37963e-18
0.214815,6.65062e-18
0.216931,6.93235e-18
0.219048,7.2252e-18
0.221164,7.52958e-18
0.22328,7.8459e-18
0.225397,8.1746e-18
0.227513,8.51611e-18
0.22963,8.8709e-18
0.231746,9.23944e-18
0.233862,9.6222e-18
0.235979,1.00197e-17
0.238095,1.04325e-17
0.240212,1.0861e-17
0.242328,1.13059e-17
0.244444,1.17677e-17
0.246561,1.22469e-17
0.248677,1.27443e-17
0.250794,1.32604e-17
0.25291,1.37958e-17
0.255026,1.43513e-17
0.257143,1.49274e-17
0.259259,1.55249e-17
0.261376,1.61446e-17
0.263492,1.67871e-17
0.265608,1.74532e-17
0.267725,1.81437e-17
0.269841,1.88594e-17
0.271958,1.96011e-17
0.274074,2.03698e-17
0.27619,2.11662e-17
0.278307,2.19913e-17
0.280423,2.2846e-17
0.28254,2.37312e-17
0.284656,2.4648e-17
0.286772,2.55974e-17
0.288889,2.65803e-17
0.291005,2.75979e-17
0.293122,2.86512e-17
0.295238,2.97414e-17
0.297354,3.08697e-17
0.299471,3.20371e-17
0.301587,3.3245e-17
0.303704,3.44945e-17
0.30582,3.57871e-17
0.307937,3.71238e-17
0.310053,3.85062e-17
0.312169,3.99357e-17
0.314286,4.14135e-17
0.316402,4.29412e-17
0.318519,4.45203e-17
0.320635,4.61523e-17
0.322751,4.78387e-17
0.324868,4.95813e-17
0.326984,5.13815e-17
0.329101,5.32411e-17
0.331217,5.51619e-17
0.333333,5.71456e-17
0.33545,5.9194e-17
0.337566,6.13089e-17
0.339683,6.34923e-17
0.341799,6.57461e-17
0.343915,6.80722e-17
0.346032,7.04728e-17
0.348148,7.29499e-17
0.350265,7.55055e-17
0.352381,7.8142e-17
0.354497,8.08614e-17
0.356614,8.36662e-17
0.35873,8.65585e-17
0.360847,8.95407e-17
0.362963,9.26154e-17
0.365079,9.57849e-17
0.367196,9.90518e-17
0.369312,1.02419e-16
0.371429,1.05888e-16
0.373545,1.09463e-16
0.375661,1.13145e-16
0.377778,1.16939e-16
0.379894,1.20846e-16
0.382011,1.2487e-16
0.384127,1.29013e-16
0.386243,1.33279e-16
0.38836,1.3767e-16
0.390476,1.4219e-16
0.392593,1.46843e-16
0.394709,1.5163e-16
0.396825,1.56556e-16
0.398942,1.61624e-16
0.401058,1.66837e-16
0.403175,1.72199e-16
0.405291,1.77714e-16
0.407407,1.83384e-16
0.409524,1.89214e-16
0.41164,1.95208e-16
0.413757,2.01369e-16
0.415873,2.07702e-16
0.417989,2.14209e-16
0.420106,2.20896e-16
0.422222,2.27766e-16
0.424339,2.34823e-16
0.426455,2.42072e-16
0.428571,2.49517e-16
0.430688,2.57161e-16
0.432804,2.65011e-16
0.434921,2.73069e-16
0.437037,2.81341e-16
0.439153,2.89831e-16
0.44127,2.98543e-16
0.443386,3.07484e-16
0.445503,3.16656e-16
0.447619,3.26066e-16
0.449735,3.35717e-16
0.451852,3.45616e-16
0.453968,3.55766e-16
0.456085,3.66174e-16
0.458201,3.76844e-16
0.460317,3.87782e-16
0.462434,3.98992e-16
0.46455,4.1048e-16
0.466667,4.22252e-16
0.468783,4.34313e-16
0.470899,4.46668e-16
0.473016,4.59323e-16
0.475132,4.72284e-16
0.477249,4.85557e-16
0.479365,4.99146e-16
0.481481,5.13058e-16
0.483598,5.27299e-16
0.485714,5.41875e-16
0.487831,5.56791e-16
0.489947,5.72054e-16
0.492063,5.87669e-16
0.49418,6.03643e-16
0.496296,6.19982e-16
0.498413,6.36691e-16
0.500529,6.53778e-16
0.502646,6.71248e-16
0.504762,6.89108e-16
0.506878,7.07364e-16
0.508995,7.26022e-16
0.511111,7.45089e-16
0.513228,7.64571e-16
0.515344,7.84474e-16
0.51746,8.04806e-16
0.519577,8.25572e-16
0.521693,8.46779e-16
0.52381,8.68433e-16
0.525926,8.90542e-16
0.528042,9.13111e-16
0.530159,9.36147e-16
0.532275,9.59657e-16
0.534392,9.83647e-16
0.536508,1.00812e-15
0.538624,1.03309e-15
0.540741,1.05856e-15
0.542857,1.08454e-15
0.544974,1.11103e-15
0.54709,1.13804e-15
0.549206,1.16558e-15
0.551323,1.19364e-15
0.553439,1.22225e-15
0.555556,1.2514e-15
0.557672,1.28111e-15
0.559788,1.31137e-15
0.561905,1.3422e-15
0.564021,1.3736e-15
0.566138,1.40557e-15
0.568254,1.43813e-15
0.57037,1.47128e-15
0.572487,1.50502e-15
0.574603,1.53937e-15
0.57672,1.57432e-15
0.578836,1.60989e-15
0.580952,1.64607e-15
0.583069,1.68288e-15
0.585185,1.72032e-15
0.587302,1.7584e-15
0.589418,1.79712e-15
0.591534,1.83648e-15
0.593651,1.8765e-15
0.595767,1.91717e-15
0.597884,1.95851e-15
0.6,2.00051e-15
0.602116,2.04319e-15
0.604233,2.08654e-15
0.606349,2.13057e-15
0.608466,2.17529e-15
0.610582,2.2207e-15
0.612698,2.2668e-15
0.614815,2.31361e-15
0.616931,2.36111e-15
0.619048,2.40932e-15
0.621164,2.45824e-15
0.62328,2.50787e-15
0.625397,2.55821e-15
0.627513,2.60928e-15
0.62963,2.66106e-15
0.631746,2.71357e-15
0.633862,2.76681e-15
0.635979,2.82077e-15
0.638095,2.87546e-15
0.640212,2.93089e-15
0.642328,2.98705e-15
0.644444,3.04395e-15
0.646561,3.10158e-15
0.648677,3.15995e-15
0.650794,3.21906e-15
0.65291,3.27891e-15
0.655026,3.33949e-15
0.657143,3.40081e-15
0.659259,3.46288e-15
0.661376,3.52568e-15
0.663492,3.58921e-15
0.665608,3.65348e-15
0.667725,3.71849e-15
0.669841,3.78423e-15
0.671958,3.8507e-15
0.674074,3.9179e-15
0.67619,3.98583e-15
0.678307,4.05448e-15
0.680423,4.12385e-15
0.68254,4.19393e-15
0.684656,4.26474e-15
0.686772,4.33625e-15
0.688889,4.40846e-15
0.691005,4.48138e-15
0.693122,4.55499e-15
0.695238,4.6293e-15
0.697354,4.70428e-15
0.699471,4.77995e-15
0.701587,4.85629e-15
0.703704,4.9333e-15
0.70582,5.01097e-15
0.707937,5.08929e-15
0.710053,5.16826e-15
0.712169,5.24786e-15
0.714286,5.3281e-15
0.716402,5.40895e-15
0.718519,5.49042e-15
0.720635,5.57249e-15
0.722751,5.65515e-15
0.724868,5.7384e-15
0.726984,5.82222e-15
0.729101,5.9066e-15
0.731217,5.99154e-15
0.733333,6.07701e-15
0.73545,6.16302e-15
0.737566,6.24954e-15
0.739683,6.33657e-15
0.741799,6.42409e-15
0.743915,6.51209e-15
0.746032,6.60056e-15
0.748148,6.68948e-15
0.750265,6.77883e-15
0.752381,6.86862e-15
0.754497,6.95881e-15
0.756614,7.04939e-15
0.75873,7.14036e-15
0.760847,7.23169e-15
0.762963,7.32337e-15
0.765079,7.41538e-15
0.767196,7.50771e-15
0.769312,7.60033e-15
0.771429,7.69323e-15
0.773545,7.7864e-15
0.775661,7.87982e-15
0.777778,7.97346e-15
0.779894,8.06731e-15
0.782011,8.16135e-15
0.784127,8.25557e-15
0.786243,8.34994e-15
0.78836,8.44444e-15
0.790476,8.53905e-15
0.792593,8.63376e-15
0.794709,8.72853e-15
0.796825,8.82337e-15
0.798942,8.91823e-15
0.801058,9.0131e-15
0.803175,9.10797e-15
0.805291,9.2028e-15
0.807407,9.29758e-15
0.809524,9.39228e-15
0.81164,9.48688e-15
0.813757,9.58136e-15
0.815873,9.67571e-15
0.817989,9.76988e-15
0.820106,9.86387e-15
0.822222,9.95765e-15
0.824339,1.00512e-14
0.826455,1.01445e-14
0.828571,1.02375e-14
0.830688,1.03302e-14
0.832804,1.04226e-14
0.834921,1.05146e-14
0.837037,1.06062e-14
0.839153,1.06975e-14
0.84127,1.07883e-14
0.843386,1.08787e-14
0.845503,1.09686e-14
0.847619,1.1058e-14
0.849735,1.11469e-14
0.851852,1.12352e-14
0.853968,1.1323e-14
0.856085,1.14102e-14
0.858201,1.14968e-14
0.860317,1.15827e-14
0.862434,1.1668e-14
0.86455,1.17525e-14
0.866667,1.18364e-14
0.868783,1.19195e-14
0.870899,1.20019e-14
0.873016,1.20835e-14
0.875132,1.21643e-14
0.877249,1.22442e-14
0.879365,1.23233e-14
0.881481,1.24015e-14
0.883598,1.24788e-14
0.885714,1.25552e-14
0.887831,1.26307e-14
0.889947,1.27051e-14
0.892063,1.27786e-14
0.89418,1.28511e-14
0.896296,1.29225e-14
0.898413,1.29929e-14
0.900529,1.30622e-14
0.902646,1.31304e-14
0.904762,1.31975e-14
0.906878,1.32634e-14
0.908995,1.33281e-14
0.911111,1.33917e-14
0.913228,1.34541e-14
0.915344,1.35153e-14
0.91746,1.35752e-14
0.919577,1.36338e-14
0.921693,1.36912e-14
0.92381,1.37473e-14
0.925926,1.3802e-14
0.928042,1.38554e-14
0.930159,1.39075e-14
0.932275,1.39582e-14
0.934392,1.40076e-14
0.936508,1.40555e-14
0.938624,1.4102e-14
0.940741,1.41471e-14
0.942857,1.41907e-14
0.944974,1.42329e-14
0.94709,1.42736e-14
0.949206,1.43128e-14
0.951323,1.43505e-14
0.953439,1.43867e-14
0.955556,1.44214e-14
0.957672,1.44545e-14
0.959788,1.44861e-14
0.961905,1.45162e-14
0.964021,1.45446e-14
0.966138,1.45715e-14
0.968254,1.45968e-14
0.97037,1.46206e-14
0.972487,1.46427e-14
0.974603,1.46632e-14
0.97672,1.46821e-14
0.978836,1.46994e-14
0.980952,1.4715e-14
0.983069,1.4729e-14
0.985185,1.47414e-14
0.987302,1.47521e-14
0.989418,1.47612e-14
0.991534,1.47686e-14
0.993651,1.47744e-14
0.995767,1.47786e-14
0.997884,1.47811e-14
1,1.47819e-14
1.00212,1.47811e-14
1.00423,1.47786e-14
1.00635,1.47744e-14
1.00847,1.47686e-14
1.01058,1.47612e-14
1.0127,1.47521e-14
1.01481,1.47414e-14
1.01693,1.4729e-14
1.01905,1.4715e-14
1.02116,1.46994e-14
1.02328,1.46821e-14
1.0254,1.46632e-14
1.02751,1.46427e-14
1.02963,1.46206e-14
1.03175,1.45968e-14
1.03386,1.45715e-14
1.03598,1.45446e-14
1.0381,1.45162e-14
1.04021,1.44861e-14
1.04233,1.44545e-14
1.04444,1.44214e-14
1.04656,1.43867e-14
1.04868,1.43505e-14
1.05079,1.43128e-14
1.05291,1.42736e-14
1.05503,1.42329e-14
1.05714,1.41907e-14
1.05926,1.41471e-14
1.06138,1.4102e-14
1.06349,1.40555e-14
1.06561,1.40076e-14
1.06772,1.39582e-14
1.06984,1.39075e-14
1.07196,1.38554e-14
1.07407,1.3802e-14
1.07619,1.37473e-14
1.07831,1.36912e-14
1.08042,1.36338e-14
1.08254,1.35752e-14
1.08466,1.35153e-14
1.08677,1.34541e-14
1.08889,1.33917e-14
1.09101,1.33281e-14
1.09312,1.32634e-14
1.09524,1.31975e-14
1.09735,1.31304e-14
1.09947,1.30622e-14
1.10159,1.29929e-14
1.1037,1.29225e-14
1.10582,1.28511e-14
1.10794,1.27786e-14
1.11005,1.27051e-14
1.11217,1.26307e-14
1.11429,1.25552e-14
1.1164,1.24788e-14
1.11852,1.24015e-14
1.12063,1.23233e-14
1.12275,1.22442e-14
1.12487,1.21643e-14
1.12698,1.20835e-14
1.1291,1.20019e-14
1.13122,1.19195e-14
1.13333,1.18364e-14
1.13545,1.17525e-14
1.13757,1.1668e-14
1.13968,1.15827e-14
1.1418,1.14968e-14
1.14392,1.14102e-14
1.14603,1.1323e-14
1.14815,1.12352e-14
1.15026,1.11469e-14
1.15238,1.1058e-14
1.1545,1.09686e-14
1.15661,1.08787e-14
1.15873,1.07883e-14
1.16085,1.06975e-14
1.16296,1.06062e-14
1.16508,1.05146e-14
1.1672,1.04226e-14
1.16931,1.03302e-14
1.17143,1.02375e-14
1.17354,1.01445e-14
1.17566,1.00512e-14
1.17778,9.95765e-15
1.17989,9.86387e-15
1.18201,9.76988e-15
1.18413,9.67571e-15
1.18624,9.58136e-15
1.18836,9.48688e-15
1.19048,9.39228e-15
1.19259,9.29758e-15
1.19471,9.2028e-15
1.19683,9.10797e-15
1.19894,9.0131e-15
1.20106,8.91823e-15
1.20317,8.82337e-15
1.20529,8.72853e-15
1.20741,8.63376e-15
1.20952,8.53905e-15
1.21164,8.44444e-15
1.21376,8.34994e-15
1.21587,8.25557e-15
1.21799,8.16135e-15
1.22011,8.06731e-15
1.22222,7.97346e-15
1.22434,7.87982e-15
1.22646,7.7864e-15
1.22857,7.69323e-15
1.23069,7.60033e-15
1.2328,7.50771e-15
1.23492,7.41538e-15
1.23704,7.32337e-15
1.23915,7.23169e-15
1.24127,7.14036e-15
1.24339,7.04939e-15
1.2455,6.95881e-15
1.24762,6.86862e-15
1.24974,6.77883e-15
1.25185,6.68948e-15
1.25397,6.60056e-15
1.25608,6.51209e-15
1.2582,6.42409e-15
1.26032,6.33657e-15
1.26243,6.24954e-15
1.26455,6.16302e-15
1.26667,6.07701e-15
1.26878,5.99154e-15
1.2709,5.9066e-15
1.27302,5.82222e-15
1.27513,5.7384e-15
1.27725,5.65515e-15
1.27937,5.57249e-15
1.28148,5.49042e-15
1.2836,5.40895e-15
1.28571,5.3281e-15
1.28783,5.24786e-15
1.28995,5.16826e-15
1.29206,5.08929e-15
1.29418,5.01097e-15
1.2963,4.9333e-15
1.29841,4.85629e-15
1.30053,4.77995e-15
1.30265,4.70428e-15
1.30476,4.6293e-15
1.30688,4.55499e-15
1.30899,4.48138e-15
1.31111,4.40846e-15
1.31323,4.33625e-15
1.31534,4.26474e-15
1.31746,4.19393e-15
1.31958,4.12385e-15
1.32169,4.05448e-15
1.32381,3.98583e-15
1.32593,3.9179e-15
1.32804,3.8507e-15
1.33016,3.78423e-15
1.33228,3.71849e-15
1.33439,3.65348e-15
1.33651,3.58921e-15
1.33862,3.52568e-15
1.34074,3.46288e-15
1.34286,3.40081e-15
1.34497,3.33949e-15
1.34709,3.27891e-15
1.34921,3.21906e-15
1.35132,3.15995e-15
1.35344,3.10158e-15
1.35556,3.04395e-15
1.35767,2.98705e-15
1.35979,2.93089e-15
1.3619,2.87546e-15
1.36402,2.82077e-15
1.36614,2.76681e-15
1.36825,2.71357e-15
1.37037,2.66106e-15
1.37249,2.60928e-15
1.3746,2.55821e-15
1.37672,2.50787e-15
1.37884,2.45824e-15
1.38095,2.40932e-15
1.38307,2.36111e-15
1.38519,2.31361e-15
1.3873,2.2668e-15
1.38942,2.2207e-15
1.39153,2.17529e-15
1.39365,2.13057e-15
1.39577,2.08654e-15
1.39788,2.04319e-15
1.4,2.00051e-15
1.40212,1.95851e-15
1.40423,1.91717e-15
1.40635,1.8765e-15
1.40847,1.83648e-15
1.41058,1.79712e-15
1.4127,1.7584e-15
1.41481,1.72032e-15
1.41693,1.68288e-15
1.41905,1.64607e-15
1.42116,1.60989e-15
1.42328,1.57432e-15
1.4254,1.53937e-15
1.42751,1.50502e-15
1.42963,1.47128e-15
1.43175,1.43813e-15
1.43386,1.40557e-15
1.43598,1.3736e-15
1.4381,1.3422e-15
1.44021,1.31137e-15
1.44233,1.28111e-15
1.44444,1.2514e-15
1.44656,1.22225e-15
1.44868,1.19364e-15
1.45079,1.16558e-15
1.45291,1.13804e-15
1.45503,1.11103e-15
1.45714,1.08454e-15
1.45926,1.05856e-15
1.46138,1.03309e-15
1.46349,1.00812e-15
1.46561,9.83647e-16
1.46772,9.59657e-16
1.46984,9.36147e-16
1.47196,9.13111e-16
1.47407,8.90542e-16
1.47619,8.68433e-16
1.47831,8.46779e-16
1.48042,8.25572e-16
1.48254,8.04806e-16
1.48466,7.84474e-16
1.48677,7.64571e-16
1.48889,7.45089e-16
1.49101,7.26022e-16
1.49312,7.07364e-16
1.49524,6.89108e-16
1.49735,6.71248e-16
1.49947,6.53778e-16
1.50159,6.36691e-16
1.5037,6.19982e-16
1.50582,6.03643e-16
1.50794,5.87669e-16
1.51005,5.72054e-16
1.51217,5.56791e-16
1.51429,5.41875e-16
1.5164,5.27299e-16
1.51852,5.13058e-16
1.52063,4.99146e-16
1.52275,4.85557e-16
1.52487,4.72284e-16
1.52698,4.59323e-16
1.5291,4.46668e-16
1.53122,4.34313e-16
1.53333,4.22252e-16
1.53545,4.1048e-16
1.53757,3.98992e-16
1.53968,3.87782e-16
1.5418,3.76844e-16
1.54392,3.66174e-16
1.54603,3.55766e-16
1.54815,3.45616e-16
1.55026,3.35717e-16
1.55238,3.26066e-16
1.5545,3.16656e-16
1.55661,3.07484e-16
1.55873,2.98543e-16
1.56085,2.89831e-16
1.56296,2.81341e-16
1.56508,2.73069e-16
1.5672,2.65011e-16
1.56931,2.57161e-16
1.57143,2.49517e-16
1.57354,2.42072e-16
1.57566,2.34823e-16
1.57778,2.27766e-16
1.57989,2.20896e-16
1.58201,2.14209e-16
1.58413,2.07702e-16
1.58624,2.01369e-16
1.58836,1.95208e-16
1.59048,1.89214e-16
1.59259,1.83384e-16
1.59471,1.77714e-16
1.59683,1.72199e-16
1.59894,1.66837e-16
1.60106,1.61624e-16
1.60317,1.56556e-16
1.60529,1.5163e-16
1.60741,1.46843e-16
1.60952,1.4219e-16
1.61164,1.3767e-16
1.61376,1.33279e-16
1.61587,1.29013e-16
1.61799,1.2487e-16
1.62011,1.20846e-16
1.62222,1.16939e-16
1.62434,1.13145e-16
1.62646,1.09463e-16
1.62857,1.05888e-16
1.63069,1.02419e-16
1.6328,9.90518e-17
1.63492,9.57849e-17
1.63704,9.26154e-17
1.63915,8.95407e-17
1.64127,8.65585e-17
1.64339,8.36662e-17
1.6455,8.08614e-17
1.64762,7.8142e-17
1.64974,7.55055e-17
1.65185,7.29499e-17
1.65397,7.04728e-17
1.65608,6.80722e-17
1.6582,6.57461e-17
1.66032,6.34923e-17
1.66243,6.13089e-17
1.66455,5.9194e-17
1.66667,5.71456e-17
1.66878,5.51619e-17
1.6709,5.32411e-17
1.67302,5.13815e-17
1.67513,4.95813e-17
1.67725,4.78387e-17
1.67937,4.61523e-17
1.68148,4.45203e-17
1.6836,4.29412e-17
1.68571,4.14135e-17
1.68783,3.99357e-17
1.68995,3.85062e-17
1.69206,3.71238e-17
1.69418,3.57871e-17
1.6963,3.44945e-17
1.69841,3.3245e-17
1.70053,3.20371e-17
1.70265,3.08697e-17
1.70476,2.97414e-17
1.70688,2.86512e-17
1.70899,2.75979e-17
1.71111,2.65803e-17
1.71323,2.55974e-17
1.71534,2.4648e-17
1.71746,2.37312e-17
1.71958,2.2846e-17
1.72169,2.19913e-17
1.72381,2.11662e-17
1.72593,2.03698e-17
1.72804,1.96011e-17
1.73016,1.88594e-17
1.73228,1.81437e-17
1.73439,1.74532e-17
1.73651,1.67871e-17
1.73862,1.61446e-17
1.74074,1.55249e-17
1.74286,1.49274e-17
1.74497,1.43513e-17
1.74709,1.37958e-17
1.74921,1.32604e-17
1.75132,1.27443e-17
1.75344,1.22469e-17
1.75556,1.17677e-17
1.75767,1.13059e-17
1.75979,1.0861e-17
1.7619,1.04325e-17
1.76402,1.00197e-17
1.76614,9.6222e-18
1.76825,9.23944e-18
1.77037,8.8709e-18
1.77249,8.51611e-18
1.7746,8.1746e-18
1.77672,7.8459e-18
1.77884,7.52958e-18
1.78095,7.2252e-18
1.78307,6.93235e-18
1.78519,6.65062e-18
1.7873,6.37963e-18
1.78942,6.119e-18
1.79153,5.86835e-18
1.79365,5.62735e-18
1.79577,5.39563e-18
1.79788,5.17288e-18
1.8,4.95877e-18
1.80212,4.75299e-18
1.80423,4.55524e-18
1.80635,4.36522e-18
1.80847,4.18267e-18
1.81058,4.0073e-18
1.8127,3.83885e-18
1.81481,3.67708e-18
1.81693,3.52172e-18
1.81905,3.37255e-18
1.82116,3.22934e-18
1.82328,3.09187e-18
1.8254,2.95991e-18
1.82751,2.83327e-18
1.82963,2.71174e-18
1.83175,2.59514e-18
1.83386,2.48327e-18
1.83598,2.37596e-18
1.8381,2.27303e-18
1.84021,2.17431e-18
1.84233,2.07965e-18
1.84444,1.98889e-18
1.84656,1.90188e-18
1.84868,1.81847e-18
1.85079,1.73852e-18
1.85291,1.6619e-18
1.85503,1.58848e-18
1.85714,1.51814e-18
1.85926,1.45074e-18
1.86138,1.38619e-18
1.86349,1.32436e-18
1.86561,1.26514e-18
1.86772,1.20844e-18
1.86984,1.15414e-18
1.87196,1.10217e-18
1.87407,1.05242e-18
1.87619,1.0048e-18
1.87831,9.59225e-19
1.88042,9.15617e-19
1.88254,8.73894e-19
1.88466,8.33979e-19
1.88677,7.95798e-19
1.88889,7.59279e-19
1.89101,7.24356e-19
1.89312,6.90961e-19
1.89524,6.59032e-19
1.89735,6.28508e-19
1.89947,5.99331e-19
1.90159,5.71444e-19
1.9037,5.44794e-19
1.90582,5.19329e-19
1.90794,4.94998e-19
1.91005,4.71755e-19
1.91217,4.49552e-19
1.91429,4.28347e-19
1.9164,4.08096e-19
1.91852,3.88759e-19
1.92063,3.70297e-19
1.92275,3.52672e-19
1.92487,3.35848e-19
1.92698,3.19791e-19
1.9291,3.04468e-19
1.93122,2.89846e-19
1.93333,2.75896e-19
1.93545,2.62588e-19
1.93757,2.49893e-19
1.93968,2.37786e-19
1.9418,2.2624e-19
1.94392,2.15231e-19
1.94603,2.04734e-19
1.94815,1.94728e-19
1.95026,1.85189e-19
1.95238,1.76099e-19
1.9545,1.67435e-19
1.95661,1.59181e-19
1.95873,1.51316e-19
1.96085,1.43823e-19
1.96296,1.36687e-19
1.96508,1.2989e-19
1.9672,1.23417e-19
1.96931,1.17253e-19
1.97143,1.11385e-19
1.97354,1.05799e-19
1.97566,1.00482e-19
1.97778,9.54207e-20
1.97989,9.06046e-20
1.98201,8.6022e-20
1.98413,8.1662e-20
1.98624,7.75143e-20
1.98836,7.35691e-20
1.99048,6.98168e-20
1.99259,6.62485e-20
1.99471,6.28555e-20
1.99683,5.96296e-20
1.99894,5.65629e-20
