0.0016129,5.73517e-20
0.00483871,6.21523e-20
0.00806452,6.73372e-20
0.0112903,7.29357e-20
0.0145161,7.8979e-20
0.0177419,8.55009e-20
0.0209677,9.25372e-20
0.0241935,1.00127e-19
0.0274194,1.0831e-19
0.0306452,1.17132e-19
0.033871,1.2664e-19
0.0370968,1.36884e-19
0.0403226,1.47917e-19
0.0435484,1.59799e-19
0.0467742,1.7259e-19
0.05,1.86357e-19
0.0532258,2.01169e-19
0.0564516,2.17102e-19
0.0596774,2.34236e-19
0.0629032,2.52657e-19
0.066129,2.72456e-19
0.0693548,2.93729e-19
0.0725806,3.16581e-19
0.0758065,3.41122e-19
0.0790323,3.67471e-19
0.0822581,3.95751e-19
0.0854839,4.26097e-19
0.0887097,4.5865e-19
0.0919355,4.93562e-19
0.0951613,5.30993e-19
0.0983871,5.71115e-19
0.101613,6.14108e-19
0.104839,6.60166e-19
0.108065,7.09494e-19
0.11129,7.62309e-19
0.114516,8.18843e-19
0.117742,8.7934e-19
0.120968,9.44062e-19
0.124194,1.01328e-18
0.127419,1.0873e-18
0.130645,1.16641e-18
0.133871,1.25096e-18
0.137097,1.34129e-18
0.140323,1.43777e-18
0.143548,1.54078e-18
0.146774,1.65075e-18
0.15,1.7681e-18
0.153226,1.89331e-18
0.156452,2.02685e-18
0.159677,2.16925e-18
0.162903,2.32105e-18
0.166129,2.48283e-18
0.169355,2.65519e-18
0.172581,2.83878e-18
0.175806,3.03427e-18
0.179032,3.24238e-18
0.182258,3.46386e-18
0.185484,3.69951e-18
0.18871,3.95017e-18
0.191935,4.21671e-18
0.195161,4.50006e-18
0.198387,4.80121e-18
0.201613,5.12117e-18
0.204839,5.46104e-18
0.208065,5.82195e-18
0.21129,6.2051e-18
0.214516,6.61174e-18
0.217742,7.04319e-18
0.220968,7.50085e-18
0.224194,7.98618e-18
0.227419,8.50069e-18
0.230645,9.04599e-18
0.233871,9.62377e-18
0.237097,1.02358e-17
0.240323,1.08839e-17
0.243548,1.157e-17
0.246774,1.22962e-17
0.25,1.30646e-17
0.253226,1.38774e-17
0.256452,1.47369e-17
0.259677,1.56456e-17
0.262903,1.6606e-17
0.266129,1.76207e-17
0.269355,1.86926e-17
0.272581,1.98246e-17
0.275806,2.10196e-17
0.279032,2.22808e-17
0.282258,2.36116e-17
0.285484,2.50154e-17
0.28871,2.64957e-17
0.291935,2.80564e-17
0.295161,2.97012e-17
0.298387,3.14343e-17
0.301613,3.32599e-17
0.304839,3.51823e-17
0.308065,3.72061e-17
0.31129,3.93362e-17
0.314516,4.15774e-17
0.317742,4.39348e-17
0.320968,4.64138e-17
0.324194,4.902e-17
0.327419,5.1759e-17
0.330645,5.46369e-17
0.333871,5.76597e-17
0.337097,6.0834e-17
0.340323,6.41664e-17
0.343548,6.76636e-17
0.346774,7.13329e-17
0.35,7.51817e-17
0.353226,7.92175e-17
0.356452,8.34482e-17
0.359677,8.7882e-17
0.362903,9.25273e-17
0.366129,9.73928e-17
0.369355,1.02488e-16
0.372581,1.07821e-16
0.375806,1.13402e-16
0.379032,1.19241e-16
0.382258,1.25348e-16
0.385484,1.31734e-16
0.38871,1.38409e-16
0.391935,1.45384e-16
0.395161,1.52671e-16
0.398387,1.60282e-16
0.401613,1.68228e-16
0.404839,1.76522e-16
0.408065,1.85177e-16
0.41129,1.94206e-16
0.414516,2.03622e-16
0.417742,2.13439e-16
0.420968,2.23671e-16
0.424194,2.34333e-16
0.427419,2.45439e-16
0.430645,2.57005e-16
0.433871,2.69046e-16
0.437097,2.81577e-16
0.440323,2.94616e-16
0.443548,3.08178e-16
0.446774,3.22281e-16
0.45,3.36941e-16
0.453226,3.52177e-16
0.456452,3.68005e-16
0.459677,3.84445e-16
0.462903,4.01515e-16
0.466129,4.19234e-16
0.469355,4.37621e-16
0.472581,4.56696e-16
0.475806,4.76478e-16
0.479032,4.96988e-16
0.482258,5.18245e-16
0.485484,5.40272e-16
0.48871,5.63088e-16
0.491935,5.86715e-16
0.495161,6.11174e-16
0.498387,6.36487e-16
0.501613,6.62676e-16
0.504839,6.89764e-16
0.508065,7.17771e-16
0.51129,7.46722e-16
0.514516,7.76639e-16
0.517742,8.07544e-16
0.520968,8.3946e-16
0.524194,8.72411e-16
0.527419,9.06419e-16
0.530645,9.41508e-16
0.533871,9.77701e-16
0.537097,1.01502e-15
0.540323,1.05349e-15
0.543548,1.09314e-15
0.546774,1.13398e-15
0.55,1.17604e-15
0.553226,1.21934e-15
0.556452,1.26391e-15
0.559677,1.30977e-15
0.562903,1.35694e-15
0.566129,1.40544e-15
0.569355,1.4553e-15
0.572581,1.50653e-15
0.575806,1.55916e-15
0.579032,1.61322e-15
0.582258,1.66871e-15
0.585484,1.72566e-15
0.58871,1.78409e-15
0.591935,1.84401e-15
0.595161,1.90546e-15
0.598387,1.96844e-15
0.601613,2.03297e-15
0.604839,2.09908e-15
0.608065,2.16676e-15
0.61129,2.23605e-15
0.614516,2.30696e-15
0.617742,2.37949e-15
0.620968,2.45367e-15
0.624194,2.5295e-15
0.627419,2.607e-15
0.630645,2.68617e-15
0.633871,2.76702e-15
0.637097,2.84957e-15
0.640323,2.93382e-15
0.643548,3.01977e-15
0.646774,3.10743e-15
0.65,3.19681e-15
0.653226,3.2879e-15
0.656452,3.3807e-15
0.659677,3.47523e-15
0.662903,3.57146e-15
0.666129,3.66941e-15
0.669355,3.76906e-15
0.672581,3.87041e-15
0.675806,3.97345e-15
0.679032,4.07817e-15
0.682258,4.18457e-15
0.685484,4.29262e-15
0.68871,4.40232e-15
0.691935,4.51365e-15
0.695161,4.62659e-15
0.698387,4.74112e-15
0.701613,4.85722e-15
0.704839,4.97487e-15
0.708065,5.09405e-15
0.71129,5.21473e-15
0.714516,5.33687e-15
0.717742,5.46046e-15
0.720968,5.58545e-15
0.724194,5.71182e-15
0.727419,5.83953e-15
0.730645,5.96854e-15
0.733871,6.09881e-15
0.737097,6.23031e-15
0.740323,6.36299e-15
0.743548,6.4968e-15
0.746774,6.6317e-15
0.75,6.76764e-15
0.753226,6.90457e-15
0.756452,7.04244e-15
0.759677,7.18119e-15
0.762903,7.32078e-15
0.766129,7.46113e-15
0.769355,7.6022e-15
0.772581,7.74392e-15
0.775806,7.88623e-15
0.779032,8.02907e-15
0.782258,8.17236e-15
0.785484,8.31605e-15
0.78871,8.46007e-15
0.791935,8.60434e-15
0.795161,8.7488e-15
0.798387,8.89336e-15
0.801613,9.03797e-15
0.804839,9.18254e-15
0.808065,9.32699e-15
0.81129,9.47125e-15
0.814516,9.61524e-15
0.817742,9.75888e-15
0.820968,9.90209e-15
0.824194,1.00448e-14
0.827419,1.01869e-14
0.830645,1.03283e-14
0.833871,1.0469e-14
0.837097,1.06088e-14
0.840323,1.07477e-14
0.843548,1.08856e-14
0.846774,1.10224e-14
0.85,1.1158e-14
0.853226,1.12923e-14
0.856452,1.14252e-14
0.859677,1.15568e-14
0.862903,1.16868e-14
0.866129,1.18152e-14
0.869355,1.19419e-14
0.872581,1.20668e-14
0.875806,1.21898e-14
0.879032,1.23109e-14
0.882258,1.243e-14
0.885484,1.2547e-14
0.88871,1.26617e-14
0.891935,1.27742e-14
0.895161,1.28843e-14
0.898387,1.29921e-14
0.901613,1.30972e-14
0.904839,1.31999e-14
0.908065,1.32998e-14
0.91129,1.33971e-14
0.914516,1.34915e-14
0.917742,1.3583e-14
0.920968,1.36717e-14
0.924194,1.37573e-14
0.927419,1.38399e-14
0.930645,1.39193e-14
0.933871,1.39955e-14
0.937097,1.40686e-14
0.940323,1.41383e-14
0.943548,1.42046e-14
0.946774,1.42676e-14
0.95,1.43271e-14
0.953226,1.43831e-14
0.956452,1.44356e-14
0.959677,1.44845e-14
0.962903,1.45298e-14
0.966129,1.45714e-14
0.969355,1.46094e-14
0.972581,1.46436e-14
0.975806,1.46741e-14
0.979032,1.47009e-14
0.982258,1.47238e-14
0.985484,1.4743e-14
0.98871,1.47584e-14
0.991935,1.47699e-14
0.995161,1.47776e-14
0.998387,1.47814e-14
1.00161,1.47814e-14
1.00484,1.47776e-14
1.00806,1.47699e-14
1.01129,1.47584e-14
1.01452,1.4743e-14
1.01774,1.47238e-14
1.02097,1.47009e-14
1.02419,1.46741e-14
1.02742,1.46436e-14
1.03065,1.46094e-14
1.03387,1.45714e-14
1.0371,1.45298e-14
1.04032,1.44845e-14
1.04355,1.44356e-14
1.04677,1.43831e-14
1.05,1.43271e-14
1.05323,1.42676e-14
1.05645,1.42046e-14
1.05968,1.41383e-14
1.0629,1.40686e-14
1.06613,1.39955e-14
1.06935,1.39193e-14
1.07258,1.38399e-14
1.07581,1.37573e-14
1.07903,1.36717e-14
1.08226,1.3583e-14
1.08548,1.34915e-14
1.08871,1.33971e-14
1.09194,1.32998e-14
1.09516,1.31999e-14
1.09839,1.30972e-14
1.10161,1.29921e-14
1.10484,1.28843e-14
1.10806,1.27742e-14
1.11129,1.26617e-14
1.11452,1.2547e-14
1.11774,1.243e-14
1.12097,1.23109e-14
1.12419,1.21898e-14
1.12742,1.20668e-14
1.13065,1.19419e-14
1.13387,1.18152e-14
1.1371,1.16868e-14
1.14032,1.15568e-14
1.14355,1.14252e-14
1.14677,1.12923e-14
1.15,1.1158e-14
1.15323,1.10224e-14
1.15645,1.08856e-14
1.15968,1.07477e-14
1.1629,1.06088e-14
1.16613,1.0469e-14
1.16935,1.03283e-14
1.17258,1.01869e-14
1.17581,1.00448e-14
1.17903,9.90209e-15
1.18226,9.75888e-15
1.18548,9.61524e-15
1.18871,9.47125e-15
1.19194,9.32699e-15
1.19516,9.18254e-15
1.19839,9.03797e-15
1.20161,8.89336e-15
1.20484,8.7488e-15
1.20806,8.60434e-15
1.21129,8.46007e-15
1.21452,8.31605e-15
1.21774,8.17236e-15
1.22097,8.02907e-15
1.22419,7.88623e-15
1.22742,7.74392e-15
1.23065,7.6022e-15
1.23387,7.46113e-15
1.2371,7.32078e-15
1.24032,7.18119e-15
1.24355,7.04244e-15
1.24677,6.90457e-15
1.25,6.76764e-15
1.25323,6.6317e-15
1.25645,6.4968e-15
1.25968,6.36299e-15
1.2629,6.23031e-15
1.26613,6.09881e-15
1.26935,5.96854e-15
1.27258,5.83953e-15
1.27581,5.71182e-15
1.27903,5.58545e-15
1.28226,5.46046e-15
1.28548,5.33687e-15
1.28871,5.21473e-15
1.29194,5.09405e-15
1.29516,4.97487e-15
1.29839,4.85722e-15
1.30161,4.74112e-15
1.30484,4.62659e-15
1.30806,4.51365e-15
1.31129,4.40232e-15
1.31452,4.29262e-15
1.31774,4.18457e-15
1.32097,4.07817e-15
1.32419,3.97345e-15
1.32742,3.87041e-15
1.33065,3.76906e-15
1.33387,3.66941e-15
1.3371,3.57146e-15
1.34032,3.47523e-15
1.34355,3.3807e-15
1.34677,3.2879e-15
1.35,3.19681e-15
1.35323,3.10743e-15
1.35645,3.01977e-15
1.35968,2.93382e-15
1.3629,2.84957e-15
1.36613,2.76702e-15
1.36935,2.68617e-15
1.37258,2.607e-15
1.37581,2.5295e-15
1.37903,2.45367e-15
1.38226,2.37949e-15
1.38548,2.30696e-15
1.38871,2.23605e-15
1.39194,2.16676e-15
1.39516,2.09908e-15
1.39839,2.03297e-15
1.40161,1.96844e-15
1.40484,1.90546e-15
1.40806,1.84401e-15
1.41129,1.78409e-15
1.41452,1.72566e-15
1.41774,1.66871e-15
1.42097,1.61322e-15
1.42419,1.55916e-15
1.42742,1.50653e-15
1.43065,1.4553e-15
1.43387,1.40544e-15
1.4371,1.35694e-15
1.44032,1.30977e-15
1.44355,1.26391e-15
1.44677,1.21934e-15
1.45,1.17604e-15
1.45323,1.13398e-15
1.45645,1.09314e-15
1.45968,1.05349e-15
1.4629,1.01502e-15
1.46613,9.77701e-16
1.46935,9.41508e-16
1.47258,9.06419e-16
1.47581,8.72411e-16
1.47903,8.3946e-16
1.48226,8.07544e-16
1.48548,7.76639e-16
1.48871,7.46722e-16
1.49194,7.17771e-16
1.49516,6.89764e-16
1.49839,6.62676e-16
1.50161,6.36487e-16
1.50484,6.11174e-16
1.50806,5.86715e-16
1.51129,5.63088e-16
1.51452,5.40272e-16
1.51774,5.18245e-16
1.52097,4.96988e-16
1.52419,4.76478e-16
1.52742,4.56696e-16
1.53065,4.37621e-16
1.53387,4.19234e-16
1.5371,4.01515e-16
1.54032,3.84445e-16
1.54355,3.68005e-16
1.54677,3.52177e-16
1.55,3.36941e-16
1.55323,3.22281e-16
1.55645,3.08178e-16
1.55968,2.94616e-16
1.5629,2.81577e-16
1.56613,2.69046e-16
1.56935,2.57005e-16
1.57258,2.45439e-16
1.57581,2.34333e-16
1.57903,2.23671e-16
1.58226,2.13439e-16
1.58548,2.03622e-16
1.58871,1.94206e-16
1.59194,1.85177e-16
1.59516,1.76522e-16
1.59839,1.68228e-16
1.60161,1.60282e-16
1.60484,1.52671e-16
1.60806,1.45384e-16
1.61129,1.38409e-16
1.61452,1.31734e-16
1.61774,1.25348e-16
1.62097,1.19241e-16
1.62419,1.13402e-16
1.62742,1.07821e-16
1.63065,1.02488e-16
1.63387,9.73928e-17
1.6371,9.25273e-17
1.64032,8.7882e-17
1.64355,8.34482e-17
1.64677,7.92175e-17
1.65,7.51817e-17
1.65323,7.13329e-17
1.65645,6.76636e-17
1.65968,6.41664e-17
1.6629,6.0834e-17
1.66613,5.76597e-17
1.66935,5.46369e-17
1.67258,5.1759e-17
1.67581,4.902e-17
1.67903,4.64138e-17
1.68226,4.39348e-17
1.68548,4.15774e-17
1.68871,3.93362e-17
1.69194,3.72061e-17
1.69516,3.51823e-17
1.69839,3.32599e-17
1.70161,3.14343e-17
1.70484,2.97012e-17
1.70806,2.80564e-17
1.71129,2.64957e-17
1.71452,2.50154e-17
1.71774,2.36116e-17
1.72097,2.22808e-17
1.72419,2.10196e-17
1.72742,1.98246e-17
1.73065,1.86926e-17
1.73387,1.76207e-17
1.7371,1.6606e-17
1.74032,1.56456e-17
1.74355,1.47369e-17
1.74677,1.38774e-17
1.75,1.30646e-17
1.75323,1.22962e-17
1.75645,1.157e-17
1.75968,1.08839e-17
1.7629,1.02358e-17
1.76613,9.62377e-18
1.76935,9.04599e-18
1.77258,8.50069e-18
1.77581,7.98618e-18
1.77903,7.50085e-18
1.78226,7.04319e-18
1.78548,6.61174e-18
1.78871,6.2051e-18
1.79194,5.82195e-18
1.79516,5.46104e-18
1.79839,5.12117e-18
1.80161,4.80121e-18
1.80484,4.50006e-18
1.80806,4.21671e-18
1.81129,3.95017e-18
1.81452,3.69951e-18
1.81774,3.46386e-18
1.82097,3.24238e-18
1.82419,3.03427e-18
1.82742,2.83878e-18
1.83065,2.65519e-18
1.83387,2.48283e-18
1.8371,2.32105e-18
1.84032,2.16925e-18
1.84355,2.02685e-18
1.84677,1.89331e-18
1.85,1.7681e-18
1.85323,1.65075e-18
1.85645,1.54078e-18
1.85968,1.43777e-18
1.8629,1.34129e-18
1.86613,1.25096e-18
1.86935,1.16641e-18
1.87258,1.0873e-18
1.87581,1.01328e-18
1.87903,9.44062e-19
1.88226,8.7934e-19
1.88548,8.18843e-19
1.88871,7.62309e-19
1.89194,7.09494e-19
1.89516,6.60166e-19
1.89839,6.14108e-19
1.90161,5.71115e-19
1.90484,5.30993e-19
1.90806,4.93562e-19
1.91129,4.5865e-19
1.91452,4.26097e-19
1.91774,3.95751e-19
1.92097,3.67471e-19
1.92419,3.41122e-19
1.92742,3.16581e-19
1.93065,2.93729e-19
1.93387,2.72456e-19
1.9371,2.52657e-19
1.94032,2.34236e-19
1.94355,2.17102e-19
1.94677,2.01169e-19
1.95,1.86357e-19
1.95323,1.7259e-19
1.95645,1.59799e-19
1.95968,1.47917e-19
1.9629,1.36884e-19
1.96613,1.2664e-19
1.96935,1.17132e-19
1.97258,1.0831e-19
1.97581,1.00127e-19
1.97903,9.25372e-20
1.98226,8.55009e-20
1.98548,7.8979e-20
1.98871,7.29357e-20
1.99194,6.73372e-20
1.99516,6.21523e-20
1.99839,5.73517e-20
