0.00203666,5.79614e-20
0.00610998,6.41482e-20
0.0101833,7.09659e-20
0.0142566,7.84756e-20
0.0183299,8.6744e-20
0.0224033,9.58439e-20
0.0264766,1.05854e-19
0.0305499,1.16862e-19
0.0346232,1.28961e-19
0.0386965,1.42253e-19
0.0427699,1.56851e-19
0.0468432,1.72874e-19
0.0509165,1.90456e-19
0.0549898,2.09738e-19
0.0590631,2.30877e-19
0.0631365,2.54041e-19
0.0672098,2.79414e-19
0.0712831,3.07192e-19
0.0753564,3.37593e-19
0.0794297,3.70848e-19
0.0835031,4.0721e-19
0.0875764,4.46952e-19
0.0916497,4.9037e-19
0.095723,5.37781e-19
0.0997963,5.89533e-19
0.10387,6.45996e-19
0.107943,7.07573e-19
0.112016,7.74699e-19
0.11609,8.47841e-19
0.120163,9.27504e-19
0.124236,1.01423e-18
0.12831,1.10861e-18
0.132383,1.21126e-18
0.136456,1.32288e-18
0.14053,1.44418e-18
0.144603,1.57594e-18
0.148676,1.71902e-18
0.152749,1.87431e-18
0.156823,2.04278e-18
0.160896,2.22547e-18
0.164969,2.42349e-18
0.169043,2.63803e-18
0.173116,2.87038e-18
0.177189,3.1219e-18
0.181263,3.39405e-18
0.185336,3.68839e-18
0.189409,4.0066e-18
0.193483,4.35046e-18
0.197556,4.72186e-18
0.201629,5.12285e-18
0.205703,5.55559e-18
0.209776,6.02238e-18
0.213849,6.52569e-18
0.217923,7.06812e-18
0.221996,7.65247e-18
0.226069,8.28169e-18
0.230143,8.95894e-18
0.234216,9.68755e-18
0.238289,1.04711e-17
0.242363,1.13133e-17
0.246436,1.22181e-17
0.250509,1.31899e-17
0.254582,1.42331e-17
0.258656,1.53523e-17
0.262729,1.65528e-17
0.266802,1.78397e-17
0.270876,1.92186e-17
0.274949,2.06956e-17
0.279022,2.22769e-17
0.283096,2.3969e-17
0.287169,2.57789e-17
0.291242,2.77141e-17
0.295316,2.97821e-17
0.299389,3.19912e-17
0.303462,3.43499e-17
0.307536,3.68672e-17
0.311609,3.95525e-17
0.315682,4.24159e-17
0.319756,4.54677e-17
0.323829,4.87189e-17
0.327902,5.21808e-17
0.331976,5.58656e-17
0.336049,5.97859e-17
0.340122,6.39546e-17
0.344196,6.83857e-17
0.348269,7.30935e-17
0.352342,7.80929e-17
0.356415,8.33997e-17
0.360489,8.90302e-17
0.364562,9.50014e-17
0.368635,1.01331e-16
0.372709,1.08038e-16
0.376782,1.1514e-16
0.380855,1.22659e-16
0.384929,1.30614e-16
0.389002,1.39028e-16
0.393075,1.47923e-16
0.397149,1.57321e-16
0.401222,1.67247e-16
0.405295,1.77725e-16
0.409369,1.88781e-16
0.413442,2.00443e-16
0.417515,2.12736e-16
0.421589,2.2569e-16
0.425662,2.39333e-16
0.429735,2.53695e-16
0.433809,2.68808e-16
0.437882,2.84703e-16
0.441955,3.01413e-16
0.446029,3.18972e-16
0.450102,3.37413e-16
0.454175,3.56772e-16
0.458248,3.77086e-16
0.462322,3.98391e-16
0.466395,4.20725e-16
0.470468,4.44128e-16
0.474542,4.68637e-16
0.478615,4.94294e-16
0.482688,5.21139e-16
0.486762,5.49214e-16
0.490835,5.78562e-16
0.494908,6.09225e-16
0.498982,6.41248e-16
0.503055,6.74673e-16
0.507128,7.09547e-16
0.511202,7.45914e-16
0.515275,7.83819e-16
0.519348,8.23309e-16
0.523422,8.6443e-16
0.527495,9.07229e-16
0.531568,9.51751e-16
0.535642,9.98045e-16
0.539715,1.04616e-15
0.543788,1.09613e-15
0.547862,1.14802e-15
0.551935,1.20186e-15
0.556008,1.25771e-15
0.560081,1.31561e-15
0.564155,1.3756e-15
0.568228,1.43773e-15
0.572301,1.50204e-15
0.576375,1.56858e-15
0.580448,1.63739e-15
0.584521,1.70851e-15
0.588595,1.78198e-15
0.592668,1.85783e-15
0.596741,1.93611e-15
0.600815,2.01686e-15
0.604888,2.1001e-15
0.608961,2.18587e-15
0.613035,2.27419e-15
0.617108,2.36511e-15
0.621181,2.45864e-15
0.625255,2.5548e-15
0.629328,2.65363e-15
0.633401,2.75514e-15
0.637475,2.85935e-15
0.641548,2.96626e-15
0.645621,3.0759e-15
0.649695,3.18827e-15
0.653768,3.30337e-15
0.657841,3.42121e-15
0.661914,3.54178e-15
0.665988,3.66508e-15
0.670061,3.7911e-15
0.674134,3.91983e-15
0.678208,4.05124e-15
0.682281,4.18533e-15
0.686354,4.32206e-15
0.690428,4.46141e-15
0.694501,4.60334e-15
0.698574,4.74782e-15
0.702648,4.89479e-15
0.706721,5.04423e-15
0.710794,5.19607e-15
0.714868,5.35027e-15
0.718941,5.50675e-15
0.723014,5.66546e-15
0.727088,5.82633e-15
0.731161,5.98928e-15
0.735234,6.15424e-15
0.739308,6.32111e-15
0.743381,6.48982e-15
0.747454,6.66027e-15
0.751527,6.83236e-15
0.755601,7.00599e-15
0.759674,7.18105e-15
0.763747,7.35744e-15
0.767821,7.53503e-15
0.771894,7.71371e-15
0.775967,7.89334e-15
0.780041,8.07382e-15
0.784114,8.25499e-15
0.788187,8.43673e-15
0.792261,8.6189e-15
0.796334,8.80134e-15
0.800407,8.98393e-15
0.804481,9.16649e-15
0.808554,9.34889e-15
0.812627,9.53096e-15
0.816701,9.71255e-15
0.820774,9.8935e-15
0.824847,1.00736e-14
0.828921,1.02528e-14
0.832994,1.04308e-14
0.837067,1.06075e-14
0.841141,1.07828e-14
0.845214,1.09563e-14
0.849287,1.11281e-14
0.85336,1.12979e-14
0.857434,1.14655e-14
0.861507,1.16307e-14
0.86558,1.17935e-14
0.869654,1.19535e-14
0.873727,1.21107e-14
0.8778,1.22649e-14
0.881874,1.24159e-14
0.885947,1.25636e-14
0.89002,1.27077e-14
0.894094,1.28482e-14
0.898167,1.29848e-14
0.90224,1.31174e-14
0.906314,1.32459e-14
0.910387,1.33701e-14
0.91446,1.34899e-14
0.918534,1.36051e-14
0.922607,1.37156e-14
0.92668,1.38212e-14
0.930754,1.39219e-14
0.934827,1.40175e-14
0.9389,1.41079e-14
0.942974,1.4193e-14
0.947047,1.42727e-14
0.95112,1.43469e-14
0.955193,1.44155e-14
0.959267,1.44785e-14
0.96334,1.45356e-14
0.967413,1.4587e-14
0.971487,1.46324e-14
0.97556,1.46719e-14
0.979633,1.47054e-14
0.983707,1.47329e-14
0.98778,1.47543e-14
0.991853,1.47696e-14
0.995927,1.47788e-14
1,1.47819e-14
1.00407,1.47788e-14
1.00815,1.47696e-14
1.01222,1.47543e-14
1.01629,1.47329e-14
1.02037,1.47054e-14
1.02444,1.46719e-14
1.02851,1.46324e-14
1.03259,1.4587e-14
1.03666,1.45356e-14
1.04073,1.44785e-14
1.04481,1.44155e-14
1.04888,1.43469e-14
1.05295,1.42727e-14
1.05703,1.4193e-14
1.0611,1.41079e-14
1.06517,1.40175e-14
1.06925,1.39219e-14
1.07332,1.38212e-14
1.07739,1.37156e-14
1.08147,1.36051e-14
1.08554,1.34899e-14
1.08961,1.33701e-14
1.09369,1.32459e-14
1.09776,1.31174e-14
1.10183,1.29848e-14
1.10591,1.28482e-14
1.10998,1.27077e-14
1.11405,1.25636e-14
1.11813,1.24159e-14
1.1222,1.22649e-14
1.12627,1.21107e-14
1.13035,1.19535e-14
1.13442,1.17935e-14
1.13849,1.16307e-14
1.14257,1.14655e-14
1.14664,1.12979e-14
1.15071,1.11281e-14
1.15479,1.09563e-14
1.15886,1.07828e-14
1.16293,1.06075e-14
1.16701,1.04308e-14
1.17108,1.02528e-14
1.17515,1.00736e-14
1.17923,9.8935e-15
1.1833,9.71255e-15
1.18737,9.53096e-15
1.19145,9.34889e-15
1.19552,9.16649e-15
1.19959,8.98393e-15
1.20367,8.80134e-15
1.20774,8.6189e-15
1.21181,8.43673e-15
1.21589,8.25499e-15
1.21996,8.07382e-15
1.22403,7.89334e-15
1.22811,7.71371e-15
1.23218,7.53503e-15
1.23625,7.35744e-15
1.24033,7.18105e-15
1.2444,7.00599e-15
1.24847,6.83236e-15
1.25255,6.66027e-15
1.25662,6.48982e-15
1.26069,6.32111e-15
1.26477,6.15424e-15
1.26884,5.98928e-15
1.27291,5.82633e-15
1.27699,5.66546e-15
1.28106,5.50675e-15
1.28513,5.35027e-15
1.28921,5.19607e-15
1.29328,5.04423e-15
1.29735,4.89479e-15
1.30143,4.74782e-15
1.3055,4.60334e-15
1.30957,4.46141e-15
1.31365,4.32206e-15
1.31772,4.18533e-15
1.32179,4.05124e-15
1.32587,3.91983e-15
1.32994,3.7911e-15
1.33401,3.66508e-15
1.33809,3.54178e-15
1.34216,3.42121e-15
1.34623,3.30337e-15
1.35031,3.18827e-15
1.35438,3.0759e-15
1.35845,2.96626e-15
1.36253,2.85935e-15
1.3666,2.75514e-15
1.37067,2.65363e-15
1.37475,2.5548e-15
1.37882,2.45864e-15
1.38289,2.36511e-15
1.38697,2.27419e-15
1.39104,2.18587e-15
1.39511,2.1001e-15
1.39919,2.01686e-15
1.40326,1.93611e-15
1.40733,1.85783e-15
1.41141,1.78198e-15
1.41548,1.70851e-15
1.41955,1.63739e-15
1.42363,1.56858e-15
1.4277,1.50204e-15
1.43177,1.43773e-15
1.43585,1.3756e-15
1.43992,1.31561e-15
1.44399,1.25771e-15
1.44807,1.20186e-15
1.45214,1.14802e-15
1.45621,1.09613e-15
1.46029,1.04616e-15
1.46436,9.98045e-16
1.46843,9.51751e-16
1.47251,9.07229e-16
1.47658,8.6443e-16
1.48065,8.23309e-16
1.48473,7.83819e-16
1.4888,7.45914e-16
1.49287,7.09547e-16
1.49695,6.74673e-16
1.50102,6.41248e-16
1.50509,6.09225e-16
1.50916,5.78562e-16
1.51324,5.49214e-16
1.51731,5.21139e-16
1.52138,4.94294e-16
1.52546,4.68637e-16
1.52953,4.44128e-16
1.5336,4.20725e-16
1.53768,3.98391e-16
1.54175,3.77086e-16
1.54582,3.56772e-16
1.5499,3.37413e-16
1.55397,3.18972e-16
1.55804,3.01413e-16
1.56212,2.84703e-16
1.56619,2.68808e-16
1.57026,2.53695e-16
1.57434,2.39333e-16
1.57841,2.2569e-16
1.58248,2.12736e-16
1.58656,2.00443e-16
1.59063,1.88781e-16
1.5947,1.77725e-16
1.59878,1.67247e-16
1.60285,1.57321e-16
1.60692,1.47923e-16
1.611,1.39028e-16
1.61507,1.30614e-16
1.61914,1.22659e-16
1.62322,1.1514e-16
1.62729,1.08038e-16
1.63136,1.01331e-16
1.63544,9.50014e-17
1.63951,8.90302e-17
1.64358,8.33997e-17
1.64766,7.80929e-17
1.65173,7.30935e-17
1.6558,6.83857e-17
1.65988,6.39546e-17
1.66395,5.97859e-17
1.66802,5.58656e-17
1.6721,5.21808e-17
1.67617,4.87189e-17
1.68024,4.54677e-17
1.68432,4.24159e-17
1.68839,3.95525e-17
1.69246,3.68672e-17
1.69654,3.43499e-17
1.70061,3.19912e-17
1.70468,2.97821e-17
1.70876,2.77141e-17
1.71283,2.57789e-17
1.7169,2.3969e-17
1.72098,2.22769e-17
1.72505,2.06956e-17
1.72912,1.92186e-17
1.7332,1.78397e-17
1.73727,1.65528e-17
1.74134,1.53523e-17
1.74542,1.42331e-17
1.74949,1.31899e-17
1.75356,1.22181e-17
1.75764,1.13133e-17
1.76171,1.04711e-17
1.76578,9.68755e-18
1.76986,8.95894e-18
1.77393,8.28169e-18
1.778,7.65247e-18
1.78208,7.06812e-18
1.78615,6.52569e-18
1.79022,6.02238e-18
1.7943,5.55559e-18
1.79837,5.12285e-18
1.80244,4.72186e-18
1.80652,4.35046e-18
1.81059,4.0066e-18
1.81466,3.68839e-18
1.81874,3.39405e-18
1.82281,3.1219e-18
1.82688,2.87038e-18
1.83096,2.63803e-18
1.83503,2.42349e-18
1.8391,2.22547e-18
1.84318,2.04278e-18
1.84725,1.87431e-18
1.85132,1.71902e-18
1.8554,1.57594e-18
1.85947,1.44418e-18
1.86354,1.32288e-18
1.86762,1.21126e-18
1.87169,1.10861e-18
1.87576,1.01423e-18
1.87984,9.27504e-19
1.88391,8.47841e-19
1.88798,7.74699e-19
1.89206,7.07573e-19
1.89613,6.45996e-19
1.9002,5.89533e-19
1.90428,5.37781e-19
1.90835,4.9037e-19
1.91242,4.46952e-19
1.9165,4.0721e-19
1.92057,3.70848e-19
1.92464,3.37593e-19
1.92872,3.07192e-19
1.93279,2.79414e-19
1.93686,2.54041e-19
1.94094,2.30877e-19
1.94501,2.09738e-19
1.94908,1.90456e-19
1.95316,1.72874e-19
1.95723,1.56851e-19
1.9613,1.42253e-19
1.96538,1.28961e-19
1.96945,1.16862e-19
1.97352,1.05854e-19
1.9776,9.58439e-20
1.98167,8.6744e-20
1.98574,7.84756e-20
1.98982,7.09659e-20
1.99389,6.41482e-20
1.99796,5.79614e-20
