0.0014245,5.70826e-20
0.0042735,6.12842e-20
0.00712251,6.57817e-20
0.00997151,7.05949e-20
0.0128205,7.57449e-20
0.0156695,8.12541e-20
0.0185185,8.71464e-20
0.0213675,9.3447e-20
0.0242165,1.00183e-19
0.0270655,1.07382e-19
0.0299145,1.15076e-19
0.0327635,1.23295e-19
0.0356125,1.32075e-19
0.0384615,1.41452e-19
0.0413105,1.51463e-19
0.0441595,1.62151e-19
0.0470085,1.73557e-19
0.0498575,1.85727e-19
0.0527066,1.98711e-19
0.0555556,2.12559e-19
0.0584046,2.27327e-19
0.0612536,2.43071e-19
0.0641026,2.59852e-19
0.0669516,2.77736e-19
0.0698006,2.9679e-19
0.0726496,3.17088e-19
0.0754986,3.38704e-19
0.0783476,3.61721e-19
0.0811966,3.86224e-19
0.0840456,4.12302e-19
0.0868946,4.40053e-19
0.0897436,4.69575e-19
0.0925926,5.00977e-19
0.0954416,5.3437e-19
0.0982906,5.69874e-19
0.10114,6.07613e-19
0.103989,6.4772e-19
0.106838,6.90333e-19
0.109687,7.35602e-19
0.112536,7.83679e-19
0.115385,8.3473e-19
0.118234,8.88926e-19
0.121083,9.46448e-19
0.123932,1.00749e-18
0.126781,1.07225e-18
0.12963,1.14094e-18
0.132479,1.21378e-18
0.135328,1.29102e-18
0.138177,1.37288e-18
0.141026,1.45965e-18
0.143875,1.55158e-18
0.146724,1.64897e-18
0.149573,1.75212e-18
0.152422,1.86134e-18
0.155271,1.97696e-18
0.15812,2.09935e-18
0.160969,2.22885e-18
0.163818,2.36587e-18
0.166667,2.5108e-18
0.169516,2.66407e-18
0.172365,2.82612e-18
0.175214,2.99742e-18
0.178063,3.17846e-18
0.180912,3.36974e-18
0.183761,3.57182e-18
0.18661,3.78524e-18
0.189459,4.01061e-18
0.192308,4.24853e-18
0.195157,4.49964e-18
0.198006,4.76464e-18
0.200855,5.04422e-18
0.203704,5.33912e-18
0.206553,5.65011e-18
0.209402,5.97801e-18
0.212251,6.32365e-18
0.2151,6.68791e-18
0.217949,7.07173e-18
0.220798,7.47606e-18
0.223647,7.9019e-18
0.226496,8.3503e-18
0.229345,8.82235e-18
0.232194,9.3192e-18
0.235043,9.84204e-18
0.237892,1.03921e-17
0.240741,1.09707e-17
0.24359,1.15791e-17
0.246439,1.22188e-17
0.249288,1.28912e-17
0.252137,1.35979e-17
0.254986,1.43404e-17
0.257835,1.51204e-17
0.260684,1.59395e-17
0.263533,1.67996e-17
0.266382,1.77026e-17
0.269231,1.86503e-17
0.27208,1.96447e-17
0.274929,2.0688e-17
0.277778,2.17823e-17
0.280627,2.29297e-17
0.283476,2.41328e-17
0.286325,2.53938e-17
0.289174,2.67152e-17
0.292023,2.80998e-17
0.294872,2.955e-17
0.297721,3.10689e-17
0.30057,3.26592e-17
0.303419,3.43239e-17
0.306268,3.60661e-17
0.309117,3.78891e-17
0.311966,3.97961e-17
0.314815,4.17907e-17
0.317664,4.38763e-17
0.320513,4.60567e-17
0.323362,4.83356e-17
0.326211,5.07169e-17
0.32906,5.32048e-17
0.331909,5.58034e-17
0.334758,5.85171e-17
0.337607,6.13502e-17
0.340456,6.43075e-17
0.343305,6.73937e-17
0.346154,7.06136e-17
0.349003,7.39724e-17
0.351852,7.74752e-17
0.354701,8.11274e-17
0.35755,8.49345e-17
0.360399,8.89023e-17
0.363248,9.30365e-17
0.366097,9.73432e-17
0.368946,1.01829e-16
0.371795,1.06499e-16
0.374644,1.11361e-16
0.377493,1.16422e-16
0.380342,1.21687e-16
0.383191,1.27165e-16
0.38604,1.32863e-16
0.388889,1.38788e-16
0.391738,1.44948e-16
0.394587,1.5135e-16
0.397436,1.58003e-16
0.400285,1.64915e-16
0.403134,1.72094e-16
0.405983,1.7955e-16
0.408832,1.87291e-16
0.411681,1.95325e-16
0.41453,2.03663e-16
0.417379,2.12314e-16
0.420228,2.21287e-16
0.423077,2.30593e-16
0.425926,2.40242e-16
0.428775,2.50243e-16
0.431624,2.60608e-16
0.434473,2.71347e-16
0.437322,2.82471e-16
0.440171,2.93991e-16
0.44302,3.0592e-16
0.445869,3.18268e-16
0.448718,3.31047e-16
0.451567,3.44269e-16
0.454416,3.57946e-16
0.457265,3.72092e-16
0.460114,3.86718e-16
0.462963,4.01838e-16
0.465812,4.17463e-16
0.468661,4.33609e-16
0.47151,4.50288e-16
0.474359,4.67513e-16
0.477208,4.85298e-16
0.480057,5.03658e-16
0.482906,5.22607e-16
0.485755,5.42159e-16
0.488604,5.62327e-16
0.491453,5.83128e-16
0.494302,6.04576e-16
0.497151,6.26685e-16
0.5,6.49471e-16
0.502849,6.72949e-16
0.505698,6.97134e-16
0.508547,7.22041e-16
0.511396,7.47687e-16
0.514245,7.74087e-16
0.517094,8.01256e-16
0.519943,8.2921e-16
0.522792,8.57966e-16
0.525641,8.87539e-16
0.52849,9.17945e-16
0.531339,9.49199e-16
0.534188,9.81319e-16
0.537037,1.01432e-15
0.539886,1.04822e-15
0.542735,1.08303e-15
0.545584,1.11877e-15
0.548433,1.15545e-15
0.551282,1.1931e-15
0.554131,1.23172e-15
0.55698,1.27134e-15
0.559829,1.31196e-15
0.562678,1.35361e-15
0.565527,1.39629e-15
0.568376,1.44003e-15
0.571225,1.48483e-15
0.574074,1.53072e-15
0.576923,1.57771e-15
0.579772,1.62581e-15
0.582621,1.67504e-15
0.58547,1.72541e-15
0.588319,1.77693e-15
0.591168,1.82962e-15
0.594017,1.88349e-15
0.596866,1.93855e-15
0.599715,1.99482e-15
0.602564,2.0523e-15
0.605413,2.11101e-15
0.608262,2.17096e-15
0.611111,2.23216e-15
0.61396,2.29462e-15
0.616809,2.35835e-15
0.619658,2.42336e-15
0.622507,2.48965e-15
0.625356,2.55724e-15
0.628205,2.62613e-15
0.631054,2.69632e-15
0.633903,2.76784e-15
0.636752,2.84067e-15
0.639601,2.91483e-15
0.64245,2.99031e-15
0.645299,3.06713e-15
0.648148,3.14529e-15
0.650997,3.22478e-15
0.653846,3.30561e-15
0.656695,3.38778e-15
0.659544,3.47129e-15
0.662393,3.55613e-15
0.665242,3.64231e-15
0.668091,3.72982e-15
0.67094,3.81865e-15
0.673789,3.90881e-15
0.676638,4.00029e-15
0.679487,4.09308e-15
0.682336,4.18716e-15
0.685185,4.28255e-15
0.688034,4.37921e-15
0.690883,4.47715e-15
0.693732,4.57636e-15
0.696581,4.67681e-15
0.69943,4.77849e-15
0.702279,4.8814e-15
0.705128,4.98551e-15
0.707977,5.09081e-15
0.710826,5.19727e-15
0.713675,5.30489e-15
0.716524,5.41364e-15
0.719373,5.52349e-15
0.722222,5.63443e-15
0.725071,5.74643e-15
0.72792,5.85947e-15
0.730769,5.97353e-15
0.733618,6.08856e-15
0.736467,6.20455e-15
0.739316,6.32147e-15
0.742165,6.43929e-15
0.745014,6.55797e-15
0.747863,6.67748e-15
0.750712,6.79779e-15
0.753561,6.91887e-15
0.75641,7.04067e-15
0.759259,7.16316e-15
0.762108,7.2863e-15
0.764957,7.41006e-15
0.767806,7.53439e-15
0.770655,7.65926e-15
0.773504,7.78461e-15
0.776353,7.91041e-15
0.779202,8.03661e-15
0.782051,8.16316e-15
0.7849,8.29003e-15
0.787749,8.41716e-15
0.790598,8.54451e-15
0.793447,8.67202e-15
0.796296,8.79965e-15
0.799145,8.92735e-15
0.801994,9.05506e-15
0.804843,9.18274e-15
0.807692,9.31033e-15
0.810541,9.43777e-15
0.81339,9.56502e-15
0.816239,9.69202e-15
0.819088,9.81871e-15
0.821937,9.94504e-15
0.824786,1.00709e-14
0.827635,1.01964e-14
0.830484,1.03213e-14
0.833333,1.04456e-14
0.836182,1.05693e-14
0.839031,1.06922e-14
0.84188,1.08144e-14
0.844729,1.09358e-14
0.847578,1.10563e-14
0.850427,1.11758e-14
0.853276,1.12944e-14
0.856125,1.14119e-14
0.858974,1.15282e-14
0.861823,1.16434e-14
0.864672,1.17574e-14
0.867521,1.18701e-14
0.87037,1.19814e-14
0.873219,1.20913e-14
0.876068,1.21997e-14
0.878917,1.23067e-14
0.881766,1.2412e-14
0.884615,1.25157e-14
0.887464,1.26177e-14
0.890313,1.27179e-14
0.893162,1.28164e-14
0.896011,1.2913e-14
0.89886,1.30076e-14
0.901709,1.31004e-14
0.904558,1.31911e-14
0.907407,1.32797e-14
0.910256,1.33662e-14
0.913105,1.34505e-14
0.915954,1.35327e-14
0.918803,1.36125e-14
0.921652,1.36901e-14
0.924501,1.37653e-14
0.92735,1.38381e-14
0.930199,1.39085e-14
0.933048,1.39764e-14
0.935897,1.40418e-14
0.938746,1.41046e-14
0.941595,1.41649e-14
0.944444,1.42225e-14
0.947293,1.42774e-14
0.950142,1.43296e-14
0.952991,1.43792e-14
0.95584,1.44259e-14
0.958689,1.44699e-14
0.961538,1.45111e-14
0.964387,1.45494e-14
0.967236,1.45849e-14
0.970085,1.46175e-14
0.972934,1.46471e-14
0.975783,1.46739e-14
0.978632,1.46978e-14
0.981481,1.47187e-14
0.98433,1.47366e-14
0.987179,1.47515e-14
0.990028,1.47635e-14
0.992877,1.47725e-14
0.995726,1.47785e-14
0.998575,1.47815e-14
1.00142,1.47815e-14
1.00427,1.47785e-14
1.00712,1.47725e-14
1.00997,1.47635e-14
1.01282,1.47515e-14
1.01567,1.47366e-14
1.01852,1.47187e-14
1.02137,1.46978e-14
1.02422,1.46739e-14
1.02707,1.46471e-14
1.02991,1.46175e-14
1.03276,1.45849e-14
1.03561,1.45494e-14
1.03846,1.45111e-14
1.04131,1.44699e-14
1.04416,1.44259e-14
1.04701,1.43792e-14
1.04986,1.43296e-14
1.05271,1.42774e-14
1.05556,1.42225e-14
1.0584,1.41649e-14
1.06125,1.41046e-14
1.0641,1.40418e-14
1.06695,1.39764e-14
1.0698,1.39085e-14
1.07265,1.38381e-14
1.0755,1.37653e-14
1.07835,1.36901e-14
1.0812,1.36125e-14
1.08405,1.35327e-14
1.08689,1.34505e-14
1.08974,1.33662e-14
1.09259,1.32797e-14
1.09544,1.31911e-14
1.09829,1.31004e-14
1.10114,1.30076e-14
1.10399,1.2913e-14
1.10684,1.28164e-14
1.10969,1.27179e-14
1.11254,1.26177e-14
1.11538,1.25157e-14
1.11823,1.2412e-14
1.12108,1.23067e-14
1.12393,1.21997e-14
1.12678,1.20913e-14
1.12963,1.19814e-14
1.13248,1.18701e-14
1.13533,1.17574e-14
1.13818,1.16434e-14
1.14103,1.15282e-14
1.14387,1.14119e-14
1.14672,1.12944e-14
1.14957,1.11758e-14
1.15242,1.10563e-14
1.15527,1.09358e-14
1.15812,1.08144e-14
1.16097,1.06922e-14
1.16382,1.05693e-14
1.16667,1.04456e-14
1.16952,1.03213e-14
1.17236,1.01964e-14
1.17521,1.00709e-14
1.17806,9.94504e-15
1.18091,9.81871e-15
1.18376,9.69202e-15
1.18661,9.56502e-15
1.18946,9.43777e-15
1.19231,9.31033e-15
1.19516,9.18274e-15
1.19801,9.05506e-15
1.20085,8.92735e-15
1.2037,8.79965e-15
1.20655,8.67202e-15
1.2094,8.54451e-15
1.21225,8.41716e-15
1.2151,8.29003e-15
1.21795,8.16316e-15
1.2208,8.03661e-15
1.22365,7.91041e-15
1.2265,7.78461e-15
1.22934,7.65926e-15
1.23219,7.53439e-15
1.23504,7.41006e-15
1.23789,7.2863e-15
1.24074,7.16316e-15
1.24359,7.04067e-15
1.24644,6.91887e-15
1.24929,6.79779e-15
1.25214,6.67748e-15
1.25499,6.55797e-15
1.25783,6.43929e-15
1.26068,6.32147e-15
1.26353,6.20455e-15
1.26638,6.08856e-15
1.26923,5.97353e-15
1.27208,5.85947e-15
1.27493,5.74643e-15
1.27778,5.63443e-15
1.28063,5.52349e-15
1.28348,5.41364e-15
1.28632,5.30489e-15
1.28917,5.19727e-15
1.29202,5.09081e-15
1.29487,4.98551e-15
1.29772,4.8814e-15
1.30057,4.77849e-15
1.30342,4.67681e-15
1.30627,4.57636e-15
1.30912,4.47715e-15
1.31197,4.37921e-15
1.31481,4.28255e-15
1.31766,4.18716e-15
1.32051,4.09308e-15
1.32336,4.00029e-15
1.32621,3.90881e-15
1.32906,3.81865e-15
1.33191,3.72982e-15
1.33476,3.64231e-15
1.33761,3.55613e-15
1.34046,3.47129e-15
1.3433,3.38778e-15
1.34615,3.30561e-15
1.349,3.22478e-15
1.35185,3.14529e-15
1.3547,3.06713e-15
1.35755,2.99031e-15
1.3604,2.91483e-15
1.36325,2.84067e-15
1.3661,2.76784e-15
1.36895,2.69632e-15
1.37179,2.62613e-15
1.37464,2.55724e-15
1.37749,2.48965e-15
1.38034,2.42336e-15
1.38319,2.35835e-15
1.38604,2.29462e-15
1.38889,2.23216e-15
1.39174,2.17096e-15
1.39459,2.11101e-15
1.39744,2.0523e-15
1.40028,1.99482e-15
1.40313,1.93855e-15
1.40598,1.88349e-15
1.40883,1.82962e-15
1.41168,1.77693e-15
1.41453,1.72541e-15
1.41738,1.67504e-15
1.42023,1.62581e-15
1.42308,1.57771e-15
1.42593,1.53072e-15
1.42877,1.48483e-15
1.43162,1.44003e-15
1.43447,1.39629e-15
1.43732,1.35361e-15
1.44017,1.31196e-15
1.44302,1.27134e-15
1.44587,1.23172e-15
1.44872,1.1931e-15
1.45157,1.15545e-15
1.45442,1.11877e-15
1.45726,1.08303e-15
1.46011,1.04822e-15
1.46296,1.01432e-15
1.46581,9.81319e-16
1.46866,9.49199e-16
1.47151,9.17945e-16
1.47436,8.87539e-16
1.47721,8.57966e-16
1.48006,8.2921e-16
1.48291,8.01256e-16
1.48575,7.74087e-16
1.4886,7.47687e-16
1.49145,7.22041e-16
1.4943,6.97134e-16
1.49715,6.72949e-16
1.5,6.49471e-16
1.50285,6.26685e-16
1.5057,6.04576e-16
1.50855,5.83128e-16
1.5114,5.62327e-16
1.51425,5.42159e-16
1.51709,5.22607e-16
1.51994,5.03658e-16
1.52279,4.85298e-16
1.52564,4.67513e-16
1.52849,4.50288e-16
1.53134,4.33609e-16
1.53419,4.17463e-16
1.53704,4.01838e-16
1.53989,3.86718e-16
1.54274,3.72092e-16
1.54558,3.57946e-16
1.54843,3.44269e-16
1.55128,3.31047e-16
1.55413,3.18268e-16
1.55698,3.0592e-16
1.55983,2.93991e-16
1.56268,2.82471e-16
1.56553,2.71347e-16
1.56838,2.60608e-16
1.57123,2.50243e-16
1.57407,2.40242e-16
1.57692,2.30593e-16
1.57977,2.21287e-16
1.58262,2.12314e-16
1.58547,2.03663e-16
1.58832,1.95325e-16
1.59117,1.87291e-16
1.59402,1.7955e-16
1.59687,1.72094e-16
1.59972,1.64915e-16
1.60256,1.58003e-16
1.60541,1.5135e-16
1.60826,1.44948e-16
1.61111,1.38788e-16
1.61396,1.32863e-16
1.61681,1.27165e-16
1.61966,1.21687e-16
1.62251,1.16422e-16
1.62536,1.11361e-16
1.62821,1.06499e-16
1.63105,1.01829e-16
1.6339,9.73432e-17
1.63675,9.30365e-17
1.6396,8.89023e-17
1.64245,8.49345e-17
1.6453,8.11274e-17
1.64815,7.74752e-17
1.651,7.39724e-17
1.65385,7.06136e-17
1.6567,6.73937e-17
1.65954,6.43075e-17
1.66239,6.13502e-17
1.66524,5.85171e-17
1.66809,5.58034e-17
1.67094,5.32048e-17
1.67379,5.07169e-17
1.67664,4.83356e-17
1.67949,4.60567e-17
1.68234,4.38763e-17
1.68519,4.17907e-17
1.68803,3.97961e-17
1.69088,3.78891e-17
1.69373,3.60661e-17
1.69658,3.43239e-17
1.69943,3.26592e-17
1.70228,3.10689e-17
1.70513,2.955e-17
1.70798,2.80998e-17
1.71083,2.67152e-17
1.71368,2.53938e-17
1.71652,2.41328e-17
1.71937,2.29297e-17
1.72222,2.17823e-17
1.72507,2.0688e-17
1.72792,1.96447e-17
1.73077,1.86503e-17
1.73362,1.77026e-17
1.73647,1.67996e-17
1.73932,1.59395e-17
1.74217,1.51204e-17
1.74501,1.43404e-17
1.74786,1.35979e-17
1.75071,1.28912e-17
1.75356,1.22188e-17
1.75641,1.15791e-17
1.75926,1.09707e-17
1.76211,1.03921e-17
1.76496,9.84204e-18
1.76781,9.3192e-18
1.77066,8.82235e-18
1.7735,8.3503e-18
1.77635,7.9019e-18
1.7792,7.47606e-18
1.78205,7.07173e-18
1.7849,6.68791e-18
1.78775,6.32365e-18
1.7906,5.97801e-18
1.79345,5.65011e-18
1.7963,5.33912e-18
1.79915,5.04422e-18
1.80199,4.76464e-18
1.80484,4.49964e-18
1.80769,4.24853e-18
1.81054,4.01061e-18
1.81339,3.78524e-18
1.81624,3.57182e-18
1.81909,3.36974e-18
1.82194,3.17846e-18
1.82479,2.99742e-18
1.82764,2.82612e-18
1.83048,2.66407e-18
1.83333,2.5108e-18
1.83618,2.36587e-18
1.83903,2.22885e-18
1.84188,2.09935e-18
1.84473,1.97696e-18
1.84758,1.86134e-18
1.85043,1.75212e-18
1.85328,1.64897e-18
1.85613,1.55158e-18
1.85897,1.45965e-18
1.86182,1.37288e-18
1.86467,1.29102e-18
1.86752,1.21378e-18
1.87037,1.14094e-18
1.87322,1.07225e-18
1.87607,1.00749e-18
1.87892,9.46448e-19
1.88177,8.88926e-19
1.88462,8.3473e-19
1.88746,7.83679e-19
1.89031,7.35602e-19
1.89316,6.90333e-19
1.89601,6.4772e-19
1.89886,6.07613e-19
1.90171,5.69874e-19
1.90456,5.3437e-19
1.90741,5.00977e-19
1.91026,4.69575e-19
1.91311,4.40053e-19
1.91595,4.12302e-19
1.9188,3.86224e-19
1.92165,3.61721e-19
1.9245,3.38704e-19
1.92735,3.17088e-19
1.9302,2.9679e-19
1.93305,2.77736e-19
1.9359,2.59852e-19
1.93875,2.43071e-19
1.9416,2.27327e-19
1.94444,2.12559e-19
1.94729,1.98711e-19
1.95014,1.85727e-19
1.95299,1.73557e-19
1.95584,1.62151e-19
1.95869,1.51463e-19
1.96154,1.41452e-19
1.96439,1.32075e-19
1.96724,1.23295e-19
1.97009,1.15076e-19
1.97293,1.07382e-19
1.97578,1.00183e-19
1.97863,9.3447e-20
1.98148,8.71464e-20
1.98433,8.12541e-20
1.98718,7.57449e-20
1.99003,7.05949e-20
1.99288,6.57817e-20
1.99573,6.12842e-20
1.99858,5.70826e-20
