0.00240964,5.85032e-20
0.00722892,6.59557e-20
0.0120482,7.43143e-20
0.0168675,8.36836e-20
0.0216867,9.41795e-20
0.026506,1.0593e-19
0.0313253,1.19078e-19
0.0361446,1.3378e-19
0.0409639,1.5021e-19
0.0457831,1.6856e-19
0.0506024,1.89041e-19
0.0554217,2.11889e-19
0.060241,2.37359e-19
0.0650602,2.65737e-19
0.0698795,2.97336e-19
0.0746988,3.32498e-19
0.0795181,3.71603e-19
0.0843373,4.15066e-19
0.0891566,4.63343e-19
0.0939759,5.16935e-19
0.0987952,5.76391e-19
0.103614,6.42313e-19
0.108434,7.15358e-19
0.113253,7.96248e-19
0.118072,8.8577e-19
0.122892,9.84785e-19
0.127711,1.09423e-18
0.13253,1.21514e-18
0.137349,1.34862e-18
0.142169,1.4959e-18
0.146988,1.65829e-18
0.151807,1.83725e-18
0.156627,2.03434e-18
0.161446,2.25127e-18
0.166265,2.48988e-18
0.171084,2.75218e-18
0.175904,3.04035e-18
0.180723,3.35674e-18
0.185542,3.70391e-18
0.190361,4.08461e-18
0.195181,4.50182e-18
0.2,4.95877e-18
0.204819,5.45893e-18
0.209639,6.00605e-18
0.214458,6.60417e-18
0.219277,7.25764e-18
0.224096,7.97114e-18
0.228916,8.7497e-18
0.233735,9.59873e-18
0.238554,1.0524e-17
0.243373,1.15318e-17
0.248193,1.26288e-17
0.253012,1.38221e-17
0.257831,1.51194e-17
0.262651,1.65288e-17
0.26747,1.80592e-17
0.272289,1.97197e-17
0.277108,2.15205e-17
0.281928,2.3472e-17
0.286747,2.55857e-17
0.291566,2.78736e-17
0.296386,3.03483e-17
0.301205,3.30236e-17
0.306024,3.5914e-17
0.310843,3.90345e-17
0.315663,4.24017e-17
0.320482,4.60325e-17
0.325301,4.99452e-17
0.33012,5.41591e-17
0.33494,5.86944e-17
0.339759,6.35725e-17
0.344578,6.88161e-17
0.349398,7.4449e-17
0.354217,8.04962e-17
0.359036,8.6984e-17
0.363855,9.39402e-17
0.368675,1.01394e-16
0.373494,1.09375e-16
0.378313,1.17917e-16
0.383133,1.27051e-16
0.387952,1.36814e-16
0.392771,1.47241e-16
0.39759,1.58371e-16
0.40241,1.70243e-16
0.407229,1.829e-16
0.412048,1.96383e-16
0.416867,2.10738e-16
0.421687,2.2601e-16
0.426506,2.42249e-16
0.431325,2.59504e-16
0.436145,2.77826e-16
0.440964,2.9727e-16
0.445783,3.17889e-16
0.450602,3.39742e-16
0.455422,3.62886e-16
0.460241,3.87382e-16
0.46506,4.13291e-16
0.46988,4.40677e-16
0.474699,4.69604e-16
0.479518,5.00141e-16
0.484337,5.32354e-16
0.489157,5.66312e-16
0.493976,6.02088e-16
0.498795,6.39751e-16
0.503614,6.79376e-16
0.508434,7.21037e-16
0.513253,7.64808e-16
0.518072,8.10765e-16
0.522892,8.58985e-16
0.527711,9.09545e-16
0.53253,9.62522e-16
0.537349,1.01799e-15
0.542169,1.07604e-15
0.546988,1.13673e-15
0.551807,1.20015e-15
0.556627,1.26637e-15
0.561446,1.33547e-15
0.566265,1.40752e-15
0.571084,1.4826e-15
0.575904,1.56077e-15
0.580723,1.64212e-15
0.585542,1.7267e-15
0.590361,1.81458e-15
0.595181,1.90583e-15
0.6,2.00051e-15
0.604819,2.09867e-15
0.609639,2.20037e-15
0.614458,2.30566e-15
0.619277,2.41459e-15
0.624096,2.52719e-15
0.628916,2.64351e-15
0.633735,2.76358e-15
0.638554,2.88742e-15
0.643373,3.01507e-15
0.648193,3.14652e-15
0.653012,3.28181e-15
0.657831,3.42092e-15
0.662651,3.56386e-15
0.66747,3.71062e-15
0.672289,3.86118e-15
0.677108,4.01551e-15
0.681928,4.17359e-15
0.686747,4.33538e-15
0.691566,4.50082e-15
0.696386,4.66987e-15
0.701205,4.84245e-15
0.706024,5.01849e-15
0.710843,5.19792e-15
0.715663,5.38063e-15
0.720482,5.56654e-15
0.725301,5.75552e-15
0.73012,5.94747e-15
0.73494,6.14225e-15
0.739759,6.33973e-15
0.744578,6.53975e-15
0.749398,6.74218e-15
0.754217,6.94683e-15
0.759036,7.15354e-15
0.763855,7.36213e-15
0.768675,7.5724e-15
0.773494,7.78415e-15
0.778313,7.99719e-15
0.783133,8.21128e-15
0.787952,8.42621e-15
0.792771,8.64175e-15
0.79759,8.85765e-15
0.80241,9.07368e-15
0.807229,9.28958e-15
0.812048,9.5051e-15
0.816867,9.71998e-15
0.821687,9.93394e-15
0.826506,1.01467e-14
0.831325,1.0358e-14
0.836145,1.05676e-14
0.840964,1.07752e-14
0.845783,1.09805e-14
0.850602,1.11831e-14
0.855422,1.13829e-14
0.860241,1.15796e-14
0.86506,1.17728e-14
0.86988,1.19623e-14
0.874699,1.21478e-14
0.879518,1.2329e-14
0.884337,1.25056e-14
0.889157,1.26774e-14
0.893976,1.28442e-14
0.898795,1.30055e-14
0.903614,1.31612e-14
0.908434,1.33111e-14
0.913253,1.34548e-14
0.918072,1.35923e-14
0.922892,1.37231e-14
0.927711,1.38472e-14
0.93253,1.39642e-14
0.937349,1.40741e-14
0.942169,1.41767e-14
0.946988,1.42716e-14
0.951807,1.43589e-14
0.956627,1.44383e-14
0.961446,1.45098e-14
0.966265,1.45731e-14
0.971084,1.46282e-14
0.975904,1.4675e-14
0.980723,1.47134e-14
0.985542,1.47433e-14
0.990361,1.47647e-14
0.995181,1.47776e-14
1,1.47819e-14
1.00482,1.47776e-14
1.00964,1.47647e-14
1.01446,1.47433e-14
1.01928,1.47134e-14
1.0241,1.4675e-14
1.02892,1.46282e-14
1.03373,1.45731e-14
1.03855,1.45098e-14
1.04337,1.44383e-14
1.04819,1.43589e-14
1.05301,1.42716e-14
1.05783,1.41767e-14
1.06265,1.40741e-14
1.06747,1.39642e-14
1.07229,1.38472e-14
1.07711,1.37231e-14
1.08193,1.35923e-14
1.08675,1.34548e-14
1.09157,1.33111e-14
1.09639,1.31612e-14
1.1012,1.30055e-14
1.10602,1.28442e-14
1.11084,1.26774e-14
1.11566,1.25056e-14
1.12048,1.2329e-14
1.1253,1.21478e-14
1.13012,1.19623e-14
1.13494,1.17728e-14
1.13976,1.15796e-14
1.14458,1.13829e-14
1.1494,1.11831e-14
1.15422,1.09805e-14
1.15904,1.07752e-14
1.16386,1.05676e-14
1.16867,1.0358e-14
1.17349,1.01467e-14
1.17831,9.93394e-15
1.18313,9.71998e-15
1.18795,9.5051e-15
1.19277,9.28958e-15
1.19759,9.07368e-15
1.20241,8.85765e-15
1.20723,8.64175e-15
1.21205,8.42621e-15
1.21687,8.21128e-15
1.22169,7.99719e-15
1.22651,7.78415e-15
1.23133,7.5724e-15
1.23614,7.36213e-15
1.24096,7.15354e-15
1.24578,6.94683e-15
1.2506,6.74218e-15
1.25542,6.53975e-15
1.26024,6.33973e-15
1.26506,6.14225e-15
1.26988,5.94747e-15
1.2747,5.75552e-15
1.27952,5.56654e-15
1.28434,5.38063e-15
1.28916,5.19792e-15
1.29398,5.01849e-15
1.2988,4.84245e-15
1.30361,4.66987e-15
1.30843,4.50082e-15
1.31325,4.33538e-15
1.31807,4.17359e-15
1.32289,4.01551e-15
1.32771,3.86118e-15
1.33253,3.71062e-15
1.33735,3.56386e-15
1.34217,3.42092e-15
1.34699,3.28181e-15
1.35181,3.14652e-15
1.35663,3.01507e-15
1.36145,2.88742e-15
1.36627,2.76358e-15
1.37108,2.64351e-15
1.3759,2.52719e-15
1.38072,2.41459e-15
1.38554,2.30566e-15
1.39036,2.20037e-15
1.39518,2.09867e-15
1.4,2.00051e-15
1.40482,1.90583e-15
1.40964,1.81458e-15
1.41446,1.7267e-15
1.41928,1.64212e-15
1.4241,1.56077e-15
1.42892,1.4826e-15
1.43373,1.40752e-15
1.43855,1.33547e-15
1.44337,1.26637e-15
1.44819,1.20015e-15
1.45301,1.13673e-15
1.45783,1.07604e-15
1.46265,1.01799e-15
1.46747,9.62522e-16
1.47229,9.09545e-16
1.47711,8.58985e-16
1.48193,8.10765e-16
1.48675,7.64808e-16
1.49157,7.21037e-16
1.49639,6.79376e-16
1.5012,6.39751e-16
1.50602,6.02088e-16
1.51084,5.66312e-16
1.51566,5.32354e-16
1.52048,5.00141e-16
1.5253,4.69604e-16
1.53012,4.40677e-16
1.53494,4.13291e-16
1.53976,3.87382e-16
1.54458,3.62886e-16
1.5494,3.39742e-16
1.55422,3.17889e-16
1.55904,2.9727e-16
1.56386,2.77826e-16
1.56867,2.59504e-16
1.57349,2.42249e-16
1.57831,2.2601e-16
1.58313,2.10738e-16
1.58795,1.96383e-16
1.59277,1.829e-16
1.59759,1.70243e-16
1.60241,1.58371e-16
1.60723,1.47241e-16
1.61205,1.36814e-16
1.61687,1.27051e-16
1.62169,1.17917e-16
1.62651,1.09375e-16
1.63133,1.01394e-16
1.63614,9.39402e-17
1.64096,8.6984e-17
1.64578,8.04962e-17
1.6506,7.4449e-17
1.65542,6.88161e-17
1.66024,6.35725e-17
1.66506,5.86944e-17
1.66988,5.41591e-17
1.6747,4.99452e-17
1.67952,4.60325e-17
1.68434,4.24017e-17
1.68916,3.90345e-17
1.69398,3.5914e-17
1.6988,3.30236e-17
1.70361,3.03483e-17
1.70843,2.78736e-17
1.71325,2.55857e-17
1.71807,2.3472e-17
1.72289,2.15205e-17
1.72771,1.97197e-17
1.73253,1.80592e-17
1.73735,1.65288e-17
1.74217,1.51194e-17
1.74699,1.38221e-17
1.75181,1.26288e-17
1.75663,1.15318e-17
1.76145,1.0524e-17
1.76627,9.59873e-18
1.77108,8.7497e-18
1.7759,7.97114e-18
1.78072,7.25764e-18
1.78554,6.60417e-18
1.79036,6.00605e-18
1.79518,5.45893e-18
1.8,4.95877e-18
1.80482,4.50182e-18
1.80964,4.08461e-18
1.81446,3.70391e-18
1.81928,3.35674e-18
1.8241,3.04035e-18
1.82892,2.75218e-18
1.83373,2.48988e-18
1.83855,2.25127e-18
1.84337,2.03434e-18
1.84819,1.83725e-18
1.85301,1.65829e-18
1.85783,1.4959e-18
1.86265,1.34862e-18
1.86747,1.21514e-18
1.87229,1.09423e-18
1.87711,9.84785e-19
1.88193,8.8577e-19
1.88675,7.96248e-19
1.89157,7.15358e-19
1.89639,6.42313e-19
1.9012,5.76391e-19
1.90602,5.16935e-19
1.91084,4.63343e-19
1.91566,4.15066e-19
1.92048,3.71603e-19
1.9253,3.32498e-19
1.93012,2.97336e-19
1.93494,2.65737e-19
1.93976,2.37359e-19
1.94458,2.11889e-19
1.9494,1.89041e-19
1.95422,1.6856e-19
1.95904,1.5021e-19
1.96386,1.3378e-19
1.96867,1.19078e-19
1.97349,1.0593e-19
1.97831,9.41795e-20
1.98313,8.36836e-20
1.98795,7.43143e-20
1.99277,6.59557e-20
1.99759,5.85032e-20
