0.00136054,5.69916e-20
0.00408163,6.09922e-20
0.00680272,6.52615e-20
0.00952381,6.98168e-20
0.0122449,7.46762e-20
0.014966,7.9859e-20
0.0176871,8.53858e-20
0.0204082,9.12781e-20
0.0231293,9.7559e-20
0.0258503,1.04253e-19
0.0285714,1.11385e-19
0.0312925,1.18984e-19
0.0340136,1.27077e-19
0.0367347,1.35695e-19
0.0394558,1.44872e-19
0.0421769,1.5464e-19
0.044898,1.65036e-19
0.047619,1.76099e-19
0.0503401,1.87868e-19
0.0530612,2.00387e-19
0.0557823,2.137e-19
0.0585034,2.27856e-19
0.0612245,2.42905e-19
0.0639456,2.58899e-19
0.0666667,2.75896e-19
0.0693878,2.93954e-19
0.0721088,3.13136e-19
0.0748299,3.33508e-19
0.077551,3.5514e-19
0.0802721,3.78104e-19
0.0829932,4.0248e-19
0.0857143,4.28347e-19
0.0884354,4.55792e-19
0.0911565,4.84906e-19
0.0938776,5.15785e-19
0.0965986,5.48528e-19
0.0993197,5.83241e-19
0.102041,6.20037e-19
0.104762,6.59032e-19
0.107483,7.0035e-19
0.110204,7.44121e-19
0.112925,7.90481e-19
0.115646,8.39573e-19
0.118367,8.9155e-19
0.121088,9.46569e-19
0.12381,1.0048e-18
0.126531,1.06641e-18
0.129252,1.13159e-18
0.131973,1.20053e-18
0.134694,1.27344e-18
0.137415,1.35053e-18
0.140136,1.43202e-18
0.142857,1.51814e-18
0.145578,1.60914e-18
0.148299,1.70528e-18
0.15102,1.80684e-18
0.153741,1.91408e-18
0.156463,2.02732e-18
0.159184,2.14686e-18
0.161905,2.27303e-18
0.164626,2.40616e-18
0.167347,2.54662e-18
0.170068,2.69479e-18
0.172789,2.85104e-18
0.17551,3.0158e-18
0.178231,3.18949e-18
0.180952,3.37255e-18
0.183673,3.56547e-18
0.186395,3.76872e-18
0.189116,3.98282e-18
0.191837,4.2083e-18
0.194558,4.44573e-18
0.197279,4.69568e-18
0.2,4.95877e-18
0.202721,5.23563e-18
0.205442,5.52692e-18
0.208163,5.83334e-18
0.210884,6.15561e-18
0.213605,6.49448e-18
0.216327,6.85074e-18
0.219048,7.2252e-18
0.221769,7.61872e-18
0.22449,8.03219e-18
0.227211,8.46652e-18
0.229932,8.9227e-18
0.232653,9.40171e-18
0.235374,9.9046e-18
0.238095,1.04325e-17
0.240816,1.09864e-17
0.243537,1.15676e-17
0.246259,1.21774e-17
0.24898,1.28169e-17
0.251701,1.34874e-17
0.254422,1.41905e-17
0.257143,1.49274e-17
0.259864,1.56997e-17
0.262585,1.65089e-17
0.265306,1.73565e-17
0.268027,1.82444e-17
0.270748,1.9174e-17
0.273469,2.01474e-17
0.27619,2.11662e-17
0.278912,2.22324e-17
0.281633,2.3348e-17
0.284354,2.45151e-17
0.287075,2.57357e-17
0.289796,2.70121e-17
0.292517,2.83466e-17
0.295238,2.97414e-17
0.297959,3.11992e-17
0.30068,3.27223e-17
0.303401,3.43134e-17
0.306122,3.59753e-17
0.308844,3.77106e-17
0.311565,3.95224e-17
0.314286,4.14135e-17
0.317007,4.33871e-17
0.319728,4.54463e-17
0.322449,4.75944e-17
0.32517,4.98349e-17
0.327891,5.21711e-17
0.330612,5.46068e-17
0.333333,5.71456e-17
0.336054,5.97914e-17
0.338776,6.2548e-17
0.341497,6.54197e-17
0.344218,6.84106e-17
0.346939,7.15249e-17
0.34966,7.47672e-17
0.352381,7.8142e-17
0.355102,8.1654e-17
0.357823,8.5308e-17
0.360544,8.91091e-17
0.363265,9.30623e-17
0.365986,9.71729e-17
0.368707,1.01446e-16
0.371429,1.05888e-16
0.37415,1.10504e-16
0.376871,1.15299e-16
0.379592,1.20281e-16
0.382313,1.25454e-16
0.385034,1.30826e-16
0.387755,1.36402e-16
0.390476,1.4219e-16
0.393197,1.48196e-16
0.395918,1.54428e-16
0.398639,1.60891e-16
0.401361,1.67594e-16
0.404082,1.74543e-16
0.406803,1.81748e-16
0.409524,1.89214e-16
0.412245,1.96951e-16
0.414966,2.04967e-16
0.417687,2.13269e-16
0.420408,2.21866e-16
0.423129,2.30767e-16
0.42585,2.39981e-16
0.428571,2.49517e-16
0.431293,2.59383e-16
0.434014,2.69589e-16
0.436735,2.80146e-16
0.439456,2.91062e-16
0.442177,3.02347e-16
0.444898,3.14011e-16
0.447619,3.26066e-16
0.45034,3.3852e-16
0.453061,3.51385e-16
0.455782,3.64671e-16
0.458503,3.7839e-16
0.461224,3.92552e-16
0.463946,4.07169e-16
0.466667,4.22252e-16
0.469388,4.37813e-16
0.472109,4.53863e-16
0.47483,4.70414e-16
0.477551,4.87478e-16
0.480272,5.05069e-16
0.482993,5.23197e-16
0.485714,5.41875e-16
0.488435,5.61116e-16
0.491156,5.80933e-16
0.493878,6.01339e-16
0.496599,6.22346e-16
0.49932,6.43968e-16
0.502041,6.66217e-16
0.504762,6.89108e-16
0.507483,7.12653e-16
0.510204,7.36867e-16
0.512925,7.61762e-16
0.515646,7.87352e-16
0.518367,8.13652e-16
0.521088,8.40674e-16
0.52381,8.68433e-16
0.526531,8.96943e-16
0.529252,9.26217e-16
0.531973,9.56269e-16
0.534694,9.87114e-16
0.537415,1.01876e-15
0.540136,1.05124e-15
0.542857,1.08454e-15
0.545578,1.1187e-15
0.548299,1.15371e-15
0.55102,1.1896e-15
0.553741,1.22638e-15
0.556463,1.26407e-15
0.559184,1.30267e-15
0.561905,1.3422e-15
0.564626,1.38267e-15
0.567347,1.42411e-15
0.570068,1.46651e-15
0.572789,1.50989e-15
0.57551,1.55427e-15
0.578231,1.59966e-15
0.580952,1.64607e-15
0.583673,1.69351e-15
0.586395,1.742e-15
0.589116,1.79154e-15
0.591837,1.84216e-15
0.594558,1.89385e-15
0.597279,1.94663e-15
0.6,2.00051e-15
0.602721,2.0555e-15
0.605442,2.11162e-15
0.608163,2.16886e-15
0.610884,2.22724e-15
0.613605,2.28678e-15
0.616327,2.34746e-15
0.619048,2.40932e-15
0.621769,2.47234e-15
0.62449,2.53655e-15
0.627211,2.60194e-15
0.629932,2.66852e-15
0.632653,2.7363e-15
0.635374,2.80528e-15
0.638095,2.87546e-15
0.640816,2.94686e-15
0.643537,3.01947e-15
0.646259,3.0933e-15
0.64898,3.16835e-15
0.651701,3.24462e-15
0.654422,3.3221e-15
0.657143,3.40081e-15
0.659864,3.48074e-15
0.662585,3.56189e-15
0.665306,3.64426e-15
0.668027,3.72784e-15
0.670748,3.81263e-15
0.673469,3.89863e-15
0.67619,3.98583e-15
0.678912,4.07422e-15
0.681633,4.16381e-15
0.684354,4.25458e-15
0.687075,4.34652e-15
0.689796,4.43963e-15
0.692517,4.53389e-15
0.695238,4.6293e-15
0.697959,4.72584e-15
0.70068,4.82349e-15
0.703401,4.92226e-15
0.706122,5.02212e-15
0.708844,5.12306e-15
0.711565,5.22506e-15
0.714286,5.3281e-15
0.717007,5.43217e-15
0.719728,5.53724e-15
0.722449,5.64331e-15
0.72517,5.75034e-15
0.727891,5.85832e-15
0.730612,5.96722e-15
0.733333,6.07701e-15
0.736054,6.18769e-15
0.738776,6.29921e-15
0.741497,6.41156e-15
0.744218,6.5247e-15
0.746939,6.63861e-15
0.74966,6.75326e-15
0.752381,6.86862e-15
0.755102,6.98465e-15
0.757823,7.10133e-15
0.760544,7.21862e-15
0.763265,7.33649e-15
0.765986,7.45491e-15
0.768707,7.57384e-15
0.771429,7.69323e-15
0.77415,7.81307e-15
0.776871,7.9333e-15
0.779592,8.05389e-15
0.782313,8.1748e-15
0.785034,8.29599e-15
0.787755,8.41742e-15
0.790476,8.53905e-15
0.793197,8.66083e-15
0.795918,8.78272e-15
0.798639,8.90468e-15
0.801361,9.02666e-15
0.804082,9.14861e-15
0.806803,9.2705e-15
0.809524,9.39228e-15
0.812245,9.51389e-15
0.814966,9.63529e-15
0.817687,9.75644e-15
0.820408,9.87728e-15
0.823129,9.99777e-15
0.82585,1.01178e-14
0.828571,1.02375e-14
0.831293,1.03566e-14
0.834014,1.04752e-14
0.836735,1.05932e-14
0.839456,1.07105e-14
0.842177,1.08271e-14
0.844898,1.09429e-14
0.847619,1.1058e-14
0.85034,1.11722e-14
0.853061,1.12855e-14
0.855782,1.13978e-14
0.858503,1.15091e-14
0.861224,1.16193e-14
0.863946,1.17284e-14
0.866667,1.18364e-14
0.869388,1.19432e-14
0.872109,1.20486e-14
0.87483,1.21528e-14
0.877551,1.22556e-14
0.880272,1.23569e-14
0.882993,1.24568e-14
0.885714,1.25552e-14
0.888435,1.2652e-14
0.891156,1.27473e-14
0.893878,1.28408e-14
0.896599,1.29326e-14
0.89932,1.30227e-14
0.902041,1.3111e-14
0.904762,1.31975e-14
0.907483,1.3282e-14
0.910204,1.33646e-14
0.912925,1.34453e-14
0.915646,1.35239e-14
0.918367,1.36005e-14
0.921088,1.36749e-14
0.92381,1.37473e-14
0.926531,1.38174e-14
0.929252,1.38854e-14
0.931973,1.39511e-14
0.934694,1.40145e-14
0.937415,1.40756e-14
0.940136,1.41343e-14
0.942857,1.41907e-14
0.945578,1.42446e-14
0.948299,1.42962e-14
0.95102,1.43452e-14
0.953741,1.43917e-14
0.956463,1.44358e-14
0.959184,1.44772e-14
0.961905,1.45162e-14
0.964626,1.45525e-14
0.967347,1.45862e-14
0.970068,1.46173e-14
0.972789,1.46457e-14
0.97551,1.46715e-14
0.978231,1.46946e-14
0.980952,1.4715e-14
0.983673,1.47327e-14
0.986395,1.47477e-14
0.989116,1.476e-14
0.991837,1.47696e-14
0.994558,1.47764e-14
0.997279,1.47805e-14
1,1.47819e-14
1.00272,1.47805e-14
1.00544,1.47764e-14
1.00816,1.47696e-14
1.01088,1.476e-14
1.01361,1.47477e-14
1.01633,1.47327e-14
1.01905,1.4715e-14
1.02177,1.46946e-14
1.02449,1.46715e-14
1.02721,1.46457e-14
1.02993,1.46173e-14
1.03265,1.45862e-14
1.03537,1.45525e-14
1.0381,1.45162e-14
1.04082,1.44772e-14
1.04354,1.44358e-14
1.04626,1.43917e-14
1.04898,1.43452e-14
1.0517,1.42962e-14
1.05442,1.42446e-14
1.05714,1.41907e-14
1.05986,1.41343e-14
1.06259,1.40756e-14
1.06531,1.40145e-14
1.06803,1.39511e-14
1.07075,1.38854e-14
1.07347,1.38174e-14
1.07619,1.37473e-14
1.07891,1.36749e-14
1.08163,1.36005e-14
1.08435,1.35239e-14
1.08707,1.34453e-14
1.0898,1.33646e-14
1.09252,1.3282e-14
1.09524,1.31975e-14
1.09796,1.3111e-14
1.10068,1.30227e-14
1.1034,1.29326e-14
1.10612,1.28408e-14
1.10884,1.27473e-14
1.11156,1.2652e-14
1.11429,1.25552e-14
1.11701,1.24568e-14
1.11973,1.23569e-14
1.12245,1.22556e-14
1.12517,1.21528e-14
1.12789,1.20486e-14
1.13061,1.19432e-14
1.13333,1.18364e-14
1.13605,1.17284e-14
1.13878,1.16193e-14
1.1415,1.15091e-14
1.14422,1.13978e-14
1.14694,1.12855e-14
1.14966,1.11722e-14
1.15238,1.1058e-14
1.1551,1.09429e-14
1.15782,1.08271e-14
1.16054,1.07105e-14
1.16327,1.05932e-14
1.16599,1.04752e-14
1.16871,1.03566e-14
1.17143,1.02375e-14
1.17415,1.01178e-14
1.17687,9.99777e-15
1.17959,9.87728e-15
1.18231,9.75644e-15
1.18503,9.63529e-15
1.18776,9.51389e-15
1.19048,9.39228e-15
1.1932,9.2705e-15
1.19592,9.14861e-15
1.19864,9.02666e-15
1.20136,8.90468e-15
1.20408,8.78272e-15
1.2068,8.66083e-15
1.20952,8.53905e-15
1.21224,8.41742e-15
1.21497,8.29599e-15
1.21769,8.1748e-15
1.22041,8.05389e-15
1.22313,7.9333e-15
1.22585,7.81307e-15
1.22857,7.69323e-15
1.23129,7.57384e-15
1.23401,7.45491e-15
1.23673,7.33649e-15
1.23946,7.21862e-15
1.24218,7.10133e-15
1.2449,6.98465e-15
1.24762,6.86862e-15
1.25034,6.75326e-15
1.25306,6.63861e-15
1.25578,6.5247e-15
1.2585,6.41156e-15
1.26122,6.29921e-15
1.26395,6.18769e-15
1.26667,6.07701e-15
1.26939,5.96722e-15
1.27211,5.85832e-15
1.27483,5.75034e-15
1.27755,5.64331e-15
1.28027,5.53724e-15
1.28299,5.43217e-15
1.28571,5.3281e-15
1.28844,5.22506e-15
1.29116,5.12306e-15
1.29388,5.02212e-15
1.2966,4.92226e-15
1.29932,4.82349e-15
1.30204,4.72584e-15
1.30476,4.6293e-15
1.30748,4.53389e-15
1.3102,4.43963e-15
1.31293,4.34652e-15
1.31565,4.25458e-15
1.31837,4.16381e-15
1.32109,4.07422e-15
1.32381,3.98583e-15
1.32653,3.89863e-15
1.32925,3.81263e-15
1.33197,3.72784e-15
1.33469,3.64426e-15
1.33741,3.56189e-15
1.34014,3.48074e-15
1.34286,3.40081e-15
1.34558,3.3221e-15
1.3483,3.24462e-15
1.35102,3.16835e-15
1.35374,3.0933e-15
1.35646,3.01947e-15
1.35918,2.94686e-15
1.3619,2.87546e-15
1.36463,2.80528e-15
1.36735,2.7363e-15
1.37007,2.66852e-15
1.37279,2.60194e-15
1.37551,2.53655e-15
1.37823,2.47234e-15
1.38095,2.40932e-15
1.38367,2.34746e-15
1.38639,2.28678e-15
1.38912,2.22724e-15
1.39184,2.16886e-15
1.39456,2.11162e-15
1.39728,2.0555e-15
1.4,2.00051e-15
1.40272,1.94663e-15
1.40544,1.89385e-15
1.40816,1.84216e-15
1.41088,1.79154e-15
1.41361,1.742e-15
1.41633,1.69351e-15
1.41905,1.64607e-15
1.42177,1.59966e-15
1.42449,1.55427e-15
1.42721,1.50989e-15
1.42993,1.46651e-15
1.43265,1.42411e-15
1.43537,1.38267e-15
1.4381,1.3422e-15
1.44082,1.30267e-15
1.44354,1.26407e-15
1.44626,1.22638e-15
1.44898,1.1896e-15
1.4517,1.15371e-15
1.45442,1.1187e-15
1.45714,1.08454e-15
1.45986,1.05124e-15
1.46259,1.01876e-15
1.46531,9.87114e-16
1.46803,9.56269e-16
1.47075,9.26217e-16
1.47347,8.96943e-16
1.47619,8.68433e-16
1.47891,8.40674e-16
1.48163,8.13652e-16
1.48435,7.87352e-16
1.48707,7.61762e-16
1.4898,7.36867e-16
1.49252,7.12653e-16
1.49524,6.89108e-16
1.49796,6.66217e-16
1.50068,6.43968e-16
1.5034,6.22346e-16
1.50612,6.01339e-16
1.50884,5.80933e-16
1.51156,5.61116e-16
1.51429,5.41875e-16
1.51701,5.23197e-16
1.51973,5.05069e-16
1.52245,4.87478e-16
1.52517,4.70414e-16
1.52789,4.53863e-16
1.53061,4.37813e-16
1.53333,4.22252e-16
1.53605,4.07169e-16
1.53878,3.92552e-16
1.5415,3.7839e-16
1.54422,3.64671e-16
1.54694,3.51385e-16
1.54966,3.3852e-16
1.55238,3.26066e-16
1.5551,3.14011e-16
1.55782,3.02347e-16
1.56054,2.91062e-16
1.56327,2.80146e-16
1.56599,2.69589e-16
1.56871,2.59383e-16
1.57143,2.49517e-16
1.57415,2.39981e-16
1.57687,2.30767e-16
1.57959,2.21866e-16
1.58231,2.13269e-16
1.58503,2.04967e-16
1.58776,1.96951e-16
1.59048,1.89214e-16
1.5932,1.81748e-16
1.59592,1.74543e-16
1.59864,1.67594e-16
1.60136,1.60891e-16
1.60408,1.54428e-16
1.6068,1.48196e-16
1.60952,1.4219e-16
1.61224,1.36402e-16
1.61497,1.30826e-16
1.61769,1.25454e-16
1.62041,1.20281e-16
1.62313,1.15299e-16
1.62585,1.10504e-16
1.62857,1.05888e-16
1.63129,1.01446e-16
1.63401,9.71729e-17
1.63673,9.30623e-17
1.63946,8.91091e-17
1.64218,8.5308e-17
1.6449,8.1654e-17
1.64762,7.8142e-17
1.65034,7.47672e-17
1.65306,7.15249e-17
1.65578,6.84106e-17
1.6585,6.54197e-17
1.66122,6.2548e-17
1.66395,5.97914e-17
1.66667,5.71456e-17
1.66939,5.46068e-17
1.67211,5.21711e-17
1.67483,4.98349e-17
1.67755,4.75944e-17
1.68027,4.54463e-17
1.68299,4.33871e-17
1.68571,4.14135e-17
1.68844,3.95224e-17
1.69116,3.77106e-17
1.69388,3.59753e-17
1.6966,3.43134e-17
1.69932,3.27223e-17
1.70204,3.11992e-17
1.70476,2.97414e-17
1.70748,2.83466e-17
1.7102,2.70121e-17
1.71293,2.57357e-17
1.71565,2.45151e-17
1.71837,2.3348e-17
1.72109,2.22324e-17
1.72381,2.11662e-17
1.72653,2.01474e-17
1.72925,1.9174e-17
1.73197,1.82444e-17
1.73469,1.73565e-17
1.73741,1.65089e-17
1.74014,1.56997e-17
1.74286,1.49274e-17
1.74558,1.41905e-17
1.7483,1.34874e-17
1.75102,1.28169e-17
1.75374,1.21774e-17
1.75646,1.15676e-17
1.75918,1.09864e-17
1.7619,1.04325e-17
1.76463,9.9046e-18
1.76735,9.40171e-18
1.77007,8.9227e-18
1.77279,8.46652e-18
1.77551,8.03219e-18
1.77823,7.61872e-18
1.78095,7.2252e-18
1.78367,6.85074e-18
1.78639,6.49448e-18
1.78912,6.15561e-18
1.79184,5.83334e-18
1.79456,5.52692e-18
1.79728,5.23563e-18
1.8,4.95877e-18
1.80272,4.69568e-18
1.80544,4.44573e-18
1.80816,4.2083e-18
1.81088,3.98282e-18
1.81361,3.76872e-18
1.81633,3.56547e-18
1.81905,3.37255e-18
1.82177,3.18949e-18
1.82449,3.0158e-18
1.82721,2.85104e-18
1.82993,2.69479e-18
1.83265,2.54662e-18
1.83537,2.40616e-18
1.8381,2.27303e-18
1.84082,2.14686e-18
1.84354,2.02732e-18
1.84626,1.91408e-18
1.84898,1.80684e-18
1.8517,1.70528e-18
1.85442,1.60914e-18
1.85714,1.51814e-18
1.85986,1.43202e-18
1.86259,1.35053e-18
1.86531,1.27344e-18
1.86803,1.20053e-18
1.87075,1.13159e-18
1.87347,1.06641e-18
1.87619,1.0048e-18
1.87891,9.46569e-19
1.88163,8.9155e-19
1.88435,8.39573e-19
1.88707,7.90481e-19
1.8898,7.44121e-19
1.89252,7.0035e-19
1.89524,6.59032e-19
1.89796,6.20037e-19
1.90068,5.83241e-19
1.9034,5.48528e-19
1.90612,5.15785e-19
1.90884,4.84906e-19
1.91156,4.55792e-19
1.91429,4.28347e-19
1.91701,4.0248e-19
1.91973,3.78104e-19
1.92245,3.5514e-19
1.92517,3.33508e-19
1.92789,3.13136e-19
1.93061,2.93954e-19
1.93333,2.75896e-19
1.93605,2.58899e-19
1.93878,2.42905e-19
1.9415,2.27856e-19
1.94422,2.137e-19
1.94694,2.00387e-19
1.94966,1.87868e-19
1.95238,1.76099e-19
1.9551,1.65036e-19
1.95782,1.5464e-19
1.96054,1.44872e-19
1.96327,1.35695e-19
1.96599,1.27077e-19
1.96871,1.18984e-19
1.97143,1.11385e-19
1.97415,1.04253e-19
1.97687,9.7559e-20
1.97959,9.12781e-20
1.98231,8.53858e-20
1.98503,7.9859e-20
1.98776,7.46762e-20
1.99048,6.98168e-20
1.9932,6.52615e-20
1.99592,6.09922e-20
1.99864,5.69916e-20
