0.00186567,5.77147e-20
0.00559701,6.33356e-20
0.00932836,6.94797e-20
0.0130597,7.61933e-20
0.016791,8.35266e-20
0.0205224,9.15338e-20
0.0242537,1.00274e-19
0.0279851,1.0981e-19
0.0317164,1.20211e-19
0.0354478,1.31552e-19
0.0391791,1.43912e-19
0.0429104,1.57379e-19
0.0466418,1.72046e-19
0.0503731,1.88015e-19
0.0541045,2.05395e-19
0.0578358,2.24303e-19
0.0615672,2.44866e-19
0.0652985,2.67221e-19
0.0690299,2.91516e-19
0.0727612,3.17909e-19
0.0764925,3.46571e-19
0.0802239,3.77685e-19
0.0839552,4.1145e-19
0.0876866,4.48077e-19
0.0914179,4.87795e-19
0.0951493,5.30849e-19
0.0988806,5.77501e-19
0.102612,6.28035e-19
0.106343,6.82754e-19
0.110075,7.41981e-19
0.113806,8.06065e-19
0.117537,8.7538e-19
0.121269,9.50324e-19
0.125,1.03133e-18
0.128731,1.11884e-18
0.132463,1.21336e-18
0.136194,1.31541e-18
0.139925,1.42554e-18
0.143657,1.54436e-18
0.147388,1.6725e-18
0.151119,1.81064e-18
0.154851,1.95951e-18
0.158582,2.11987e-18
0.162313,2.29257e-18
0.166045,2.47847e-18
0.169776,2.67851e-18
0.173507,2.89369e-18
0.177239,3.12507e-18
0.18097,3.37378e-18
0.184701,3.64101e-18
0.188433,3.92805e-18
0.192164,4.23623e-18
0.195896,4.567e-18
0.199627,4.92189e-18
0.203358,5.30251e-18
0.20709,5.71058e-18
0.210821,6.14791e-18
0.214552,6.61643e-18
0.218284,7.11817e-18
0.222015,7.6553e-18
0.225746,8.23009e-18
0.229478,8.84496e-18
0.233209,9.50247e-18
0.23694,1.02053e-17
0.240672,1.09563e-17
0.244403,1.17584e-17
0.248134,1.2615e-17
0.251866,1.35291e-17
0.255597,1.45045e-17
0.259328,1.55448e-17
0.26306,1.66539e-17
0.266791,1.78359e-17
0.270522,1.90952e-17
0.274254,2.04363e-17
0.277985,2.18639e-17
0.281716,2.33832e-17
0.285448,2.49993e-17
0.289179,2.67178e-17
0.29291,2.85444e-17
0.296642,3.04854e-17
0.300373,3.2547e-17
0.304104,3.4736e-17
0.307836,3.70592e-17
0.311567,3.95241e-17
0.315299,4.21383e-17
0.31903,4.49097e-17
0.322761,4.78467e-17
0.326493,5.09581e-17
0.330224,5.42529e-17
0.333955,5.77407e-17
0.337687,6.14313e-17
0.341418,6.5335e-17
0.345149,6.94626e-17
0.348881,7.38253e-17
0.352612,7.84347e-17
0.356343,8.33029e-17
0.360075,8.84424e-17
0.363806,9.38664e-17
0.367537,9.95883e-17
0.371269,1.05622e-16
0.375,1.11983e-16
0.378731,1.18685e-16
0.382463,1.25745e-16
0.386194,1.33178e-16
0.389925,1.41001e-16
0.393657,1.49233e-16
0.397388,1.57889e-16
0.401119,1.6699e-16
0.404851,1.76554e-16
0.408582,1.866e-16
0.412313,1.9715e-16
0.416045,2.08223e-16
0.419776,2.19842e-16
0.423507,2.32029e-16
0.427239,2.44806e-16
0.43097,2.58196e-16
0.434701,2.72225e-16
0.438433,2.86915e-16
0.442164,3.02293e-16
0.445896,3.18385e-16
0.449627,3.35216e-16
0.453358,3.52814e-16
0.45709,3.71207e-16
0.460821,3.90423e-16
0.464552,4.10491e-16
0.468284,4.3144e-16
0.472015,4.533e-16
0.475746,4.76102e-16
0.479478,4.99878e-16
0.483209,5.24657e-16
0.48694,5.50474e-16
0.490672,5.7736e-16
0.494403,6.05348e-16
0.498134,6.34472e-16
0.501866,6.64766e-16
0.505597,6.96264e-16
0.509328,7.29001e-16
0.51306,7.63011e-16
0.516791,7.9833e-16
0.520522,8.34993e-16
0.524254,8.73036e-16
0.527985,9.12494e-16
0.531716,9.53404e-16
0.535448,9.95802e-16
0.539179,1.03972e-15
0.54291,1.0852e-15
0.546642,1.13228e-15
0.550373,1.18098e-15
0.554104,1.23136e-15
0.557836,1.28343e-15
0.561567,1.33724e-15
0.565299,1.39283e-15
0.56903,1.45021e-15
0.572761,1.50944e-15
0.576493,1.57054e-15
0.580224,1.63355e-15
0.583955,1.69849e-15
0.587687,1.76539e-15
0.591418,1.8343e-15
0.595149,1.90523e-15
0.598881,1.97821e-15
0.602612,2.05328e-15
0.606343,2.13045e-15
0.610075,2.20975e-15
0.613806,2.29121e-15
0.617537,2.37484e-15
0.621269,2.46067e-15
0.625,2.54872e-15
0.628731,2.63899e-15
0.632463,2.73152e-15
0.636194,2.8263e-15
0.639925,2.92335e-15
0.643657,3.02269e-15
0.647388,3.12431e-15
0.651119,3.22822e-15
0.654851,3.33443e-15
0.658582,3.44294e-15
0.662313,3.55374e-15
0.666045,3.66683e-15
0.669776,3.7822e-15
0.673507,3.89984e-15
0.677239,4.01974e-15
0.68097,4.14189e-15
0.684701,4.26626e-15
0.688433,4.39284e-15
0.692164,4.5216e-15
0.695896,4.65252e-15
0.699627,4.78556e-15
0.703358,4.92069e-15
0.70709,5.05787e-15
0.710821,5.19707e-15
0.714552,5.33825e-15
0.718284,5.48135e-15
0.722015,5.62632e-15
0.725746,5.77313e-15
0.729478,5.9217e-15
0.733209,6.07198e-15
0.73694,6.2239e-15
0.740672,6.37741e-15
0.744403,6.53243e-15
0.748134,6.68889e-15
0.751866,6.84672e-15
0.755597,7.00583e-15
0.759328,7.16614e-15
0.76306,7.32757e-15
0.766791,7.49003e-15
0.770522,7.65342e-15
0.774254,7.81766e-15
0.777985,7.98264e-15
0.781716,8.14827e-15
0.785448,8.31444e-15
0.789179,8.48105e-15
0.79291,8.64799e-15
0.796642,8.81514e-15
0.800373,8.98239e-15
0.804104,9.14964e-15
0.807836,9.31675e-15
0.811567,9.48362e-15
0.815299,9.65011e-15
0.81903,9.81611e-15
0.822761,9.98149e-15
0.826493,1.01461e-14
0.830224,1.03099e-14
0.833955,1.04726e-14
0.837687,1.06343e-14
0.841418,1.07946e-14
0.845149,1.09536e-14
0.848881,1.1111e-14
0.852612,1.12668e-14
0.856343,1.14208e-14
0.860075,1.15729e-14
0.863806,1.17229e-14
0.867537,1.18707e-14
0.871269,1.20162e-14
0.875,1.21592e-14
0.878731,1.22997e-14
0.882463,1.24375e-14
0.886194,1.25724e-14
0.889925,1.27044e-14
0.893657,1.28333e-14
0.897388,1.2959e-14
0.901119,1.30813e-14
0.904851,1.32002e-14
0.908582,1.33156e-14
0.912313,1.34273e-14
0.916045,1.35352e-14
0.919776,1.36393e-14
0.923507,1.37393e-14
0.927239,1.38353e-14
0.93097,1.39271e-14
0.934701,1.40147e-14
0.938433,1.40978e-14
0.942164,1.41766e-14
0.945896,1.42508e-14
0.949627,1.43204e-14
0.953358,1.43853e-14
0.95709,1.44455e-14
0.960821,1.4501e-14
0.964552,1.45515e-14
0.968284,1.45972e-14
0.972015,1.46379e-14
0.975746,1.46736e-14
0.979478,1.47043e-14
0.983209,1.47299e-14
0.98694,1.47504e-14
0.990672,1.47658e-14
0.994403,1.47761e-14
0.998134,1.47812e-14
1.00187,1.47812e-14
1.0056,1.47761e-14
1.00933,1.47658e-14
1.01306,1.47504e-14
1.01679,1.47299e-14
1.02052,1.47043e-14
1.02425,1.46736e-14
1.02799,1.46379e-14
1.03172,1.45972e-14
1.03545,1.45515e-14
1.03918,1.4501e-14
1.04291,1.44455e-14
1.04664,1.43853e-14
1.05037,1.43204e-14
1.0541,1.42508e-14
1.05784,1.41766e-14
1.06157,1.40978e-14
1.0653,1.40147e-14
1.06903,1.39271e-14
1.07276,1.38353e-14
1.07649,1.37393e-14
1.08022,1.36393e-14
1.08396,1.35352e-14
1.08769,1.34273e-14
1.09142,1.33156e-14
1.09515,1.32002e-14
1.09888,1.30813e-14
1.10261,1.2959e-14
1.10634,1.28333e-14
1.11007,1.27044e-14
1.11381,1.25724e-14
1.11754,1.24375e-14
1.12127,1.22997e-14
1.125,1.21592e-14
1.12873,1.20162e-14
1.13246,1.18707e-14
1.13619,1.17229e-14
1.13993,1.15729e-14
1.14366,1.14208e-14
1.14739,1.12668e-14
1.15112,1.1111e-14
1.15485,1.09536e-14
1.15858,1.07946e-14
1.16231,1.06343e-14
1.16604,1.04726e-14
1.16978,1.03099e-14
1.17351,1.01461e-14
1.17724,9.98149e-15
1.18097,9.81611e-15
1.1847,9.65011e-15
1.18843,9.48362e-15
1.19216,9.31675e-15
1.1959,9.14964e-15
1.19963,8.98239e-15
1.20336,8.81514e-15
1.20709,8.64799e-15
1.21082,8.48105e-15
1.21455,8.31444e-15
1.21828,8.14827e-15
1.22201,7.98264e-15
1.22575,7.81766e-15
1.22948,7.65342e-15
1.23321,7.49003e-15
1.23694,7.32757e-15
1.24067,7.16614e-15
1.2444,7.00583e-15
1.24813,6.84672e-15
1.25187,6.68889e-15
1.2556,6.53243e-15
1.25933,6.37741e-15
1.26306,6.2239e-15
1.26679,6.07198e-15
1.27052,5.9217e-15
1.27425,5.77313e-15
1.27799,5.62632e-15
1.28172,5.48135e-15
1.28545,5.33825e-15
1.28918,5.19707e-15
1.29291,5.05787e-15
1.29664,4.92069e-15
1.30037,4.78556e-15
1.3041,4.65252e-15
1.30784,4.5216e-15
1.31157,4.39284e-15
1.3153,4.26626e-15
1.31903,4.14189e-15
1.32276,4.01974e-15
1.32649,3.89984e-15
1.33022,3.7822e-15
1.33396,3.66683e-15
1.33769,3.55374e-15
1.34142,3.44294e-15
1.34515,3.33443e-15
1.34888,3.22822e-15
1.35261,3.12431e-15
1.35634,3.02269e-15
1.36007,2.92335e-15
1.36381,2.8263e-15
1.36754,2.73152e-15
1.37127,2.63899e-15
1.375,2.54872e-15
1.37873,2.46067e-15
1.38246,2.37484e-15
1.38619,2.29121e-15
1.38993,2.20975e-15
1.39366,2.13045e-15
1.39739,2.05328e-15
1.40112,1.97821e-15
1.40485,1.90523e-15
1.40858,1.8343e-15
1.41231,1.76539e-15
1.41604,1.69849e-15
1.41978,1.63355e-15
1.42351,1.57054e-15
1.42724,1.50944e-15
1.43097,1.45021e-15
1.4347,1.39283e-15
1.43843,1.33724e-15
1.44216,1.28343e-15
1.4459,1.23136e-15
1.44963,1.18098e-15
1.45336,1.13228e-15
1.45709,1.0852e-15
1.46082,1.03972e-15
1.46455,9.95802e-16
1.46828,9.53404e-16
1.47201,9.12494e-16
1.47575,8.73036e-16
1.47948,8.34993e-16
1.48321,7.9833e-16
1.48694,7.63011e-16
1.49067,7.29001e-16
1.4944,6.96264e-16
1.49813,6.64766e-16
1.50187,6.34472e-16
1.5056,6.05348e-16
1.50933,5.7736e-16
1.51306,5.50474e-16
1.51679,5.24657e-16
1.52052,4.99878e-16
1.52425,4.76102e-16
1.52799,4.533e-16
1.53172,4.3144e-16
1.53545,4.10491e-16
1.53918,3.90423e-16
1.54291,3.71207e-16
1.54664,3.52814e-16
1.55037,3.35216e-16
1.5541,3.18385e-16
1.55784,3.02293e-16
1.56157,2.86915e-16
1.5653,2.72225e-16
1.56903,2.58196e-16
1.57276,2.44806e-16
1.57649,2.32029e-16
1.58022,2.19842e-16
1.58396,2.08223e-16
1.58769,1.9715e-16
1.59142,1.866e-16
1.59515,1.76554e-16
1.59888,1.6699e-16
1.60261,1.57889e-16
1.60634,1.49233e-16
1.61007,1.41001e-16
1.61381,1.33178e-16
1.61754,1.25745e-16
1.62127,1.18685e-16
1.625,1.11983e-16
1.62873,1.05622e-16
1.63246,9.95883e-17
1.63619,9.38664e-17
1.63993,8.84424e-17
1.64366,8.33029e-17
1.64739,7.84347e-17
1.65112,7.38253e-17
1.65485,6.94626e-17
1.65858,6.5335e-17
1.66231,6.14313e-17
1.66604,5.77407e-17
1.66978,5.42529e-17
1.67351,5.09581e-17
1.67724,4.78467e-17
1.68097,4.49097e-17
1.6847,4.21383e-17
1.68843,3.95241e-17
1.69216,3.70592e-17
1.6959,3.4736e-17
1.69963,3.2547e-17
1.70336,3.04854e-17
1.70709,2.85444e-17
1.71082,2.67178e-17
1.71455,2.49993e-17
1.71828,2.33832e-17
1.72201,2.18639e-17
1.72575,2.04363e-17
1.72948,1.90952e-17
1.73321,1.78359e-17
1.73694,1.66539e-17
1.74067,1.55448e-17
1.7444,1.45045e-17
1.74813,1.35291e-17
1.75187,1.2615e-17
1.7556,1.17584e-17
1.75933,1.09563e-17
1.76306,1.02053e-17
1.76679,9.50247e-18
1.77052,8.84496e-18
1.77425,8.23009e-18
1.77799,7.6553e-18
1.78172,7.11817e-18
1.78545,6.61643e-18
1.78918,6.14791e-18
1.79291,5.71058e-18
1.79664,5.30251e-18
1.80037,4.92189e-18
1.8041,4.567e-18
1.80784,4.23623e-18
1.81157,3.92805e-18
1.8153,3.64101e-18
1.81903,3.37378e-18
1.82276,3.12507e-18
1.82649,2.89369e-18
1.83022,2.67851e-18
1.83396,2.47847e-18
1.83769,2.29257e-18
1.84142,2.11987e-18
1.84515,1.95951e-18
1.84888,1.81064e-18
1.85261,1.6725e-18
1.85634,1.54436e-18
1.86007,1.42554e-18
1.86381,1.31541e-18
1.86754,1.21336e-18
1.87127,1.11884e-18
1.875,1.03133e-18
1.87873,9.50324e-19
1.88246,8.7538e-19
1.88619,8.06065e-19
1.88993,7.41981e-19
1.89366,6.82754e-19
1.89739,6.28035e-19
1.90112,5.77501e-19
1.90485,5.30849e-19
1.90858,4.87795e-19
1.91231,4.48077e-19
1.91604,4.1145e-19
1.91978,3.77685e-19
1.92351,3.46571e-19
1.92724,3.17909e-19
1.93097,2.91516e-19
1.9347,2.67221e-19
1.93843,2.44866e-19
1.94216,2.24303e-19
1.9459,2.05395e-19
1.94963,1.88015e-19
1.95336,1.72046e-19
1.95709,1.57379e-19
1.96082,1.43912e-19
1.96455,1.31552e-19
1.96828,1.20211e-19
1.97201,1.0981e-19
1.97575,1.00274e-19
1.97948,9.15338e-20
1.98321,8.35266e-20
1.98694,7.61933e-20
1.99067,6.94797e-20
1.9944,6.33356e-20
1.99813,5.77147e-20
