0.00209205,5.80416e-20
0.00627615,6.44136e-20
0.0104603,7.14538e-20
0.0146444,7.92289e-20
0.0188285,8.78115e-20
0.0230126,9.72813e-20
0.0271967,1.07725e-19
0.0313808,1.19238e-19
0.0355649,1.31924e-19
0.039749,1.45895e-19
0.0439331,1.61275e-19
0.0481172,1.78199e-19
0.0523013,1.96813e-19
0.0564854,2.17275e-19
0.0606695,2.3976e-19
0.0648536,2.64457e-19
0.0690377,2.91569e-19
0.0732218,3.21321e-19
0.0774059,3.53953e-19
0.08159,3.89729e-19
0.0857741,4.28933e-19
0.0899582,4.71874e-19
0.0941423,5.18886e-19
0.0983264,5.70333e-19
0.10251,6.26607e-19
0.106695,6.88132e-19
0.110879,7.55367e-19
0.115063,8.28808e-19
0.119247,9.08993e-19
0.123431,9.96498e-19
0.127615,1.09195e-18
0.131799,1.19602e-18
0.135983,1.30944e-18
0.140167,1.43298e-18
0.144351,1.56749e-18
0.148536,1.71388e-18
0.15272,1.87313e-18
0.156904,2.04627e-18
0.161088,2.23443e-18
0.165272,2.43884e-18
0.169456,2.66077e-18
0.17364,2.90164e-18
0.177824,3.16292e-18
0.182008,3.44622e-18
0.186192,3.75326e-18
0.190377,4.08586e-18
0.194561,4.44598e-18
0.198745,4.83574e-18
0.202929,5.25735e-18
0.207113,5.71323e-18
0.211297,6.20592e-18
0.215481,6.73815e-18
0.219665,7.31282e-18
0.223849,7.93303e-18
0.228033,8.60208e-18
0.232218,9.32347e-18
0.236402,1.01009e-17
0.240586,1.09384e-17
0.24477,1.18402e-17
0.248954,1.28107e-17
0.253138,1.38547e-17
0.257322,1.49772e-17
0.261506,1.61836e-17
0.26569,1.74794e-17
0.269874,1.88708e-17
0.274059,2.0364e-17
0.278243,2.19658e-17
0.282427,2.36832e-17
0.286611,2.55237e-17
0.290795,2.74952e-17
0.294979,2.9606e-17
0.299163,3.18649e-17
0.303347,3.42811e-17
0.307531,3.68645e-17
0.311715,3.96251e-17
0.3159,4.25739e-17
0.320084,4.5722e-17
0.324268,4.90815e-17
0.328452,5.26648e-17
0.332636,5.64849e-17
0.33682,6.05556e-17
0.341004,6.48913e-17
0.345188,6.9507e-17
0.349372,7.44185e-17
0.353556,7.96421e-17
0.357741,8.5195e-17
0.361925,9.10953e-17
0.366109,9.73616e-17
0.370293,1.04013e-16
0.374477,1.11071e-16
0.378661,1.18556e-16
0.382845,1.26489e-16
0.387029,1.34895e-16
0.391213,1.43796e-16
0.395397,1.53217e-16
0.399582,1.63184e-16
0.403766,1.73724e-16
0.40795,1.84863e-16
0.412134,1.9663e-16
0.416318,2.09055e-16
0.420502,2.22168e-16
0.424686,2.36e-16
0.42887,2.50584e-16
0.433054,2.65952e-16
0.437238,2.82139e-16
0.441423,2.99181e-16
0.445607,3.17113e-16
0.449791,3.35973e-16
0.453975,3.55799e-16
0.458159,3.76629e-16
0.462343,3.98505e-16
0.466527,4.21467e-16
0.470711,4.45557e-16
0.474895,4.70818e-16
0.479079,4.97294e-16
0.483264,5.25028e-16
0.487448,5.54066e-16
0.491632,5.84455e-16
0.495816,6.16241e-16
0.5,6.49471e-16
0.504184,6.84193e-16
0.508368,7.20456e-16
0.512552,7.5831e-16
0.516736,7.97803e-16
0.520921,8.38985e-16
0.525105,8.81908e-16
0.529289,9.2662e-16
0.533473,9.73174e-16
0.537657,1.02162e-15
0.541841,1.07201e-15
0.546025,1.12439e-15
0.550209,1.17881e-15
0.554393,1.23533e-15
0.558577,1.29399e-15
0.562762,1.35484e-15
0.566946,1.41793e-15
0.57113,1.48332e-15
0.575314,1.55104e-15
0.579498,1.62114e-15
0.583682,1.69366e-15
0.587866,1.76866e-15
0.59205,1.84617e-15
0.596234,1.92624e-15
0.600418,2.00889e-15
0.604603,2.09418e-15
0.608787,2.18213e-15
0.612971,2.27279e-15
0.617155,2.36617e-15
0.621339,2.46231e-15
0.625523,2.56124e-15
0.629707,2.66297e-15
0.633891,2.76753e-15
0.638075,2.87495e-15
0.642259,2.98522e-15
0.646444,3.09837e-15
0.650628,3.2144e-15
0.654812,3.33331e-15
0.658996,3.45511e-15
0.66318,3.57979e-15
0.667364,3.70736e-15
0.671548,3.83778e-15
0.675732,3.97106e-15
0.679916,4.10716e-15
0.6841,4.24608e-15
0.688285,4.38777e-15
0.692469,4.5322e-15
0.696653,4.67934e-15
0.700837,4.82915e-15
0.705021,4.98157e-15
0.709205,5.13655e-15
0.713389,5.29403e-15
0.717573,5.45396e-15
0.721757,5.61626e-15
0.725941,5.78085e-15
0.730126,5.94767e-15
0.73431,6.11662e-15
0.738494,6.28762e-15
0.742678,6.46058e-15
0.746862,6.63538e-15
0.751046,6.81194e-15
0.75523,6.99013e-15
0.759414,7.16984e-15
0.763598,7.35096e-15
0.767782,7.53335e-15
0.771967,7.71689e-15
0.776151,7.90145e-15
0.780335,8.08687e-15
0.784519,8.27303e-15
0.788703,8.45977e-15
0.792887,8.64694e-15
0.797071,8.83438e-15
0.801255,9.02194e-15
0.805439,9.20944e-15
0.809623,9.39673e-15
0.813808,9.58364e-15
0.817992,9.76998e-15
0.822176,9.95559e-15
0.82636,1.01403e-14
0.830544,1.03239e-14
0.834728,1.05062e-14
0.838912,1.06871e-14
0.843096,1.08663e-14
0.84728,1.10437e-14
0.851464,1.12191e-14
0.855649,1.13923e-14
0.859833,1.15631e-14
0.864017,1.17313e-14
0.868201,1.18967e-14
0.872385,1.20593e-14
0.876569,1.22186e-14
0.880753,1.23747e-14
0.884937,1.25273e-14
0.889121,1.26762e-14
0.893305,1.28213e-14
0.89749,1.29623e-14
0.901674,1.30992e-14
0.905858,1.32317e-14
0.910042,1.33598e-14
0.914226,1.34831e-14
0.91841,1.36016e-14
0.922594,1.37152e-14
0.926778,1.38237e-14
0.930962,1.39269e-14
0.935146,1.40248e-14
0.939331,1.41172e-14
0.943515,1.42039e-14
0.947699,1.4285e-14
0.951883,1.43602e-14
0.956067,1.44295e-14
0.960251,1.44928e-14
0.964435,1.455e-14
0.968619,1.4601e-14
0.972803,1.46458e-14
0.976987,1.46844e-14
0.981172,1.47165e-14
0.985356,1.47423e-14
0.98954,1.47617e-14
0.993724,1.47746e-14
0.997908,1.47811e-14
1.00209,1.47811e-14
1.00628,1.47746e-14
1.01046,1.47617e-14
1.01464,1.47423e-14
1.01883,1.47165e-14
1.02301,1.46844e-14
1.0272,1.46458e-14
1.03138,1.4601e-14
1.03556,1.455e-14
1.03975,1.44928e-14
1.04393,1.44295e-14
1.04812,1.43602e-14
1.0523,1.4285e-14
1.05649,1.42039e-14
1.06067,1.41172e-14
1.06485,1.40248e-14
1.06904,1.39269e-14
1.07322,1.38237e-14
1.07741,1.37152e-14
1.08159,1.36016e-14
1.08577,1.34831e-14
1.08996,1.33598e-14
1.09414,1.32317e-14
1.09833,1.30992e-14
1.10251,1.29623e-14
1.10669,1.28213e-14
1.11088,1.26762e-14
1.11506,1.25273e-14
1.11925,1.23747e-14
1.12343,1.22186e-14
1.12762,1.20593e-14
1.1318,1.18967e-14
1.13598,1.17313e-14
1.14017,1.15631e-14
1.14435,1.13923e-14
1.14854,1.12191e-14
1.15272,1.10437e-14
1.1569,1.08663e-14
1.16109,1.06871e-14
1.16527,1.05062e-14
1.16946,1.03239e-14
1.17364,1.01403e-14
1.17782,9.95559e-15
1.18201,9.76998e-15
1.18619,9.58364e-15
1.19038,9.39673e-15
1.19456,9.20944e-15
1.19874,9.02194e-15
1.20293,8.83438e-15
1.20711,8.64694e-15
1.2113,8.45977e-15
1.21548,8.27303e-15
1.21967,8.08687e-15
1.22385,7.90145e-15
1.22803,7.71689e-15
1.23222,7.53335e-15
1.2364,7.35096e-15
1.24059,7.16984e-15
1.24477,6.99013e-15
1.24895,6.81194e-15
1.25314,6.63538e-15
1.25732,6.46058e-15
1.26151,6.28762e-15
1.26569,6.11662e-15
1.26987,5.94767e-15
1.27406,5.78085e-15
1.27824,5.61626e-15
1.28243,5.45396e-15
1.28661,5.29403e-15
1.29079,5.13655e-15
1.29498,4.98157e-15
1.29916,4.82915e-15
1.30335,4.67934e-15
1.30753,4.5322e-15
1.31172,4.38777e-15
1.3159,4.24608e-15
1.32008,4.10716e-15
1.32427,3.97106e-15
1.32845,3.83778e-15
1.33264,3.70736e-15
1.33682,3.57979e-15
1.341,3.45511e-15
1.34519,3.33331e-15
1.34937,3.2144e-15
1.35356,3.09837e-15
1.35774,2.98522e-15
1.36192,2.87495e-15
1.36611,2.76753e-15
1.37029,2.66297e-15
1.37448,2.56124e-15
1.37866,2.46231e-15
1.38285,2.36617e-15
1.38703,2.27279e-15
1.39121,2.18213e-15
1.3954,2.09418e-15
1.39958,2.00889e-15
1.40377,1.92624e-15
1.40795,1.84617e-15
1.41213,1.76866e-15
1.41632,1.69366e-15
1.4205,1.62114e-15
1.42469,1.55104e-15
1.42887,1.48332e-15
1.43305,1.41793e-15
1.43724,1.35484e-15
1.44142,1.29399e-15
1.44561,1.23533e-15
1.44979,1.17881e-15
1.45397,1.12439e-15
1.45816,1.07201e-15
1.46234,1.02162e-15
1.46653,9.73174e-16
1.47071,9.2662e-16
1.4749,8.81908e-16
1.47908,8.38985e-16
1.48326,7.97803e-16
1.48745,7.5831e-16
1.49163,7.20456e-16
1.49582,6.84193e-16
1.5,6.49471e-16
1.50418,6.16241e-16
1.50837,5.84455e-16
1.51255,5.54066e-16
1.51674,5.25028e-16
1.52092,4.97294e-16
1.5251,4.70818e-16
1.52929,4.45557e-16
1.53347,4.21467e-16
1.53766,3.98505e-16
1.54184,3.76629e-16
1.54603,3.55799e-16
1.55021,3.35973e-16
1.55439,3.17113e-16
1.55858,2.99181e-16
1.56276,2.82139e-16
1.56695,2.65952e-16
1.57113,2.50584e-16
1.57531,2.36e-16
1.5795,2.22168e-16
1.58368,2.09055e-16
1.58787,1.9663e-16
1.59205,1.84863e-16
1.59623,1.73724e-16
1.60042,1.63184e-16
1.6046,1.53217e-16
1.60879,1.43796e-16
1.61297,1.34895e-16
1.61715,1.26489e-16
1.62134,1.18556e-16
1.62552,1.11071e-16
1.62971,1.04013e-16
1.63389,9.73616e-17
1.63808,9.10953e-17
1.64226,8.5195e-17
1.64644,7.96421e-17
1.65063,7.44185e-17
1.65481,6.9507e-17
1.659,6.48913e-17
1.66318,6.05556e-17
1.66736,5.64849e-17
1.67155,5.26648e-17
1.67573,4.90815e-17
1.67992,4.5722e-17
1.6841,4.25739e-17
1.68828,3.96251e-17
1.69247,3.68645e-17
1.69665,3.42811e-17
1.70084,3.18649e-17
1.70502,2.9606e-17
1.70921,2.74952e-17
1.71339,2.55237e-17
1.71757,2.36832e-17
1.72176,2.19658e-17
1.72594,2.0364e-17
1.73013,1.88708e-17
1.73431,1.74794e-17
1.73849,1.61836e-17
1.74268,1.49772e-17
1.74686,1.38547e-17
1.75105,1.28107e-17
1.75523,1.18402e-17
1.75941,1.09384e-17
1.7636,1.01009e-17
1.76778,9.32347e-18
1.77197,8.60208e-18
1.77615,7.93303e-18
1.78033,7.31282e-18
1.78452,6.73815e-18
1.7887,6.20592e-18
1.79289,5.71323e-18
1.79707,5.25735e-18
1.80126,4.83574e-18
1.80544,4.44598e-18
1.80962,4.08586e-18
1.81381,3.75326e-18
1.81799,3.44622e-18
1.82218,3.16292e-18
1.82636,2.90164e-18
1.83054,2.66077e-18
1.83473,2.43884e-18
1.83891,2.23443e-18
1.8431,2.04627e-18
1.84728,1.87313e-18
1.85146,1.71388e-18
1.85565,1.56749e-18
1.85983,1.43298e-18
1.86402,1.30944e-18
1.8682,1.19602e-18
1.87238,1.09195e-18
1.87657,9.96498e-19
1.88075,9.08993e-19
1.88494,8.28808e-19
1.88912,7.55367e-19
1.89331,6.88132e-19
1.89749,6.26607e-19
1.90167,5.70333e-19
1.90586,5.18886e-19
1.91004,4.71874e-19
1.91423,4.28933e-19
1.91841,3.89729e-19
1.92259,3.53953e-19
1.92678,3.21321e-19
1.93096,2.91569e-19
1.93515,2.64457e-19
1.93933,2.3976e-19
1.94351,2.17275e-19
1.9477,1.96813e-19
1.95188,1.78199e-19
1.95607,1.61275e-19
1.96025,1.45895e-19
1.96444,1.31924e-19
1.96862,1.19238e-19
1.9728,1.07725e-19
1.97699,9.72813e-20
1.98117,8.78115e-20
1.98536,7.92289e-20
1.98954,7.14538e-20
1.99372,6.44136e-20
1.99791,5.80416e-20
