0.00145773,5.713e-20
0.00437318,6.14365e-20
0.00728863,6.60535e-20
0.0102041,7.10024e-20
0.0131195,7.63059e-20
0.016035,8.19881e-20
0.0189504,8.80747e-20
0.0218659,9.4593e-20
0.0247813,1.01572e-19
0.0276968,1.09043e-19
0.0306122,1.17039e-19
0.0335277,1.25594e-19
0.0364431,1.34746e-19
0.0393586,1.44534e-19
0.0422741,1.55e-19
0.0451895,1.66189e-19
0.048105,1.78147e-19
0.0510204,1.90926e-19
0.0539359,2.04577e-19
0.0568513,2.19158e-19
0.0597668,2.34729e-19
0.0626822,2.51352e-19
0.0655977,2.69096e-19
0.0685131,2.8803e-19
0.0714286,3.08232e-19
0.074344,3.2978e-19
0.0772595,3.5276e-19
0.0801749,3.77261e-19
0.0830904,4.03377e-19
0.0860058,4.3121e-19
0.0889213,4.60866e-19
0.0918367,4.92457e-19
0.0947522,5.26101e-19
0.0976676,5.61924e-19
0.100583,6.00059e-19
0.103499,6.40646e-19
0.106414,6.83833e-19
0.109329,7.29776e-19
0.112245,7.7864e-19
0.11516,8.306e-19
0.118076,8.85838e-19
0.120991,9.4455e-19
0.123907,1.00694e-18
0.126822,1.07322e-18
0.129738,1.14362e-18
0.132653,1.21838e-18
0.135569,1.29775e-18
0.138484,1.382e-18
0.141399,1.47141e-18
0.144315,1.56627e-18
0.14723,1.66688e-18
0.150146,1.77359e-18
0.153061,1.88672e-18
0.155977,2.00665e-18
0.158892,2.13374e-18
0.161808,2.2684e-18
0.164723,2.41105e-18
0.167638,2.56212e-18
0.170554,2.72208e-18
0.173469,2.89142e-18
0.176385,3.07063e-18
0.1793,3.26026e-18
0.182216,3.46087e-18
0.185131,3.67303e-18
0.188047,3.89738e-18
0.190962,4.13455e-18
0.193878,4.38522e-18
0.196793,4.6501e-18
0.199708,4.92993e-18
0.202624,5.2255e-18
0.205539,5.5376e-18
0.208455,5.8671e-18
0.21137,6.21488e-18
0.214286,6.58188e-18
0.217201,6.96908e-18
0.220117,7.37748e-18
0.223032,7.80815e-18
0.225948,8.26221e-18
0.228863,8.74082e-18
0.231778,9.24519e-18
0.234694,9.77658e-18
0.237609,1.03363e-17
0.240525,1.09258e-17
0.24344,1.15464e-17
0.246356,1.21997e-17
0.249271,1.28872e-17
0.252187,1.36106e-17
0.255102,1.43715e-17
0.258017,1.51717e-17
0.260933,1.60131e-17
0.263848,1.68975e-17
0.266764,1.78271e-17
0.269679,1.88037e-17
0.272595,1.98296e-17
0.27551,2.09071e-17
0.278426,2.20384e-17
0.281341,2.32261e-17
0.284257,2.44725e-17
0.287172,2.57803e-17
0.290087,2.71523e-17
0.293003,2.85911e-17
0.295918,3.00999e-17
0.298834,3.16815e-17
0.301749,3.33391e-17
0.304665,3.5076e-17
0.30758,3.68956e-17
0.310496,3.88013e-17
0.313411,4.07968e-17
0.316327,4.28858e-17
0.319242,4.50721e-17
0.322157,4.73599e-17
0.325073,4.97532e-17
0.327988,5.22564e-17
0.330904,5.48738e-17
0.333819,5.76101e-17
0.336735,6.047e-17
0.33965,6.34583e-17
0.342566,6.65802e-17
0.345481,6.98409e-17
0.348397,7.32456e-17
0.351312,7.68001e-17
0.354227,8.05099e-17
0.357143,8.43809e-17
0.360058,8.84193e-17
0.362974,9.26313e-17
0.365889,9.70233e-17
0.368805,1.01602e-16
0.37172,1.06374e-16
0.374636,1.11347e-16
0.377551,1.16527e-16
0.380466,1.21922e-16
0.383382,1.27541e-16
0.386297,1.33389e-16
0.389213,1.39476e-16
0.392128,1.4581e-16
0.395044,1.524e-16
0.397959,1.59253e-16
0.400875,1.66379e-16
0.40379,1.73787e-16
0.406706,1.81486e-16
0.409621,1.89486e-16
0.412536,1.97797e-16
0.415452,2.06428e-16
0.418367,2.1539e-16
0.421283,2.24694e-16
0.424198,2.34349e-16
0.427114,2.44368e-16
0.430029,2.5476e-16
0.432945,2.65539e-16
0.43586,2.76714e-16
0.438776,2.88298e-16
0.441691,3.00304e-16
0.444606,3.12743e-16
0.447522,3.25628e-16
0.450437,3.38972e-16
0.453353,3.52788e-16
0.456268,3.67089e-16
0.459184,3.81889e-16
0.462099,3.972e-16
0.465015,4.13038e-16
0.46793,4.29416e-16
0.470845,4.46349e-16
0.473761,4.63851e-16
0.476676,4.81937e-16
0.479592,5.00621e-16
0.482507,5.19919e-16
0.485423,5.39847e-16
0.488338,5.60419e-16
0.491254,5.81652e-16
0.494169,6.03561e-16
0.497085,6.26162e-16
0.5,6.49471e-16
0.502915,6.73504e-16
0.505831,6.98279e-16
0.508746,7.23811e-16
0.511662,7.50118e-16
0.514577,7.77215e-16
0.517493,8.0512e-16
0.520408,8.3385e-16
0.523324,8.63422e-16
0.526239,8.93852e-16
0.529155,9.25158e-16
0.53207,9.57357e-16
0.534985,9.90466e-16
0.537901,1.0245e-15
0.540816,1.05948e-15
0.543732,1.09543e-15
0.546647,1.13235e-15
0.549563,1.17027e-15
0.552478,1.20919e-15
0.555394,1.24915e-15
0.558309,1.29016e-15
0.561224,1.33223e-15
0.56414,1.37538e-15
0.567055,1.41962e-15
0.569971,1.46498e-15
0.572886,1.51146e-15
0.575802,1.55909e-15
0.578717,1.60787e-15
0.581633,1.65783e-15
0.584548,1.70898e-15
0.587464,1.76134e-15
0.590379,1.81491e-15
0.593294,1.86971e-15
0.59621,1.92576e-15
0.599125,1.98307e-15
0.602041,2.04165e-15
0.604956,2.10151e-15
0.607872,2.16267e-15
0.610787,2.22514e-15
0.613703,2.28892e-15
0.616618,2.35404e-15
0.619534,2.42049e-15
0.622449,2.48828e-15
0.625364,2.55744e-15
0.62828,2.62795e-15
0.631195,2.69984e-15
0.634111,2.7731e-15
0.637026,2.84775e-15
0.639942,2.92378e-15
0.642857,3.00121e-15
0.645773,3.08003e-15
0.648688,3.16025e-15
0.651603,3.24187e-15
0.654519,3.32489e-15
0.657434,3.40932e-15
0.66035,3.49514e-15
0.663265,3.58237e-15
0.666181,3.67099e-15
0.669096,3.761e-15
0.672012,3.85241e-15
0.674927,3.94519e-15
0.677843,4.03935e-15
0.680758,4.13488e-15
0.683673,4.23178e-15
0.686589,4.33002e-15
0.689504,4.4296e-15
0.69242,4.5305e-15
0.695335,4.63272e-15
0.698251,4.73625e-15
0.701166,4.84105e-15
0.704082,4.94712e-15
0.706997,5.05445e-15
0.709913,5.163e-15
0.712828,5.27277e-15
0.715743,5.38372e-15
0.718659,5.49584e-15
0.721574,5.60911e-15
0.72449,5.72349e-15
0.727405,5.83897e-15
0.730321,5.9555e-15
0.733236,6.07308e-15
0.736152,6.19166e-15
0.739067,6.31121e-15
0.741983,6.4317e-15
0.744898,6.55311e-15
0.747813,6.67538e-15
0.750729,6.79849e-15
0.753644,6.92241e-15
0.75656,7.04708e-15
0.759475,7.17247e-15
0.762391,7.29855e-15
0.765306,7.42526e-15
0.768222,7.55256e-15
0.771137,7.68042e-15
0.774052,7.80878e-15
0.776968,7.9376e-15
0.779883,8.06683e-15
0.782799,8.19643e-15
0.785714,8.32633e-15
0.78863,8.4565e-15
0.791545,8.58687e-15
0.794461,8.71741e-15
0.797376,8.84805e-15
0.800292,8.97874e-15
0.803207,9.10942e-15
0.806122,9.24004e-15
0.809038,9.37054e-15
0.811953,9.50087e-15
0.814869,9.63096e-15
0.817784,9.76076e-15
0.8207,9.89021e-15
0.823615,1.00192e-14
0.826531,1.01478e-14
0.829446,1.02758e-14
0.832362,1.04033e-14
0.835277,1.053e-14
0.838192,1.06561e-14
0.841108,1.07814e-14
0.844023,1.09058e-14
0.846939,1.10293e-14
0.849854,1.11519e-14
0.85277,1.12734e-14
0.855685,1.13938e-14
0.858601,1.1513e-14
0.861516,1.16311e-14
0.864431,1.17478e-14
0.867347,1.18632e-14
0.870262,1.19772e-14
0.873178,1.20897e-14
0.876093,1.22007e-14
0.879009,1.23101e-14
0.881924,1.24178e-14
0.88484,1.25238e-14
0.887755,1.2628e-14
0.890671,1.27304e-14
0.893586,1.28309e-14
0.896501,1.29294e-14
0.899417,1.30259e-14
0.902332,1.31204e-14
0.905248,1.32127e-14
0.908163,1.33028e-14
0.911079,1.33908e-14
0.913994,1.34764e-14
0.91691,1.35597e-14
0.919825,1.36406e-14
0.922741,1.37191e-14
0.925656,1.37951e-14
0.928571,1.38686e-14
0.931487,1.39395e-14
0.934402,1.40078e-14
0.937318,1.40734e-14
0.940233,1.41364e-14
0.943149,1.41966e-14
0.946064,1.4254e-14
0.94898,1.43086e-14
0.951895,1.43604e-14
0.95481,1.44093e-14
0.957726,1.44553e-14
0.960641,1.44984e-14
0.963557,1.45385e-14
0.966472,1.45756e-14
0.969388,1.46097e-14
0.972303,1.46408e-14
0.975219,1.46688e-14
0.978134,1.46938e-14
0.98105,1.47157e-14
0.983965,1.47345e-14
0.98688,1.47501e-14
0.989796,1.47627e-14
0.992711,1.47721e-14
0.995627,1.47784e-14
0.998542,1.47815e-14
1.00146,1.47815e-14
1.00437,1.47784e-14
1.00729,1.47721e-14
1.0102,1.47627e-14
1.01312,1.47501e-14
1.01603,1.47345e-14
1.01895,1.47157e-14
1.02187,1.46938e-14
1.02478,1.46688e-14
1.0277,1.46408e-14
1.03061,1.46097e-14
1.03353,1.45756e-14
1.03644,1.45385e-14
1.03936,1.44984e-14
1.04227,1.44553e-14
1.04519,1.44093e-14
1.0481,1.43604e-14
1.05102,1.43086e-14
1.05394,1.4254e-14
1.05685,1.41966e-14
1.05977,1.41364e-14
1.06268,1.40734e-14
1.0656,1.40078e-14
1.06851,1.39395e-14
1.07143,1.38686e-14
1.07434,1.37951e-14
1.07726,1.37191e-14
1.08017,1.36406e-14
1.08309,1.35597e-14
1.08601,1.34764e-14
1.08892,1.33908e-14
1.09184,1.33028e-14
1.09475,1.32127e-14
1.09767,1.31204e-14
1.10058,1.30259e-14
1.1035,1.29294e-14
1.10641,1.28309e-14
1.10933,1.27304e-14
1.11224,1.2628e-14
1.11516,1.25238e-14
1.11808,1.24178e-14
1.12099,1.23101e-14
1.12391,1.22007e-14
1.12682,1.20897e-14
1.12974,1.19772e-14
1.13265,1.18632e-14
1.13557,1.17478e-14
1.13848,1.16311e-14
1.1414,1.1513e-14
1.14431,1.13938e-14
1.14723,1.12734e-14
1.15015,1.11519e-14
1.15306,1.10293e-14
1.15598,1.09058e-14
1.15889,1.07814e-14
1.16181,1.06561e-14
1.16472,1.053e-14
1.16764,1.04033e-14
1.17055,1.02758e-14
1.17347,1.01478e-14
1.17638,1.00192e-14
1.1793,9.89021e-15
1.18222,9.76076e-15
1.18513,9.63096e-15
1.18805,9.50087e-15
1.19096,9.37054e-15
1.19388,9.24004e-15
1.19679,9.10942e-15
1.19971,8.97874e-15
1.20262,8.84805e-15
1.20554,8.71741e-15
1.20845,8.58687e-15
1.21137,8.4565e-15
1.21429,8.32633e-15
1.2172,8.19643e-15
1.22012,8.06683e-15
1.22303,7.9376e-15
1.22595,7.80878e-15
1.22886,7.68042e-15
1.23178,7.55256e-15
1.23469,7.42526e-15
1.23761,7.29855e-15
1.24052,7.17247e-15
1.24344,7.04708e-15
1.24636,6.92241e-15
1.24927,6.79849e-15
1.25219,6.67538e-15
1.2551,6.55311e-15
1.25802,6.4317e-15
1.26093,6.31121e-15
1.26385,6.19166e-15
1.26676,6.07308e-15
1.26968,5.9555e-15
1.27259,5.83897e-15
1.27551,5.72349e-15
1.27843,5.60911e-15
1.28134,5.49584e-15
1.28426,5.38372e-15
1.28717,5.27277e-15
1.29009,5.163e-15
1.293,5.05445e-15
1.29592,4.94712e-15
1.29883,4.84105e-15
1.30175,4.73625e-15
1.30466,4.63272e-15
1.30758,4.5305e-15
1.3105,4.4296e-15
1.31341,4.33002e-15
1.31633,4.23178e-15
1.31924,4.13488e-15
1.32216,4.03935e-15
1.32507,3.94519e-15
1.32799,3.85241e-15
1.3309,3.761e-15
1.33382,3.67099e-15
1.33673,3.58237e-15
1.33965,3.49514e-15
1.34257,3.40932e-15
1.34548,3.32489e-15
1.3484,3.24187e-15
1.35131,3.16025e-15
1.35423,3.08003e-15
1.35714,3.00121e-15
1.36006,2.92378e-15
1.36297,2.84775e-15
1.36589,2.7731e-15
1.3688,2.69984e-15
1.37172,2.62795e-15
1.37464,2.55744e-15
1.37755,2.48828e-15
1.38047,2.42049e-15
1.38338,2.35404e-15
1.3863,2.28892e-15
1.38921,2.22514e-15
1.39213,2.16267e-15
1.39504,2.10151e-15
1.39796,2.04165e-15
1.40087,1.98307e-15
1.40379,1.92576e-15
1.40671,1.86971e-15
1.40962,1.81491e-15
1.41254,1.76134e-15
1.41545,1.70898e-15
1.41837,1.65783e-15
1.42128,1.60787e-15
1.4242,1.55909e-15
1.42711,1.51146e-15
1.43003,1.46498e-15
1.43294,1.41962e-15
1.43586,1.37538e-15
1.43878,1.33223e-15
1.44169,1.29016e-15
1.44461,1.24915e-15
1.44752,1.20919e-15
1.45044,1.17027e-15
1.45335,1.13235e-15
1.45627,1.09543e-15
1.45918,1.05948e-15
1.4621,1.0245e-15
1.46501,9.90466e-16
1.46793,9.57357e-16
1.47085,9.25158e-16
1.47376,8.93852e-16
1.47668,8.63422e-16
1.47959,8.3385e-16
1.48251,8.0512e-16
1.48542,7.77215e-16
1.48834,7.50118e-16
1.49125,7.23811e-16
1.49417,6.98279e-16
1.49708,6.73504e-16
1.5,6.49471e-16
1.50292,6.26162e-16
1.50583,6.03561e-16
1.50875,5.81652e-16
1.51166,5.60419e-16
1.51458,5.39847e-16
1.51749,5.19919e-16
1.52041,5.00621e-16
1.52332,4.81937e-16
1.52624,4.63851e-16
1.52915,4.46349e-16
1.53207,4.29416e-16
1.53499,4.13038e-16
1.5379,3.972e-16
1.54082,3.81889e-16
1.54373,3.67089e-16
1.54665,3.52788e-16
1.54956,3.38972e-16
1.55248,3.25628e-16
1.55539,3.12743e-16
1.55831,3.00304e-16
1.56122,2.88298e-16
1.56414,2.76714e-16
1.56706,2.65539e-16
1.56997,2.5476e-16
1.57289,2.44368e-16
1.5758,2.34349e-16
1.57872,2.24694e-16
1.58163,2.1539e-16
1.58455,2.06428e-16
1.58746,1.97797e-16
1.59038,1.89486e-16
1.59329,1.81486e-16
1.59621,1.73787e-16
1.59913,1.66379e-16
1.60204,1.59253e-16
1.60496,1.524e-16
1.60787,1.4581e-16
1.61079,1.39476e-16
1.6137,1.33389e-16
1.61662,1.27541e-16
1.61953,1.21922e-16
1.62245,1.16527e-16
1.62536,1.11347e-16
1.62828,1.06374e-16
1.6312,1.01602e-16
1.63411,9.70233e-17
1.63703,9.26313e-17
1.63994,8.84193e-17
1.64286,8.43809e-17
1.64577,8.05099e-17
1.64869,7.68001e-17
1.6516,7.32456e-17
1.65452,6.98409e-17
1.65743,6.65802e-17
1.66035,6.34583e-17
1.66327,6.047e-17
1.66618,5.76101e-17
1.6691,5.48738e-17
1.67201,5.22564e-17
1.67493,4.97532e-17
1.67784,4.73599e-17
1.68076,4.50721e-17
1.68367,4.28858e-17
1.68659,4.07968e-17
1.6895,3.88013e-17
1.69242,3.68956e-17
1.69534,3.5076e-17
1.69825,3.33391e-17
1.70117,3.16815e-17
1.70408,3.00999e-17
1.707,2.85911e-17
1.70991,2.71523e-17
1.71283,2.57803e-17
1.71574,2.44725e-17
1.71866,2.32261e-17
1.72157,2.20384e-17
1.72449,2.09071e-17
1.72741,1.98296e-17
1.73032,1.88037e-17
1.73324,1.78271e-17
1.73615,1.68975e-17
1.73907,1.60131e-17
1.74198,1.51717e-17
1.7449,1.43715e-17
1.74781,1.36106e-17
1.75073,1.28872e-17
1.75364,1.21997e-17
1.75656,1.15464e-17
1.75948,1.09258e-17
1.76239,1.03363e-17
1.76531,9.77658e-18
1.76822,9.24519e-18
1.77114,8.74082e-18
1.77405,8.26221e-18
1.77697,7.80815e-18
1.77988,7.37748e-18
1.7828,6.96908e-18
1.78571,6.58188e-18
1.78863,6.21488e-18
1.79155,5.8671e-18
1.79446,5.5376e-18
1.79738,5.2255e-18
1.80029,4.92993e-18
1.80321,4.6501e-18
1.80612,4.38522e-18
1.80904,4.13455e-18
1.81195,3.89738e-18
1.81487,3.67303e-18
1.81778,3.46087e-18
1.8207,3.26026e-18
1.82362,3.07063e-18
1.82653,2.89142e-18
1.82945,2.72208e-18
1.83236,2.56212e-18
1.83528,2.41105e-18
1.83819,2.2684e-18
1.84111,2.13374e-18
1.84402,2.00665e-18
1.84694,1.88672e-18
1.84985,1.77359e-18
1.85277,1.66688e-18
1.85569,1.56627e-18
1.8586,1.47141e-18
1.86152,1.382e-18
1.86443,1.29775e-18
1.86735,1.21838e-18
1.87026,1.14362e-18
1.87318,1.07322e-18
1.87609,1.00694e-18
1.87901,9.4455e-19
1.88192,8.85838e-19
1.88484,8.306e-19
1.88776,7.7864e-19
1.89067,7.29776e-19
1.89359,6.83833e-19
1.8965,6.40646e-19
1.89942,6.00059e-19
1.90233,5.61924e-19
1.90525,5.26101e-19
1.90816,4.92457e-19
1.91108,4.60866e-19
1.91399,4.3121e-19
1.91691,4.03377e-19
1.91983,3.77261e-19
1.92274,3.5276e-19
1.92566,3.2978e-19
1.92857,3.08232e-19
1.93149,2.8803e-19
1.9344,2.69096e-19
1.93732,2.51352e-19
1.94023,2.34729e-19
1.94315,2.19158e-19
1.94606,2.04577e-19
1.94898,1.90926e-19
1.9519,1.78147e-19
1.95481,1.66189e-19
1.95773,1.55e-19
1.96064,1.44534e-19
1.96356,1.34746e-19
1.96647,1.25594e-19
1.96939,1.17039e-19
1.9723,1.09043e-19
1.97522,1.01572e-19
1.97813,9.4593e-20
1.98105,8.80747e-20
1.98397,8.19881e-20
1.98688,7.63059e-20
1.9898,7.10024e-20
1.99271,6.60535e-20
1.99563,6.14365e-20
1.99854,5.713e-20
