0.00156495,5.72831e-20
0.00469484,6.19302e-20
0.00782473,6.69379e-20
0.0109546,7.23329e-20
0.0140845,7.81434e-20
0.0172144,8.44001e-20
0.0203443,9.11354e-20
0.0234742,9.83841e-20
0.0266041,1.06183e-19
0.029734,1.14573e-19
0.0328638,1.23595e-19
0.0359937,1.33295e-19
0.0391236,1.43721e-19
0.0422535,1.54924e-19
0.0453834,1.6696e-19
0.0485133,1.79887e-19
0.0516432,1.93767e-19
0.0547731,2.08667e-19
0.057903,2.24658e-19
0.0610329,2.41815e-19
0.0641628,2.60218e-19
0.0672926,2.79954e-19
0.0704225,3.01113e-19
0.0735524,3.23791e-19
0.0766823,3.48093e-19
0.0798122,3.74126e-19
0.0829421,4.02008e-19
0.086072,4.31863e-19
0.0892019,4.63821e-19
0.0923318,4.98021e-19
0.0954617,5.34613e-19
0.0985915,5.73752e-19
0.101721,6.15607e-19
0.104851,6.60352e-19
0.107981,7.08177e-19
0.111111,7.59279e-19
0.114241,8.1387e-19
0.117371,8.72172e-19
0.120501,9.34421e-19
0.123631,1.00087e-18
0.126761,1.07178e-18
0.12989,1.14743e-18
0.13302,1.22812e-18
0.13615,1.31417e-18
0.13928,1.40589e-18
0.14241,1.50366e-18
0.14554,1.60782e-18
0.14867,1.71879e-18
0.1518,1.83696e-18
0.15493,1.96277e-18
0.158059,2.09669e-18
0.161189,2.2392e-18
0.164319,2.3908e-18
0.167449,2.55205e-18
0.170579,2.7235e-18
0.173709,2.90576e-18
0.176839,3.09946e-18
0.179969,3.30526e-18
0.183099,3.52387e-18
0.186228,3.75601e-18
0.189358,4.00246e-18
0.192488,4.26404e-18
0.195618,4.54161e-18
0.198748,4.83605e-18
0.201878,5.14833e-18
0.205008,5.47943e-18
0.208138,5.83039e-18
0.211268,6.20232e-18
0.214397,6.59635e-18
0.217527,7.0137e-18
0.220657,7.45563e-18
0.223787,7.92346e-18
0.226917,8.41859e-18
0.230047,8.94247e-18
0.233177,9.49662e-18
0.236307,1.00826e-17
0.239437,1.07022e-17
0.242567,1.13571e-17
0.245696,1.2049e-17
0.248826,1.278e-17
0.251956,1.35521e-17
0.255086,1.43672e-17
0.258216,1.52277e-17
0.261346,1.61357e-17
0.264476,1.70937e-17
0.267606,1.81041e-17
0.270736,1.91696e-17
0.273865,2.02928e-17
0.276995,2.14765e-17
0.280125,2.27238e-17
0.283255,2.40375e-17
0.286385,2.54211e-17
0.289515,2.68776e-17
0.292645,2.84107e-17
0.295775,3.00238e-17
0.298905,3.17208e-17
0.302034,3.35055e-17
0.305164,3.53819e-17
0.308294,3.73542e-17
0.311424,3.94269e-17
0.314554,4.16044e-17
0.317684,4.38913e-17
0.320814,4.62927e-17
0.323944,4.88134e-17
0.327074,5.14589e-17
0.330203,5.42344e-17
0.333333,5.71456e-17
0.336463,6.01983e-17
0.339593,6.33986e-17
0.342723,6.67527e-17
0.345853,7.0267e-17
0.348983,7.39482e-17
0.352113,7.78032e-17
0.355243,8.18392e-17
0.358372,8.60634e-17
0.361502,9.04835e-17
0.364632,9.51073e-17
0.367762,9.99429e-17
0.370892,1.04999e-16
0.374022,1.10283e-16
0.377152,1.15805e-16
0.380282,1.21574e-16
0.383412,1.27599e-16
0.386541,1.3389e-16
0.389671,1.40456e-16
0.392801,1.47308e-16
0.395931,1.54457e-16
0.399061,1.61913e-16
0.402191,1.69688e-16
0.405321,1.77792e-16
0.408451,1.86238e-16
0.411581,1.95037e-16
0.41471,2.04202e-16
0.41784,2.13745e-16
0.42097,2.2368e-16
0.4241,2.34018e-16
0.42723,2.44775e-16
0.43036,2.55964e-16
0.43349,2.67598e-16
0.43662,2.79693e-16
0.43975,2.92262e-16
0.442879,3.05322e-16
0.446009,3.18887e-16
0.449139,3.32974e-16
0.452269,3.47597e-16
0.455399,3.62774e-16
0.458529,3.78521e-16
0.461659,3.94855e-16
0.464789,4.11792e-16
0.467919,4.29351e-16
0.471049,4.47549e-16
0.474178,4.66405e-16
0.477308,4.85935e-16
0.480438,5.06159e-16
0.483568,5.27096e-16
0.486698,5.48765e-16
0.489828,5.71185e-16
0.492958,5.94375e-16
0.496088,6.18354e-16
0.499218,6.43144e-16
0.502347,6.68764e-16
0.505477,6.95234e-16
0.508607,7.22575e-16
0.511737,7.50808e-16
0.514867,7.79952e-16
0.517997,8.10029e-16
0.521127,8.4106e-16
0.524257,8.73066e-16
0.527387,9.06068e-16
0.530516,9.40087e-16
0.533646,9.75145e-16
0.536776,1.01126e-15
0.539906,1.04846e-15
0.543036,1.08676e-15
0.546166,1.12618e-15
0.549296,1.16675e-15
0.552426,1.20849e-15
0.555556,1.2514e-15
0.558685,1.29553e-15
0.561815,1.34089e-15
0.564945,1.38749e-15
0.568075,1.43536e-15
0.571205,1.48452e-15
0.574335,1.53498e-15
0.577465,1.58677e-15
0.580595,1.63991e-15
0.583725,1.69441e-15
0.586854,1.7503e-15
0.589984,1.80759e-15
0.593114,1.86629e-15
0.596244,1.92643e-15
0.599374,1.98802e-15
0.602504,2.05107e-15
0.605634,2.11561e-15
0.608764,2.18165e-15
0.611894,2.24919e-15
0.615023,2.31826e-15
0.618153,2.38886e-15
0.621283,2.46101e-15
0.624413,2.53472e-15
0.627543,2.61e-15
0.630673,2.68686e-15
0.633803,2.7653e-15
0.636933,2.84533e-15
0.640063,2.92696e-15
0.643192,3.0102e-15
0.646322,3.09505e-15
0.649452,3.18151e-15
0.652582,3.26958e-15
0.655712,3.35927e-15
0.658842,3.45058e-15
0.661972,3.5435e-15
0.665102,3.63803e-15
0.668232,3.73416e-15
0.671362,3.8319e-15
0.674491,3.93124e-15
0.677621,4.03216e-15
0.680751,4.13466e-15
0.683881,4.23873e-15
0.687011,4.34435e-15
0.690141,4.45151e-15
0.693271,4.5602e-15
0.696401,4.6704e-15
0.699531,4.78209e-15
0.70266,4.89526e-15
0.70579,5.00987e-15
0.70892,5.12592e-15
0.71205,5.24336e-15
0.71518,5.36219e-15
0.71831,5.48236e-15
0.72144,5.60386e-15
0.72457,5.72664e-15
0.7277,5.85068e-15
0.730829,5.97595e-15
0.733959,6.1024e-15
0.737089,6.23e-15
0.740219,6.35871e-15
0.743349,6.4885e-15
0.746479,6.61931e-15
0.749609,6.7511e-15
0.752739,6.88383e-15
0.755869,7.01745e-15
0.758998,7.15192e-15
0.762128,7.28717e-15
0.765258,7.42317e-15
0.768388,7.55985e-15
0.771518,7.69717e-15
0.774648,7.83505e-15
0.777778,7.97346e-15
0.780908,8.11232e-15
0.784038,8.25158e-15
0.787167,8.39118e-15
0.790297,8.53105e-15
0.793427,8.67113e-15
0.796557,8.81134e-15
0.799687,8.95164e-15
0.802817,9.09194e-15
0.805947,9.23217e-15
0.809077,9.37228e-15
0.812207,9.51218e-15
0.815336,9.6518e-15
0.818466,9.79108e-15
0.821596,9.92993e-15
0.824726,1.00683e-14
0.827856,1.02061e-14
0.830986,1.03432e-14
0.834116,1.04796e-14
0.837246,1.06152e-14
0.840376,1.075e-14
0.843505,1.08837e-14
0.846635,1.10165e-14
0.849765,1.11481e-14
0.852895,1.12786e-14
0.856025,1.14077e-14
0.859155,1.15356e-14
0.862285,1.1662e-14
0.865415,1.17869e-14
0.868545,1.19102e-14
0.871674,1.20319e-14
0.874804,1.21518e-14
0.877934,1.22699e-14
0.881064,1.23862e-14
0.884194,1.25005e-14
0.887324,1.26127e-14
0.890454,1.27228e-14
0.893584,1.28308e-14
0.896714,1.29365e-14
0.899844,1.30399e-14
0.902973,1.31408e-14
0.906103,1.32394e-14
0.909233,1.33354e-14
0.912363,1.34288e-14
0.915493,1.35195e-14
0.918623,1.36075e-14
0.921753,1.36928e-14
0.924883,1.37752e-14
0.928013,1.38547e-14
0.931142,1.39313e-14
0.934272,1.40048e-14
0.937402,1.40753e-14
0.940532,1.41427e-14
0.943662,1.42069e-14
0.946792,1.42679e-14
0.949922,1.43257e-14
0.953052,1.43802e-14
0.956182,1.44313e-14
0.959311,1.44791e-14
0.962441,1.45235e-14
0.965571,1.45645e-14
0.968701,1.4602e-14
0.971831,1.4636e-14
0.974961,1.46665e-14
0.978091,1.46935e-14
0.981221,1.47169e-14
0.984351,1.47367e-14
0.98748,1.4753e-14
0.99061,1.47656e-14
0.99374,1.47746e-14
0.99687,1.47801e-14
1,1.47819e-14
1.00313,1.47801e-14
1.00626,1.47746e-14
1.00939,1.47656e-14
1.01252,1.4753e-14
1.01565,1.47367e-14
1.01878,1.47169e-14
1.02191,1.46935e-14
1.02504,1.46665e-14
1.02817,1.4636e-14
1.0313,1.4602e-14
1.03443,1.45645e-14
1.03756,1.45235e-14
1.04069,1.44791e-14
1.04382,1.44313e-14
1.04695,1.43802e-14
1.05008,1.43257e-14
1.05321,1.42679e-14
1.05634,1.42069e-14
1.05947,1.41427e-14
1.0626,1.40753e-14
1.06573,1.40048e-14
1.06886,1.39313e-14
1.07199,1.38547e-14
1.07512,1.37752e-14
1.07825,1.36928e-14
1.08138,1.36075e-14
1.08451,1.35195e-14
1.08764,1.34288e-14
1.09077,1.33354e-14
1.0939,1.32394e-14
1.09703,1.31408e-14
1.10016,1.30399e-14
1.10329,1.29365e-14
1.10642,1.28308e-14
1.10955,1.27228e-14
1.11268,1.26127e-14
1.11581,1.25005e-14
1.11894,1.23862e-14
1.12207,1.22699e-14
1.1252,1.21518e-14
1.12833,1.20319e-14
1.13146,1.19102e-14
1.13459,1.17869e-14
1.13772,1.1662e-14
1.14085,1.15356e-14
1.14397,1.14077e-14
1.1471,1.12786e-14
1.15023,1.11481e-14
1.15336,1.10165e-14
1.15649,1.08837e-14
1.15962,1.075e-14
1.16275,1.06152e-14
1.16588,1.04796e-14
1.16901,1.03432e-14
1.17214,1.02061e-14
1.17527,1.00683e-14
1.1784,9.92993e-15
1.18153,9.79108e-15
1.18466,9.6518e-15
1.18779,9.51218e-15
1.19092,9.37228e-15
1.19405,9.23217e-15
1.19718,9.09194e-15
1.20031,8.95164e-15
1.20344,8.81134e-15
1.20657,8.67113e-15
1.2097,8.53105e-15
1.21283,8.39118e-15
1.21596,8.25158e-15
1.21909,8.11232e-15
1.22222,7.97346e-15
1.22535,7.83505e-15
1.22848,7.69717e-15
1.23161,7.55985e-15
1.23474,7.42317e-15
1.23787,7.28717e-15
1.241,7.15192e-15
1.24413,7.01745e-15
1.24726,6.88383e-15
1.25039,6.7511e-15
1.25352,6.61931e-15
1.25665,6.4885e-15
1.25978,6.35871e-15
1.26291,6.23e-15
1.26604,6.1024e-15
1.26917,5.97595e-15
1.2723,5.85068e-15
1.27543,5.72664e-15
1.27856,5.60386e-15
1.28169,5.48236e-15
1.28482,5.36219e-15
1.28795,5.24336e-15
1.29108,5.12592e-15
1.29421,5.00987e-15
1.29734,4.89526e-15
1.30047,4.78209e-15
1.3036,4.6704e-15
1.30673,4.5602e-15
1.30986,4.45151e-15
1.31299,4.34435e-15
1.31612,4.23873e-15
1.31925,4.13466e-15
1.32238,4.03216e-15
1.32551,3.93124e-15
1.32864,3.8319e-15
1.33177,3.73416e-15
1.3349,3.63803e-15
1.33803,3.5435e-15
1.34116,3.45058e-15
1.34429,3.35927e-15
1.34742,3.26958e-15
1.35055,3.18151e-15
1.35368,3.09505e-15
1.35681,3.0102e-15
1.35994,2.92696e-15
1.36307,2.84533e-15
1.3662,2.7653e-15
1.36933,2.68686e-15
1.37246,2.61e-15
1.37559,2.53472e-15
1.37872,2.46101e-15
1.38185,2.38886e-15
1.38498,2.31826e-15
1.38811,2.24919e-15
1.39124,2.18165e-15
1.39437,2.11561e-15
1.3975,2.05107e-15
1.40063,1.98802e-15
1.40376,1.92643e-15
1.40689,1.86629e-15
1.41002,1.80759e-15
1.41315,1.7503e-15
1.41628,1.69441e-15
1.41941,1.63991e-15
1.42254,1.58677e-15
1.42567,1.53498e-15
1.42879,1.48452e-15
1.43192,1.43536e-15
1.43505,1.38749e-15
1.43818,1.34089e-15
1.44131,1.29553e-15
1.44444,1.2514e-15
1.44757,1.20849e-15
1.4507,1.16675e-15
1.45383,1.12618e-15
1.45696,1.08676e-15
1.46009,1.04846e-15
1.46322,1.01126e-15
1.46635,9.75145e-16
1.46948,9.40087e-16
1.47261,9.06068e-16
1.47574,8.73066e-16
1.47887,8.4106e-16
1.482,8.10029e-16
1.48513,7.79952e-16
1.48826,7.50808e-16
1.49139,7.22575e-16
1.49452,6.95234e-16
1.49765,6.68764e-16
1.50078,6.43144e-16
1.50391,6.18354e-16
1.50704,5.94375e-16
1.51017,5.71185e-16
1.5133,5.48765e-16
1.51643,5.27096e-16
1.51956,5.06159e-16
1.52269,4.85935e-16
1.52582,4.66405e-16
1.52895,4.47549e-16
1.53208,4.29351e-16
1.53521,4.11792e-16
1.53834,3.94855e-16
1.54147,3.78521e-16
1.5446,3.62774e-16
1.54773,3.47597e-16
1.55086,3.32974e-16
1.55399,3.18887e-16
1.55712,3.05322e-16
1.56025,2.92262e-16
1.56338,2.79693e-16
1.56651,2.67598e-16
1.56964,2.55964e-16
1.57277,2.44775e-16
1.5759,2.34018e-16
1.57903,2.2368e-16
1.58216,2.13745e-16
1.58529,2.04202e-16
1.58842,1.95037e-16
1.59155,1.86238e-16
1.59468,1.77792e-16
1.59781,1.69688e-16
1.60094,1.61913e-16
1.60407,1.54457e-16
1.6072,1.47308e-16
1.61033,1.40456e-16
1.61346,1.3389e-16
1.61659,1.27599e-16
1.61972,1.21574e-16
1.62285,1.15805e-16
1.62598,1.10283e-16
1.62911,1.04999e-16
1.63224,9.99429e-17
1.63537,9.51073e-17
1.6385,9.04835e-17
1.64163,8.60634e-17
1.64476,8.18392e-17
1.64789,7.78032e-17
1.65102,7.39482e-17
1.65415,7.0267e-17
1.65728,6.67527e-17
1.66041,6.33986e-17
1.66354,6.01983e-17
1.66667,5.71456e-17
1.6698,5.42344e-17
1.67293,5.14589e-17
1.67606,4.88134e-17
1.67919,4.62927e-17
1.68232,4.38913e-17
1.68545,4.16044e-17
1.68858,3.94269e-17
1.69171,3.73542e-17
1.69484,3.53819e-17
1.69797,3.35055e-17
1.7011,3.17208e-17
1.70423,3.00238e-17
1.70736,2.84107e-17
1.71049,2.68776e-17
1.71362,2.54211e-17
1.71674,2.40375e-17
1.71987,2.27238e-17
1.723,2.14765e-17
1.72613,2.02928e-17
1.72926,1.91696e-17
1.73239,1.81041e-17
1.73552,1.70937e-17
1.73865,1.61357e-17
1.74178,1.52277e-17
1.74491,1.43672e-17
1.74804,1.35521e-17
1.75117,1.278e-17
1.7543,1.2049e-17
1.75743,1.13571e-17
1.76056,1.07022e-17
1.76369,1.00826e-17
1.76682,9.49662e-18
1.76995,8.94247e-18
1.77308,8.41859e-18
1.77621,7.92346e-18
1.77934,7.45563e-18
1.78247,7.0137e-18
1.7856,6.59635e-18
1.78873,6.20232e-18
1.79186,5.83039e-18
1.79499,5.47943e-18
1.79812,5.14833e-18
1.80125,4.83605e-18
1.80438,4.54161e-18
1.80751,4.26404e-18
1.81064,4.00246e-18
1.81377,3.75601e-18
1.8169,3.52387e-18
1.82003,3.30526e-18
1.82316,3.09946e-18
1.82629,2.90576e-18
1.82942,2.7235e-18
1.83255,2.55205e-18
1.83568,2.3908e-18
1.83881,2.2392e-18
1.84194,2.09669e-18
1.84507,1.96277e-18
1.8482,1.83696e-18
1.85133,1.71879e-18
1.85446,1.60782e-18
1.85759,1.50366e-18
1.86072,1.40589e-18
1.86385,1.31417e-18
1.86698,1.22812e-18
1.87011,1.14743e-18
1.87324,1.07178e-18
1.87637,1.00087e-18
1.8795,9.34421e-19
1.88263,8.72172e-19
1.88576,8.1387e-19
1.88889,7.59279e-19
1.89202,7.08177e-19
1.89515,6.60352e-19
1.89828,6.15607e-19
1.90141,5.73752e-19
1.90454,5.34613e-19
1.90767,4.98021e-19
1.9108,4.63821e-19
1.91393,4.31863e-19
1.91706,4.02008e-19
1.92019,3.74126e-19
1.92332,3.48093e-19
1.92645,3.23791e-19
1.92958,3.01113e-19
1.93271,2.79954e-19
1.93584,2.60218e-19
1.93897,2.41815e-19
1.9421,2.24658e-19
1.94523,2.08667e-19
1.94836,1.93767e-19
1.95149,1.79887e-19
1.95462,1.6696e-19
1.95775,1.54924e-19
1.96088,1.43721e-19
1.96401,1.33295e-19
1.96714,1.23595e-19
1.97027,1.14573e-19
1.9734,1.06183e-19
1.97653,9.83841e-20
1.97966,9.11354e-20
1.98279,8.44001e-20
1.98592,7.81434e-20
1.98905,7.23329e-20
1.99218,6.69379e-20
1.99531,6.19302e-20
1.99844,5.72831e-20
