0.00117509,5.67283e-20
0.00352526,6.01529e-20
0.00587544,6.37754e-20
0.00822562,6.76067e-20
0.0105758,7.16584e-20
0.012926,7.59423e-20
0.0152761,8.04712e-20
0.0176263,8.52585e-20
0.0199765,9.0318e-20
0.0223267,9.56647e-20
0.0246769,1.01314e-19
0.027027,1.07282e-19
0.0293772,1.13585e-19
0.0317274,1.20243e-19
0.0340776,1.27273e-19
0.0364277,1.34696e-19
0.0387779,1.42532e-19
0.0411281,1.50803e-19
0.0434783,1.59531e-19
0.0458284,1.68742e-19
0.0481786,1.7846e-19
0.0505288,1.88711e-19
0.052879,1.99524e-19
0.0552291,2.10927e-19
0.0575793,2.22951e-19
0.0599295,2.35628e-19
0.0622797,2.48992e-19
0.0646298,2.63077e-19
0.06698,2.7792e-19
0.0693302,2.93561e-19
0.0716804,3.10038e-19
0.0740306,3.27396e-19
0.0763807,3.45677e-19
0.0787309,3.64929e-19
0.0810811,3.852e-19
0.0834313,4.06541e-19
0.0857814,4.29005e-19
0.0881316,4.52647e-19
0.0904818,4.77527e-19
0.092832,5.03705e-19
0.0951821,5.31244e-19
0.0975323,5.60211e-19
0.0998825,5.90677e-19
0.102233,6.22713e-19
0.104583,6.56396e-19
0.106933,6.91806e-19
0.109283,7.29025e-19
0.111633,7.6814e-19
0.113984,8.09242e-19
0.116334,8.52426e-19
0.118684,8.97791e-19
0.121034,9.45439e-19
0.123384,9.95478e-19
0.125734,1.04802e-18
0.128085,1.10319e-18
0.130435,1.16109e-18
0.132785,1.22187e-18
0.135135,1.28565e-18
0.137485,1.35258e-18
0.139835,1.42279e-18
0.142186,1.49644e-18
0.144536,1.57369e-18
0.146886,1.65469e-18
0.149236,1.73962e-18
0.151586,1.82867e-18
0.153937,1.922e-18
0.156287,2.01982e-18
0.158637,2.12232e-18
0.160987,2.22972e-18
0.163337,2.34222e-18
0.165687,2.46007e-18
0.168038,2.58349e-18
0.170388,2.71272e-18
0.172738,2.84803e-18
0.175088,2.98967e-18
0.177438,3.13792e-18
0.179788,3.29307e-18
0.182139,3.45542e-18
0.184489,3.62526e-18
0.186839,3.80293e-18
0.189189,3.98876e-18
0.191539,4.18309e-18
0.19389,4.38628e-18
0.19624,4.59871e-18
0.19859,4.82076e-18
0.20094,5.05283e-18
0.20329,5.29534e-18
0.20564,5.54873e-18
0.207991,5.81343e-18
0.210341,6.08993e-18
0.212691,6.37869e-18
0.215041,6.68023e-18
0.217391,6.99505e-18
0.219741,7.3237e-18
0.222092,7.66673e-18
0.224442,8.02472e-18
0.226792,8.39827e-18
0.229142,8.78799e-18
0.231492,9.19452e-18
0.233843,9.61854e-18
0.236193,1.00607e-17
0.238543,1.05218e-17
0.240893,1.10024e-17
0.243243,1.15035e-17
0.245593,1.20256e-17
0.247944,1.25698e-17
0.250294,1.31368e-17
0.252644,1.37274e-17
0.254994,1.43426e-17
0.257344,1.49833e-17
0.259694,1.56505e-17
0.262045,1.63452e-17
0.264395,1.70683e-17
0.266745,1.78209e-17
0.269095,1.86041e-17
0.271445,1.94191e-17
0.273796,2.0267e-17
0.276146,2.1149e-17
0.278496,2.20664e-17
0.280846,2.30203e-17
0.283196,2.40122e-17
0.285546,2.50434e-17
0.287897,2.61152e-17
0.290247,2.72291e-17
0.292597,2.83867e-17
0.294947,2.95893e-17
0.297297,3.08387e-17
0.299647,3.21363e-17
0.301998,3.3484e-17
0.304348,3.48833e-17
0.306698,3.63361e-17
0.309048,3.78442e-17
0.311398,3.94094e-17
0.313749,4.10337e-17
0.316099,4.27191e-17
0.318449,4.44675e-17
0.320799,4.62811e-17
0.323149,4.8162e-17
0.325499,5.01125e-17
0.32785,5.21347e-17
0.3302,5.4231e-17
0.33255,5.64039e-17
0.3349,5.86557e-17
0.33725,6.0989e-17
0.3396,6.34063e-17
0.341951,6.59104e-17
0.344301,6.85039e-17
0.346651,7.11896e-17
0.349001,7.39704e-17
0.351351,7.68491e-17
0.353702,7.9829e-17
0.356052,8.29129e-17
0.358402,8.6104e-17
0.360752,8.94056e-17
0.363102,9.2821e-17
0.365452,9.63536e-17
0.367803,1.00007e-16
0.370153,1.03784e-16
0.372503,1.07689e-16
0.374853,1.11726e-16
0.377203,1.15898e-16
0.379553,1.20209e-16
0.381904,1.24664e-16
0.384254,1.29265e-16
0.386604,1.34018e-16
0.388954,1.38927e-16
0.391304,1.43995e-16
0.393655,1.49228e-16
0.396005,1.54629e-16
0.398355,1.60204e-16
0.400705,1.65957e-16
0.403055,1.71893e-16
0.405405,1.78016e-16
0.407756,1.84332e-16
0.410106,1.90846e-16
0.412456,1.97563e-16
0.414806,2.04488e-16
0.417156,2.11626e-16
0.419506,2.18984e-16
0.421857,2.26566e-16
0.424207,2.34378e-16
0.426557,2.42426e-16
0.428907,2.50716e-16
0.431257,2.59253e-16
0.433608,2.68044e-16
0.435958,2.77095e-16
0.438308,2.86412e-16
0.440658,2.96002e-16
0.443008,3.0587e-16
0.445358,3.16023e-16
0.447709,3.26469e-16
0.450059,3.37213e-16
0.452409,3.48263e-16
0.454759,3.59625e-16
0.457109,3.71307e-16
0.459459,3.83315e-16
0.46181,3.95657e-16
0.46416,4.08339e-16
0.46651,4.21371e-16
0.46886,4.34758e-16
0.47121,4.48508e-16
0.473561,4.62629e-16
0.475911,4.77129e-16
0.478261,4.92016e-16
0.480611,5.07297e-16
0.482961,5.2298e-16
0.485311,5.39074e-16
0.487662,5.55587e-16
0.490012,5.72526e-16
0.492362,5.899e-16
0.494712,6.07717e-16
0.497062,6.25986e-16
0.499412,6.44715e-16
0.501763,6.63913e-16
0.504113,6.83589e-16
0.506463,7.0375e-16
0.508813,7.24406e-16
0.511163,7.45565e-16
0.513514,7.67236e-16
0.515864,7.89428e-16
0.518214,8.12149e-16
0.520564,8.3541e-16
0.522914,8.59218e-16
0.525264,8.83582e-16
0.527615,9.08512e-16
0.529965,9.34016e-16
0.532315,9.60104e-16
0.534665,9.86783e-16
0.537015,1.01406e-15
0.539365,1.04196e-15
0.541716,1.07047e-15
0.544066,1.09961e-15
0.546416,1.12938e-15
0.548766,1.15981e-15
0.551116,1.19088e-15
0.553467,1.22263e-15
0.555817,1.25504e-15
0.558167,1.28814e-15
0.560517,1.32192e-15
0.562867,1.35641e-15
0.565217,1.3916e-15
0.567568,1.42751e-15
0.569918,1.46414e-15
0.572268,1.50151e-15
0.574618,1.53961e-15
0.576968,1.57847e-15
0.579318,1.61808e-15
0.581669,1.65846e-15
0.584019,1.69961e-15
0.586369,1.74154e-15
0.588719,1.78426e-15
0.591069,1.82777e-15
0.59342,1.87209e-15
0.59577,1.91722e-15
0.59812,1.96316e-15
0.60047,2.00993e-15
0.60282,2.05753e-15
0.60517,2.10596e-15
0.607521,2.15524e-15
0.609871,2.20536e-15
0.612221,2.25634e-15
0.614571,2.30818e-15
0.616921,2.36088e-15
0.619271,2.41446e-15
0.621622,2.46891e-15
0.623972,2.52423e-15
0.626322,2.58044e-15
0.628672,2.63754e-15
0.631022,2.69553e-15
0.633373,2.75442e-15
0.635723,2.8142e-15
0.638073,2.87488e-15
0.640423,2.93647e-15
0.642773,2.99896e-15
0.645123,3.06236e-15
0.647474,3.12666e-15
0.649824,3.19188e-15
0.652174,3.25801e-15
0.654524,3.32504e-15
0.656874,3.39299e-15
0.659224,3.46185e-15
0.661575,3.53162e-15
0.663925,3.60229e-15
0.666275,3.67388e-15
0.668625,3.74637e-15
0.670975,3.81976e-15
0.673325,3.89405e-15
0.675676,3.96924e-15
0.678026,4.04532e-15
0.680376,4.12229e-15
0.682726,4.20015e-15
0.685076,4.27888e-15
0.687427,4.35849e-15
0.689777,4.43897e-15
0.692127,4.5203e-15
0.694477,4.6025e-15
0.696827,4.68554e-15
0.699177,4.76942e-15
0.701528,4.85413e-15
0.703878,4.93967e-15
0.706228,5.02601e-15
0.708578,5.11317e-15
0.710928,5.20111e-15
0.713278,5.28984e-15
0.715629,5.37933e-15
0.717979,5.46959e-15
0.720329,5.56059e-15
0.722679,5.65233e-15
0.725029,5.74478e-15
0.72738,5.83794e-15
0.72973,5.9318e-15
0.73208,6.02633e-15
0.73443,6.12152e-15
0.73678,6.21735e-15
0.73913,6.31382e-15
0.741481,6.4109e-15
0.743831,6.50857e-15
0.746181,6.60681e-15
0.748531,6.70561e-15
0.750881,6.80495e-15
0.753231,6.90481e-15
0.755582,7.00517e-15
0.757932,7.106e-15
0.760282,7.20729e-15
0.762632,7.30902e-15
0.764982,7.41116e-15
0.767333,7.51368e-15
0.769683,7.61658e-15
0.772033,7.71981e-15
0.774383,7.82337e-15
0.776733,7.92722e-15
0.779083,8.03134e-15
0.781434,8.1357e-15
0.783784,8.24028e-15
0.786134,8.34505e-15
0.788484,8.44999e-15
0.790834,8.55507e-15
0.793184,8.66026e-15
0.795535,8.76553e-15
0.797885,8.87085e-15
0.800235,8.9762e-15
0.802585,9.08155e-15
0.804935,9.18687e-15
0.807286,9.29212e-15
0.809636,9.39728e-15
0.811986,9.50232e-15
0.814336,9.60721e-15
0.816686,9.71191e-15
0.819036,9.8164e-15
0.821387,9.92065e-15
0.823737,1.00246e-14
0.826087,1.01283e-14
0.828437,1.02316e-14
0.830787,1.03345e-14
0.833137,1.04371e-14
0.835488,1.05392e-14
0.837838,1.06408e-14
0.840188,1.07419e-14
0.842538,1.08425e-14
0.844888,1.09425e-14
0.847239,1.1042e-14
0.849589,1.11407e-14
0.851939,1.12388e-14
0.854289,1.13363e-14
0.856639,1.14329e-14
0.858989,1.15289e-14
0.86134,1.1624e-14
0.86369,1.17182e-14
0.86604,1.18116e-14
0.86839,1.19042e-14
0.87074,1.19957e-14
0.87309,1.20864e-14
0.875441,1.2176e-14
0.877791,1.22646e-14
0.880141,1.23521e-14
0.882491,1.24385e-14
0.884841,1.25238e-14
0.887192,1.2608e-14
0.889542,1.2691e-14
0.891892,1.27727e-14
0.894242,1.28532e-14
0.896592,1.29324e-14
0.898942,1.30103e-14
0.901293,1.30869e-14
0.903643,1.31621e-14
0.905993,1.32359e-14
0.908343,1.33083e-14
0.910693,1.33793e-14
0.913043,1.34487e-14
0.915394,1.35167e-14
0.917744,1.35831e-14
0.920094,1.3648e-14
0.922444,1.37112e-14
0.924794,1.37729e-14
0.927145,1.3833e-14
0.929495,1.38913e-14
0.931845,1.3948e-14
0.934195,1.4003e-14
0.936545,1.40563e-14
0.938895,1.41078e-14
0.941246,1.41576e-14
0.943596,1.42056e-14
0.945946,1.42517e-14
0.948296,1.42961e-14
0.950646,1.43386e-14
0.952996,1.43792e-14
0.955347,1.4418e-14
0.957697,1.44549e-14
0.960047,1.44899e-14
0.962397,1.45229e-14
0.964747,1.4554e-14
0.967098,1.45832e-14
0.969448,1.46104e-14
0.971798,1.46357e-14
0.974148,1.46589e-14
0.976498,1.46802e-14
0.978848,1.46995e-14
0.981199,1.47167e-14
0.983549,1.4732e-14
0.985899,1.47452e-14
0.988249,1.47564e-14
0.990599,1.47656e-14
0.992949,1.47727e-14
0.9953,1.47778e-14
0.99765,1.47809e-14
1,1.47819e-14
1.00235,1.47809e-14
1.0047,1.47778e-14
1.00705,1.47727e-14
1.0094,1.47656e-14
1.01175,1.47564e-14
1.0141,1.47452e-14
1.01645,1.4732e-14
1.0188,1.47167e-14
1.02115,1.46995e-14
1.0235,1.46802e-14
1.02585,1.46589e-14
1.0282,1.46357e-14
1.03055,1.46104e-14
1.0329,1.45832e-14
1.03525,1.4554e-14
1.0376,1.45229e-14
1.03995,1.44899e-14
1.0423,1.44549e-14
1.04465,1.4418e-14
1.047,1.43792e-14
1.04935,1.43386e-14
1.0517,1.42961e-14
1.05405,1.42517e-14
1.0564,1.42056e-14
1.05875,1.41576e-14
1.0611,1.41078e-14
1.06345,1.40563e-14
1.0658,1.4003e-14
1.06816,1.3948e-14
1.07051,1.38913e-14
1.07286,1.3833e-14
1.07521,1.37729e-14
1.07756,1.37112e-14
1.07991,1.3648e-14
1.08226,1.35831e-14
1.08461,1.35167e-14
1.08696,1.34487e-14
1.08931,1.33793e-14
1.09166,1.33083e-14
1.09401,1.32359e-14
1.09636,1.31621e-14
1.09871,1.30869e-14
1.10106,1.30103e-14
1.10341,1.29324e-14
1.10576,1.28532e-14
1.10811,1.27727e-14
1.11046,1.2691e-14
1.11281,1.2608e-14
1.11516,1.25238e-14
1.11751,1.24385e-14
1.11986,1.23521e-14
1.12221,1.22646e-14
1.12456,1.2176e-14
1.12691,1.20864e-14
1.12926,1.19957e-14
1.13161,1.19042e-14
1.13396,1.18116e-14
1.13631,1.17182e-14
1.13866,1.1624e-14
1.14101,1.15289e-14
1.14336,1.14329e-14
1.14571,1.13363e-14
1.14806,1.12388e-14
1.15041,1.11407e-14
1.15276,1.1042e-14
1.15511,1.09425e-14
1.15746,1.08425e-14
1.15981,1.07419e-14
1.16216,1.06408e-14
1.16451,1.05392e-14
1.16686,1.04371e-14
1.16921,1.03345e-14
1.17156,1.02316e-14
1.17391,1.01283e-14
1.17626,1.00246e-14
1.17861,9.92065e-15
1.18096,9.8164e-15
1.18331,9.71191e-15
1.18566,9.60721e-15
1.18801,9.50232e-15
1.19036,9.39728e-15
1.19271,9.29212e-15
1.19506,9.18687e-15
1.19741,9.08155e-15
1.19976,8.9762e-15
1.20212,8.87085e-15
1.20447,8.76553e-15
1.20682,8.66026e-15
1.20917,8.55507e-15
1.21152,8.44999e-15
1.21387,8.34505e-15
1.21622,8.24028e-15
1.21857,8.1357e-15
1.22092,8.03134e-15
1.22327,7.92722e-15
1.22562,7.82337e-15
1.22797,7.71981e-15
1.23032,7.61658e-15
1.23267,7.51368e-15
1.23502,7.41116e-15
1.23737,7.30902e-15
1.23972,7.20729e-15
1.24207,7.106e-15
1.24442,7.00517e-15
1.24677,6.90481e-15
1.24912,6.80495e-15
1.25147,6.70561e-15
1.25382,6.60681e-15
1.25617,6.50857e-15
1.25852,6.4109e-15
1.26087,6.31382e-15
1.26322,6.21735e-15
1.26557,6.12152e-15
1.26792,6.02633e-15
1.27027,5.9318e-15
1.27262,5.83794e-15
1.27497,5.74478e-15
1.27732,5.65233e-15
1.27967,5.56059e-15
1.28202,5.46959e-15
1.28437,5.37933e-15
1.28672,5.28984e-15
1.28907,5.20111e-15
1.29142,5.11317e-15
1.29377,5.02601e-15
1.29612,4.93967e-15
1.29847,4.85413e-15
1.30082,4.76942e-15
1.30317,4.68554e-15
1.30552,4.6025e-15
1.30787,4.5203e-15
1.31022,4.43897e-15
1.31257,4.35849e-15
1.31492,4.27888e-15
1.31727,4.20015e-15
1.31962,4.12229e-15
1.32197,4.04532e-15
1.32432,3.96924e-15
1.32667,3.89405e-15
1.32902,3.81976e-15
1.33137,3.74637e-15
1.33373,3.67388e-15
1.33608,3.60229e-15
1.33843,3.53162e-15
1.34078,3.46185e-15
1.34313,3.39299e-15
1.34548,3.32504e-15
1.34783,3.25801e-15
1.35018,3.19188e-15
1.35253,3.12666e-15
1.35488,3.06236e-15
1.35723,2.99896e-15
1.35958,2.93647e-15
1.36193,2.87488e-15
1.36428,2.8142e-15
1.36663,2.75442e-15
1.36898,2.69553e-15
1.37133,2.63754e-15
1.37368,2.58044e-15
1.37603,2.52423e-15
1.37838,2.46891e-15
1.38073,2.41446e-15
1.38308,2.36088e-15
1.38543,2.30818e-15
1.38778,2.25634e-15
1.39013,2.20536e-15
1.39248,2.15524e-15
1.39483,2.10596e-15
1.39718,2.05753e-15
1.39953,2.00993e-15
1.40188,1.96316e-15
1.40423,1.91722e-15
1.40658,1.87209e-15
1.40893,1.82777e-15
1.41128,1.78426e-15
1.41363,1.74154e-15
1.41598,1.69961e-15
1.41833,1.65846e-15
1.42068,1.61808e-15
1.42303,1.57847e-15
1.42538,1.53961e-15
1.42773,1.50151e-15
1.43008,1.46414e-15
1.43243,1.42751e-15
1.43478,1.3916e-15
1.43713,1.35641e-15
1.43948,1.32192e-15
1.44183,1.28814e-15
1.44418,1.25504e-15
1.44653,1.22263e-15
1.44888,1.19088e-15
1.45123,1.15981e-15
1.45358,1.12938e-15
1.45593,1.09961e-15
1.45828,1.07047e-15
1.46063,1.04196e-15
1.46298,1.01406e-15
1.46533,9.86783e-16
1.46769,9.60104e-16
1.47004,9.34016e-16
1.47239,9.08512e-16
1.47474,8.83582e-16
1.47709,8.59218e-16
1.47944,8.3541e-16
1.48179,8.12149e-16
1.48414,7.89428e-16
1.48649,7.67236e-16
1.48884,7.45565e-16
1.49119,7.24406e-16
1.49354,7.0375e-16
1.49589,6.83589e-16
1.49824,6.63913e-16
1.50059,6.44715e-16
1.50294,6.25986e-16
1.50529,6.07717e-16
1.50764,5.899e-16
1.50999,5.72526e-16
1.51234,5.55587e-16
1.51469,5.39074e-16
1.51704,5.2298e-16
1.51939,5.07297e-16
1.52174,4.92016e-16
1.52409,4.77129e-16
1.52644,4.62629e-16
1.52879,4.48508e-16
1.53114,4.34758e-16
1.53349,4.21371e-16
1.53584,4.08339e-16
1.53819,3.95657e-16
1.54054,3.83315e-16
1.54289,3.71307e-16
1.54524,3.59625e-16
1.54759,3.48263e-16
1.54994,3.37213e-16
1.55229,3.26469e-16
1.55464,3.16023e-16
1.55699,3.0587e-16
1.55934,2.96002e-16
1.56169,2.86412e-16
1.56404,2.77095e-16
1.56639,2.68044e-16
1.56874,2.59253e-16
1.57109,2.50716e-16
1.57344,2.42426e-16
1.57579,2.34378e-16
1.57814,2.26566e-16
1.58049,2.18984e-16
1.58284,2.11626e-16
1.58519,2.04488e-16
1.58754,1.97563e-16
1.58989,1.90846e-16
1.59224,1.84332e-16
1.59459,1.78016e-16
1.59694,1.71893e-16
1.59929,1.65957e-16
1.60165,1.60204e-16
1.604,1.54629e-16
1.60635,1.49228e-16
1.6087,1.43995e-16
1.61105,1.38927e-16
1.6134,1.34018e-16
1.61575,1.29265e-16
1.6181,1.24664e-16
1.62045,1.20209e-16
1.6228,1.15898e-16
1.62515,1.11726e-16
1.6275,1.07689e-16
1.62985,1.03784e-16
1.6322,1.00007e-16
1.63455,9.63536e-17
1.6369,9.2821e-17
1.63925,8.94056e-17
1.6416,8.6104e-17
1.64395,8.29129e-17
1.6463,7.9829e-17
1.64865,7.68491e-17
1.651,7.39704e-17
1.65335,7.11896e-17
1.6557,6.85039e-17
1.65805,6.59104e-17
1.6604,6.34063e-17
1.66275,6.0989e-17
1.6651,5.86557e-17
1.66745,5.64039e-17
1.6698,5.4231e-17
1.67215,5.21347e-17
1.6745,5.01125e-17
1.67685,4.8162e-17
1.6792,4.62811e-17
1.68155,4.44675e-17
1.6839,4.27191e-17
1.68625,4.10337e-17
1.6886,3.94094e-17
1.69095,3.78442e-17
1.6933,3.63361e-17
1.69565,3.48833e-17
1.698,3.3484e-17
1.70035,3.21363e-17
1.7027,3.08387e-17
1.70505,2.95893e-17
1.7074,2.83867e-17
1.70975,2.72291e-17
1.7121,2.61152e-17
1.71445,2.50434e-17
1.7168,2.40122e-17
1.71915,2.30203e-17
1.7215,2.20664e-17
1.72385,2.1149e-17
1.7262,2.0267e-17
1.72855,1.94191e-17
1.7309,1.86041e-17
1.73325,1.78209e-17
1.73561,1.70683e-17
1.73796,1.63452e-17
1.74031,1.56505e-17
1.74266,1.49833e-17
1.74501,1.43426e-17
1.74736,1.37274e-17
1.74971,1.31368e-17
1.75206,1.25698e-17
1.75441,1.20256e-17
1.75676,1.15035e-17
1.75911,1.10024e-17
1.76146,1.05218e-17
1.76381,1.00607e-17
1.76616,9.61854e-18
1.76851,9.19452e-18
1.77086,8.78799e-18
1.77321,8.39827e-18
1.77556,8.02472e-18
1.77791,7.66673e-18
1.78026,7.3237e-18
1.78261,6.99505e-18
1.78496,6.68023e-18
1.78731,6.37869e-18
1.78966,6.08993e-18
1.79201,5.81343e-18
1.79436,5.54873e-18
1.79671,5.29534e-18
1.79906,5.05283e-18
1.80141,4.82076e-18
1.80376,4.59871e-18
1.80611,4.38628e-18
1.80846,4.18309e-18
1.81081,3.98876e-18
1.81316,3.80293e-18
1.81551,3.62526e-18
1.81786,3.45542e-18
1.82021,3.29307e-18
1.82256,3.13792e-18
1.82491,2.98967e-18
1.82726,2.84803e-18
1.82961,2.71272e-18
1.83196,2.58349e-18
1.83431,2.46007e-18
1.83666,2.34222e-18
1.83901,2.22972e-18
1.84136,2.12232e-18
1.84371,2.01982e-18
1.84606,1.922e-18
1.84841,1.82867e-18
1.85076,1.73962e-18
1.85311,1.65469e-18
1.85546,1.57369e-18
1.85781,1.49644e-18
1.86016,1.42279e-18
1.86251,1.35258e-18
1.86486,1.28565e-18
1.86722,1.22187e-18
1.86957,1.16109e-18
1.87192,1.10319e-18
1.87427,1.04802e-18
1.87662,9.95478e-19
1.87897,9.45439e-19
1.88132,8.97791e-19
1.88367,8.52426e-19
1.88602,8.09242e-19
1.88837,7.6814e-19
1.89072,7.29025e-19
1.89307,6.91806e-19
1.89542,6.56396e-19
1.89777,6.22713e-19
1.90012,5.90677e-19
1.90247,5.60211e-19
1.90482,5.31244e-19
1.90717,5.03705e-19
1.90952,4.77527e-19
1.91187,4.52647e-19
1.91422,4.29005e-19
1.91657,4.06541e-19
1.91892,3.852e-19
1.92127,3.64929e-19
1.92362,3.45677e-19
1.92597,3.27396e-19
1.92832,3.10038e-19
1.93067,2.93561e-19
1.93302,2.7792e-19
1.93537,2.63077e-19
1.93772,2.48992e-19
1.94007,2.35628e-19
1.94242,2.22951e-19
1.94477,2.10927e-19
1.94712,1.99524e-19
1.94947,1.88711e-19
1.95182,1.7846e-19
1.95417,1.68742e-19
1.95652,1.59531e-19
1.95887,1.50803e-19
1.96122,1.42532e-19
1.96357,1.34696e-19
1.96592,1.27273e-19
1.96827,1.20243e-19
1.97062,1.13585e-19
1.97297,1.07282e-19
1.97532,1.01314e-19
1.97767,9.56647e-20
1.98002,9.0318e-20
1.98237,8.52585e-20
1.98472,8.04712e-20
1.98707,7.59423e-20
1.98942,7.16584e-20
1.99177,6.76067e-20
1.99412,6.37754e-20
1.99647,6.01529e-20
1.99882,5.67283e-20
