0.00154321,5.72521e-20
0.00462963,6.18298e-20
0.00771605,6.67577e-20
0.0108025,7.20612e-20
0.0138889,7.77675e-20
0.0169753,8.39057e-20
0.0200617,9.05068e-20
0.0231481,9.7604e-20
0.0262346,1.05233e-19
0.029321,1.13431e-19
0.0324074,1.22238e-19
0.0354938,1.31698e-19
0.0385802,1.41856e-19
0.0416667,1.52762e-19
0.0447531,1.64466e-19
0.0478395,1.77025e-19
0.0509259,1.90498e-19
0.0540123,2.04948e-19
0.0570988,2.20441e-19
0.0601852,2.37048e-19
0.0632716,2.54847e-19
0.066358,2.73916e-19
0.0694444,2.94342e-19
0.0725309,3.16216e-19
0.0756173,3.39635e-19
0.0787037,3.64701e-19
0.0817901,3.91524e-19
0.0848765,4.20219e-19
0.087963,4.5091e-19
0.0910494,4.83728e-19
0.0941358,5.18811e-19
0.0972222,5.56305e-19
0.100309,5.96367e-19
0.103395,6.39162e-19
0.106481,6.84865e-19
0.109568,7.33661e-19
0.112654,7.85746e-19
0.115741,8.41329e-19
0.118827,9.00629e-19
0.121914,9.63879e-19
0.125,1.03133e-18
0.128086,1.10323e-18
0.131173,1.17986e-18
0.134259,1.26152e-18
0.137346,1.34851e-18
0.140432,1.44116e-18
0.143519,1.5398e-18
0.146605,1.6448e-18
0.149691,1.75654e-18
0.152778,1.87543e-18
0.155864,2.00189e-18
0.158951,2.13637e-18
0.162037,2.27933e-18
0.165123,2.43129e-18
0.16821,2.59276e-18
0.171296,2.76429e-18
0.174383,2.94647e-18
0.177469,3.13991e-18
0.180556,3.34525e-18
0.183642,3.56318e-18
0.186728,3.79439e-18
0.189815,4.03965e-18
0.192901,4.29973e-18
0.195988,4.57547e-18
0.199074,4.86773e-18
0.20216,5.17743e-18
0.205247,5.50552e-18
0.208333,5.85301e-18
0.21142,6.22095e-18
0.214506,6.61044e-18
0.217593,7.02265e-18
0.220679,7.45879e-18
0.223765,7.92012e-18
0.226852,8.40799e-18
0.229938,8.92378e-18
0.233025,9.46896e-18
0.236111,1.0045e-17
0.239198,1.06537e-17
0.242284,1.12964e-17
0.24537,1.19752e-17
0.248457,1.26916e-17
0.251543,1.34478e-17
0.25463,1.42456e-17
0.257716,1.50871e-17
0.260802,1.59745e-17
0.263889,1.69101e-17
0.266975,1.78963e-17
0.270062,1.89354e-17
0.273148,2.00301e-17
0.276235,2.11831e-17
0.279321,2.23971e-17
0.282407,2.3675e-17
0.285494,2.50198e-17
0.28858,2.64348e-17
0.291667,2.79232e-17
0.294753,2.94883e-17
0.29784,3.11337e-17
0.300926,3.28631e-17
0.304012,3.46803e-17
0.307099,3.65893e-17
0.310185,3.85942e-17
0.313272,4.06992e-17
0.316358,4.29089e-17
0.319444,4.52277e-17
0.322531,4.76605e-17
0.325617,5.02122e-17
0.328704,5.28879e-17
0.33179,5.56929e-17
0.334877,5.86327e-17
0.337963,6.1713e-17
0.341049,6.49397e-17
0.344136,6.83188e-17
0.347222,7.18566e-17
0.350309,7.55596e-17
0.353395,7.94346e-17
0.356481,8.34883e-17
0.359568,8.77281e-17
0.362654,9.21612e-17
0.365741,9.67952e-17
0.368827,1.01638e-16
0.371914,1.06698e-16
0.375,1.11983e-16
0.378086,1.17502e-16
0.381173,1.23263e-16
0.384259,1.29276e-16
0.387346,1.3555e-16
0.390432,1.42095e-16
0.393519,1.4892e-16
0.396605,1.56036e-16
0.399691,1.63453e-16
0.402778,1.71182e-16
0.405864,1.79234e-16
0.408951,1.87619e-16
0.412037,1.96351e-16
0.415123,2.05439e-16
0.41821,2.14897e-16
0.421296,2.24737e-16
0.424383,2.34972e-16
0.427469,2.45614e-16
0.430556,2.56678e-16
0.433642,2.68175e-16
0.436728,2.80121e-16
0.439815,2.92529e-16
0.442901,3.05414e-16
0.445988,3.18791e-16
0.449074,3.32675e-16
0.45216,3.4708e-16
0.455247,3.62023e-16
0.458333,3.7752e-16
0.46142,3.93586e-16
0.464506,4.10238e-16
0.467593,4.27493e-16
0.470679,4.45367e-16
0.473765,4.63878e-16
0.476852,4.83044e-16
0.479938,5.02882e-16
0.483025,5.2341e-16
0.486111,5.44646e-16
0.489198,5.66608e-16
0.492284,5.89316e-16
0.49537,6.12788e-16
0.498457,6.37043e-16
0.501543,6.62101e-16
0.50463,6.8798e-16
0.507716,7.14701e-16
0.510802,7.42283e-16
0.513889,7.70745e-16
0.516975,8.00108e-16
0.520062,8.30392e-16
0.523148,8.61618e-16
0.526235,8.93804e-16
0.529321,9.26972e-16
0.532407,9.61142e-16
0.535494,9.96334e-16
0.53858,1.03257e-15
0.541667,1.06987e-15
0.544753,1.10825e-15
0.54784,1.14773e-15
0.550926,1.18834e-15
0.554012,1.23009e-15
0.557099,1.27301e-15
0.560185,1.31711e-15
0.563272,1.36241e-15
0.566358,1.40894e-15
0.569444,1.4567e-15
0.572531,1.50573e-15
0.575617,1.55604e-15
0.578704,1.60764e-15
0.58179,1.66057e-15
0.584877,1.71482e-15
0.587963,1.77043e-15
0.591049,1.8274e-15
0.594136,1.88576e-15
0.597222,1.94552e-15
0.600309,2.00669e-15
0.603395,2.0693e-15
0.606481,2.13335e-15
0.609568,2.19886e-15
0.612654,2.26584e-15
0.615741,2.3343e-15
0.618827,2.40426e-15
0.621914,2.47573e-15
0.625,2.54872e-15
0.628086,2.62323e-15
0.631173,2.69928e-15
0.634259,2.77687e-15
0.637346,2.85601e-15
0.640432,2.93671e-15
0.643519,3.01897e-15
0.646605,3.10279e-15
0.649691,3.18818e-15
0.652778,3.27514e-15
0.655864,3.36368e-15
0.658951,3.45378e-15
0.662037,3.54545e-15
0.665123,3.63869e-15
0.66821,3.73349e-15
0.671296,3.82985e-15
0.674383,3.92776e-15
0.677469,4.02722e-15
0.680556,4.12821e-15
0.683642,4.23072e-15
0.686728,4.33475e-15
0.689815,4.44028e-15
0.692901,4.54729e-15
0.695988,4.65578e-15
0.699074,4.76571e-15
0.70216,4.87709e-15
0.705247,4.98987e-15
0.708333,5.10405e-15
0.71142,5.2196e-15
0.714506,5.33649e-15
0.717593,5.4547e-15
0.720679,5.57421e-15
0.723765,5.69497e-15
0.726852,5.81696e-15
0.729938,5.94016e-15
0.733025,6.06452e-15
0.736111,6.19e-15
0.739198,6.31658e-15
0.742284,6.44422e-15
0.74537,6.57286e-15
0.748457,6.70248e-15
0.751543,6.83303e-15
0.75463,6.96446e-15
0.757716,7.09673e-15
0.760802,7.22978e-15
0.763889,7.36358e-15
0.766975,7.49807e-15
0.770062,7.6332e-15
0.773148,7.76891e-15
0.776235,7.90516e-15
0.779321,8.04187e-15
0.782407,8.17901e-15
0.785494,8.3165e-15
0.78858,8.45429e-15
0.791667,8.59231e-15
0.794753,8.73051e-15
0.79784,8.86882e-15
0.800926,9.00717e-15
0.804012,9.14551e-15
0.807099,9.28376e-15
0.810185,9.42185e-15
0.813272,9.55972e-15
0.816358,9.6973e-15
0.819444,9.83452e-15
0.822531,9.9713e-15
0.825617,1.01076e-14
0.828704,1.02433e-14
0.83179,1.03783e-14
0.834877,1.05127e-14
0.837963,1.06462e-14
0.841049,1.07789e-14
0.844136,1.09106e-14
0.847222,1.10413e-14
0.850309,1.11709e-14
0.853395,1.12993e-14
0.856481,1.14265e-14
0.859568,1.15523e-14
0.862654,1.16768e-14
0.865741,1.17998e-14
0.868827,1.19213e-14
0.871914,1.20411e-14
0.875,1.21592e-14
0.878086,1.22756e-14
0.881173,1.23902e-14
0.884259,1.25028e-14
0.887346,1.26135e-14
0.890432,1.27221e-14
0.893519,1.28286e-14
0.896605,1.29329e-14
0.899691,1.30349e-14
0.902778,1.31346e-14
0.905864,1.32319e-14
0.908951,1.33268e-14
0.912037,1.34192e-14
0.915123,1.35089e-14
0.91821,1.35961e-14
0.921296,1.36805e-14
0.924383,1.37622e-14
0.927469,1.38411e-14
0.930556,1.39171e-14
0.933642,1.39902e-14
0.936728,1.40604e-14
0.939815,1.41275e-14
0.942901,1.41916e-14
0.945988,1.42525e-14
0.949074,1.43104e-14
0.95216,1.4365e-14
0.955247,1.44164e-14
0.958333,1.44646e-14
0.96142,1.45094e-14
0.964506,1.45509e-14
0.967593,1.45891e-14
0.970679,1.46239e-14
0.973765,1.46553e-14
0.976852,1.46832e-14
0.979938,1.47077e-14
0.983025,1.47287e-14
0.986111,1.47463e-14
0.989198,1.47603e-14
0.992284,1.47709e-14
0.99537,1.47779e-14
0.998457,1.47814e-14
1.00154,1.47814e-14
1.00463,1.47779e-14
1.00772,1.47709e-14
1.0108,1.47603e-14
1.01389,1.47463e-14
1.01698,1.47287e-14
1.02006,1.47077e-14
1.02315,1.46832e-14
1.02623,1.46553e-14
1.02932,1.46239e-14
1.03241,1.45891e-14
1.03549,1.45509e-14
1.03858,1.45094e-14
1.04167,1.44646e-14
1.04475,1.44164e-14
1.04784,1.4365e-14
1.05093,1.43104e-14
1.05401,1.42525e-14
1.0571,1.41916e-14
1.06019,1.41275e-14
1.06327,1.40604e-14
1.06636,1.39902e-14
1.06944,1.39171e-14
1.07253,1.38411e-14
1.07562,1.37622e-14
1.0787,1.36805e-14
1.08179,1.35961e-14
1.08488,1.35089e-14
1.08796,1.34192e-14
1.09105,1.33268e-14
1.09414,1.32319e-14
1.09722,1.31346e-14
1.10031,1.30349e-14
1.1034,1.29329e-14
1.10648,1.28286e-14
1.10957,1.27221e-14
1.11265,1.26135e-14
1.11574,1.25028e-14
1.11883,1.23902e-14
1.12191,1.22756e-14
1.125,1.21592e-14
1.12809,1.20411e-14
1.13117,1.19213e-14
1.13426,1.17998e-14
1.13735,1.16768e-14
1.14043,1.15523e-14
1.14352,1.14265e-14
1.1466,1.12993e-14
1.14969,1.11709e-14
1.15278,1.10413e-14
1.15586,1.09106e-14
1.15895,1.07789e-14
1.16204,1.06462e-14
1.16512,1.05127e-14
1.16821,1.03783e-14
1.1713,1.02433e-14
1.17438,1.01076e-14
1.17747,9.9713e-15
1.18056,9.83452e-15
1.18364,9.6973e-15
1.18673,9.55972e-15
1.18981,9.42185e-15
1.1929,9.28376e-15
1.19599,9.14551e-15
1.19907,9.00717e-15
1.20216,8.86882e-15
1.20525,8.73051e-15
1.20833,8.59231e-15
1.21142,8.45429e-15
1.21451,8.3165e-15
1.21759,8.17901e-15
1.22068,8.04187e-15
1.22377,7.90516e-15
1.22685,7.76891e-15
1.22994,7.6332e-15
1.23302,7.49807e-15
1.23611,7.36358e-15
1.2392,7.22978e-15
1.24228,7.09673e-15
1.24537,6.96446e-15
1.24846,6.83303e-15
1.25154,6.70248e-15
1.25463,6.57286e-15
1.25772,6.44422e-15
1.2608,6.31658e-15
1.26389,6.19e-15
1.26698,6.06452e-15
1.27006,5.94016e-15
1.27315,5.81696e-15
1.27623,5.69497e-15
1.27932,5.57421e-15
1.28241,5.4547e-15
1.28549,5.33649e-15
1.28858,5.2196e-15
1.29167,5.10405e-15
1.29475,4.98987e-15
1.29784,4.87709e-15
1.30093,4.76571e-15
1.30401,4.65578e-15
1.3071,4.54729e-15
1.31019,4.44028e-15
1.31327,4.33475e-15
1.31636,4.23072e-15
1.31944,4.12821e-15
1.32253,4.02722e-15
1.32562,3.92776e-15
1.3287,3.82985e-15
1.33179,3.73349e-15
1.33488,3.63869e-15
1.33796,3.54545e-15
1.34105,3.45378e-15
1.34414,3.36368e-15
1.34722,3.27514e-15
1.35031,3.18818e-15
1.3534,3.10279e-15
1.35648,3.01897e-15
1.35957,2.93671e-15
1.36265,2.85601e-15
1.36574,2.77687e-15
1.36883,2.69928e-15
1.37191,2.62323e-15
1.375,2.54872e-15
1.37809,2.47573e-15
1.38117,2.40426e-15
1.38426,2.3343e-15
1.38735,2.26584e-15
1.39043,2.19886e-15
1.39352,2.13335e-15
1.3966,2.0693e-15
1.39969,2.00669e-15
1.40278,1.94552e-15
1.40586,1.88576e-15
1.40895,1.8274e-15
1.41204,1.77043e-15
1.41512,1.71482e-15
1.41821,1.66057e-15
1.4213,1.60764e-15
1.42438,1.55604e-15
1.42747,1.50573e-15
1.43056,1.4567e-15
1.43364,1.40894e-15
1.43673,1.36241e-15
1.43981,1.31711e-15
1.4429,1.27301e-15
1.44599,1.23009e-15
1.44907,1.18834e-15
1.45216,1.14773e-15
1.45525,1.10825e-15
1.45833,1.06987e-15
1.46142,1.03257e-15
1.46451,9.96334e-16
1.46759,9.61142e-16
1.47068,9.26972e-16
1.47377,8.93804e-16
1.47685,8.61618e-16
1.47994,8.30392e-16
1.48302,8.00108e-16
1.48611,7.70745e-16
1.4892,7.42283e-16
1.49228,7.14701e-16
1.49537,6.8798e-16
1.49846,6.62101e-16
1.50154,6.37043e-16
1.50463,6.12788e-16
1.50772,5.89316e-16
1.5108,5.66608e-16
1.51389,5.44646e-16
1.51698,5.2341e-16
1.52006,5.02882e-16
1.52315,4.83044e-16
1.52623,4.63878e-16
1.52932,4.45367e-16
1.53241,4.27493e-16
1.53549,4.10238e-16
1.53858,3.93586e-16
1.54167,3.7752e-16
1.54475,3.62023e-16
1.54784,3.4708e-16
1.55093,3.32675e-16
1.55401,3.18791e-16
1.5571,3.05414e-16
1.56019,2.92529e-16
1.56327,2.80121e-16
1.56636,2.68175e-16
1.56944,2.56678e-16
1.57253,2.45614e-16
1.57562,2.34972e-16
1.5787,2.24737e-16
1.58179,2.14897e-16
1.58488,2.05439e-16
1.58796,1.96351e-16
1.59105,1.87619e-16
1.59414,1.79234e-16
1.59722,1.71182e-16
1.60031,1.63453e-16
1.6034,1.56036e-16
1.60648,1.4892e-16
1.60957,1.42095e-16
1.61265,1.3555e-16
1.61574,1.29276e-16
1.61883,1.23263e-16
1.62191,1.17502e-16
1.625,1.11983e-16
1.62809,1.06698e-16
1.63117,1.01638e-16
1.63426,9.67952e-17
1.63735,9.21612e-17
1.64043,8.77281e-17
1.64352,8.34883e-17
1.6466,7.94346e-17
1.64969,7.55596e-17
1.65278,7.18566e-17
1.65586,6.83188e-17
1.65895,6.49397e-17
1.66204,6.1713e-17
1.66512,5.86327e-17
1.66821,5.56929e-17
1.6713,5.28879e-17
1.67438,5.02122e-17
1.67747,4.76605e-17
1.68056,4.52277e-17
1.68364,4.29089e-17
1.68673,4.06992e-17
1.68981,3.85942e-17
1.6929,3.65893e-17
1.69599,3.46803e-17
1.69907,3.28631e-17
1.70216,3.11337e-17
1.70525,2.94883e-17
1.70833,2.79232e-17
1.71142,2.64348e-17
1.71451,2.50198e-17
1.71759,2.3675e-17
1.72068,2.23971e-17
1.72377,2.11831e-17
1.72685,2.00301e-17
1.72994,1.89354e-17
1.73302,1.78963e-17
1.73611,1.69101e-17
1.7392,1.59745e-17
1.74228,1.50871e-17
1.74537,1.42456e-17
1.74846,1.34478e-17
1.75154,1.26916e-17
1.75463,1.19752e-17
1.75772,1.12964e-17
1.7608,1.06537e-17
1.76389,1.0045e-17
1.76698,9.46896e-18
1.77006,8.92378e-18
1.77315,8.40799e-18
1.77623,7.92012e-18
1.77932,7.45879e-18
1.78241,7.02265e-18
1.78549,6.61044e-18
1.78858,6.22095e-18
1.79167,5.85301e-18
1.79475,5.50552e-18
1.79784,5.17743e-18
1.80093,4.86773e-18
1.80401,4.57547e-18
1.8071,4.29973e-18
1.81019,4.03965e-18
1.81327,3.79439e-18
1.81636,3.56318e-18
1.81944,3.34525e-18
1.82253,3.13991e-18
1.82562,2.94647e-18
1.8287,2.76429e-18
1.83179,2.59276e-18
1.83488,2.43129e-18
1.83796,2.27933e-18
1.84105,2.13637e-18
1.84414,2.00189e-18
1.84722,1.87543e-18
1.85031,1.75654e-18
1.8534,1.6448e-18
1.85648,1.5398e-18
1.85957,1.44116e-18
1.86265,1.34851e-18
1.86574,1.26152e-18
1.86883,1.17986e-18
1.87191,1.10323e-18
1.875,1.03133e-18
1.87809,9.63879e-19
1.88117,9.00629e-19
1.88426,8.41329e-19
1.88735,7.85746e-19
1.89043,7.33661e-19
1.89352,6.84865e-19
1.8966,6.39162e-19
1.89969,5.96367e-19
1.90278,5.56305e-19
1.90586,5.18811e-19
1.90895,4.83728e-19
1.91204,4.5091e-19
1.91512,4.20219e-19
1.91821,3.91524e-19
1.9213,3.64701e-19
1.92438,3.39635e-19
1.92747,3.16216e-19
1.93056,2.94342e-19
1.93364,2.73916e-19
1.93673,2.54847e-19
1.93981,2.37048e-19
1.9429,2.20441e-19
1.94599,2.04948e-19
1.94907,1.90498e-19
1.95216,1.77025e-19
1.95525,1.64466e-19
1.95833,1.52762e-19
1.96142,1.41856e-19
1.96451,1.31698e-19
1.96759,1.22238e-19
1.97068,1.13431e-19
1.97377,1.05233e-19
1.97685,9.7604e-20
1.97994,9.05068e-20
1.98302,8.39057e-20
1.98611,7.77675e-20
1.9892,7.20612e-20
1.99228,6.67577e-20
1.99537,6.18298e-20
1.99846,5.72521e-20
