0.00102987,5.65229e-20
0.0030896,5.95034e-20
0.00514933,6.26344e-20
0.00720906,6.59232e-20
0.0092688,6.93773e-20
0.0113285,7.30046e-20
0.0133883,7.68134e-20
0.015448,8.08124e-20
0.0175077,8.50105e-20
0.0195675,8.94172e-20
0.0216272,9.40424e-20
0.0236869,9.88964e-20
0.0257467,1.0399e-19
0.0278064,1.09334e-19
0.0298661,1.14941e-19
0.0319258,1.20822e-19
0.0339856,1.26991e-19
0.0360453,1.3346e-19
0.038105,1.40245e-19
0.0401648,1.47358e-19
0.0422245,1.54816e-19
0.0442842,1.62635e-19
0.046344,1.70829e-19
0.0484037,1.79418e-19
0.0504634,1.88419e-19
0.0525232,1.9785e-19
0.0545829,2.07731e-19
0.0566426,2.18083e-19
0.0587024,2.28926e-19
0.0607621,2.40282e-19
0.0628218,2.52176e-19
0.0648816,2.6463e-19
0.0669413,2.77669e-19
0.069001,2.91321e-19
0.0710608,3.05611e-19
0.0731205,3.20567e-19
0.0751802,3.36221e-19
0.07724,3.52601e-19
0.0792997,3.6974e-19
0.0813594,3.87671e-19
0.0834192,4.06428e-19
0.0854789,4.26048e-19
0.0875386,4.46568e-19
0.0895984,4.68026e-19
0.0916581,4.90463e-19
0.0937178,5.13922e-19
0.0957775,5.38445e-19
0.0978373,5.64078e-19
0.099897,5.9087e-19
0.101957,6.18868e-19
0.104016,6.48124e-19
0.106076,6.78691e-19
0.108136,7.10625e-19
0.110196,7.43982e-19
0.112255,7.78822e-19
0.114315,8.15207e-19
0.116375,8.53202e-19
0.118435,8.92872e-19
0.120494,9.34289e-19
0.122554,9.77522e-19
0.124614,1.02265e-18
0.126674,1.06974e-18
0.128733,1.11889e-18
0.130793,1.17017e-18
0.132853,1.22367e-18
0.134912,1.27948e-18
0.136972,1.33769e-18
0.139032,1.39841e-18
0.141092,1.46172e-18
0.143151,1.52774e-18
0.145211,1.59657e-18
0.147271,1.66833e-18
0.149331,1.74312e-18
0.15139,1.82108e-18
0.15345,1.90232e-18
0.15551,1.98697e-18
0.15757,2.07517e-18
0.159629,2.16706e-18
0.161689,2.26277e-18
0.163749,2.36246e-18
0.165808,2.46629e-18
0.167868,2.5744e-18
0.169928,2.68696e-18
0.171988,2.80415e-18
0.174047,2.92615e-18
0.176107,3.05312e-18
0.178167,3.18527e-18
0.180227,3.32278e-18
0.182286,3.46586e-18
0.184346,3.61472e-18
0.186406,3.76958e-18
0.188465,3.93065e-18
0.190525,4.09817e-18
0.192585,4.27237e-18
0.194645,4.45351e-18
0.196704,4.64184e-18
0.198764,4.83762e-18
0.200824,5.04111e-18
0.202884,5.25262e-18
0.204943,5.47241e-18
0.207003,5.7008e-18
0.209063,5.93809e-18
0.211123,6.1846e-18
0.213182,6.44066e-18
0.215242,6.70661e-18
0.217302,6.98281e-18
0.219361,7.2696e-18
0.221421,7.56737e-18
0.223481,7.87651e-18
0.225541,8.1974e-18
0.2276,8.53046e-18
0.22966,8.87612e-18
0.23172,9.23479e-18
0.23378,9.60695e-18
0.235839,9.99304e-18
0.237899,1.03935e-17
0.239959,1.0809e-17
0.242019,1.12398e-17
0.244078,1.16865e-17
0.246138,1.21498e-17
0.248198,1.263e-17
0.250257,1.31278e-17
0.252317,1.36438e-17
0.254377,1.41786e-17
0.256437,1.47328e-17
0.258496,1.5307e-17
0.260556,1.5902e-17
0.262616,1.65182e-17
0.264676,1.71566e-17
0.266735,1.78177e-17
0.268795,1.85024e-17
0.270855,1.92113e-17
0.272915,1.99453e-17
0.274974,2.07051e-17
0.277034,2.14915e-17
0.279094,2.23055e-17
0.281153,2.31479e-17
0.283213,2.40195e-17
0.285273,2.49213e-17
0.287333,2.58542e-17
0.289392,2.68192e-17
0.291452,2.78173e-17
0.293512,2.88494e-17
0.295572,2.99166e-17
0.297631,3.10201e-17
0.299691,3.21608e-17
0.301751,3.334e-17
0.303811,3.45587e-17
0.30587,3.58182e-17
0.30793,3.71196e-17
0.30999,3.84643e-17
0.312049,3.98534e-17
0.314109,4.12883e-17
0.316169,4.27704e-17
0.318229,4.43009e-17
0.320288,4.58814e-17
0.322348,4.75131e-17
0.324408,4.91978e-17
0.326468,5.09367e-17
0.328527,5.27315e-17
0.330587,5.45837e-17
0.332647,5.64951e-17
0.334706,5.84671e-17
0.336766,6.05016e-17
0.338826,6.26002e-17
0.340886,6.47648e-17
0.342945,6.69971e-17
0.345005,6.92989e-17
0.347065,7.16723e-17
0.349125,7.41191e-17
0.351184,7.66413e-17
0.353244,7.92409e-17
0.355304,8.192e-17
0.357364,8.46807e-17
0.359423,8.75251e-17
0.361483,9.04555e-17
0.363543,9.34741e-17
0.365602,9.65832e-17
0.367662,9.97851e-17
0.369722,1.03082e-16
0.371782,1.06477e-16
0.373841,1.09972e-16
0.375901,1.1357e-16
0.377961,1.17272e-16
0.380021,1.21083e-16
0.38208,1.25004e-16
0.38414,1.29039e-16
0.3862,1.3319e-16
0.38826,1.37459e-16
0.390319,1.41851e-16
0.392379,1.46367e-16
0.394439,1.51011e-16
0.396498,1.55786e-16
0.398558,1.60694e-16
0.400618,1.6574e-16
0.402678,1.70926e-16
0.404737,1.76256e-16
0.406797,1.81733e-16
0.408857,1.8736e-16
0.410917,1.9314e-16
0.412976,1.99078e-16
0.415036,2.05177e-16
0.417096,2.1144e-16
0.419156,2.17871e-16
0.421215,2.24474e-16
0.423275,2.31253e-16
0.425335,2.38211e-16
0.427394,2.45352e-16
0.429454,2.52681e-16
0.431514,2.602e-16
0.433574,2.67916e-16
0.435633,2.7583e-16
0.437693,2.83949e-16
0.439753,2.92275e-16
0.441813,3.00814e-16
0.443872,3.09569e-16
0.445932,3.18546e-16
0.447992,3.27748e-16
0.450051,3.3718e-16
0.452111,3.46846e-16
0.454171,3.56752e-16
0.456231,3.66902e-16
0.45829,3.773e-16
0.46035,3.87953e-16
0.46241,3.98863e-16
0.46447,4.10037e-16
0.466529,4.21479e-16
0.468589,4.33195e-16
0.470649,4.45189e-16
0.472709,4.57467e-16
0.474768,4.70033e-16
0.476828,4.82894e-16
0.478888,4.96053e-16
0.480947,5.09517e-16
0.483007,5.23291e-16
0.485067,5.37381e-16
0.487127,5.51791e-16
0.489186,5.66528e-16
0.491246,5.81596e-16
0.493306,5.97002e-16
0.495366,6.12751e-16
0.497425,6.28849e-16
0.499485,6.45302e-16
0.501545,6.62114e-16
0.503605,6.79293e-16
0.505664,6.96843e-16
0.507724,7.14771e-16
0.509784,7.33082e-16
0.511843,7.51783e-16
0.513903,7.70879e-16
0.515963,7.90376e-16
0.518023,8.10281e-16
0.520082,8.30598e-16
0.522142,8.51335e-16
0.524202,8.72497e-16
0.526262,8.9409e-16
0.528321,9.16121e-16
0.530381,9.38594e-16
0.532441,9.61517e-16
0.534501,9.84896e-16
0.53656,1.00874e-15
0.53862,1.03304e-15
0.54068,1.05782e-15
0.542739,1.08308e-15
0.544799,1.10883e-15
0.546859,1.13507e-15
0.548919,1.1618e-15
0.550978,1.18904e-15
0.553038,1.21679e-15
0.555098,1.24505e-15
0.557158,1.27384e-15
0.559217,1.30315e-15
0.561277,1.333e-15
0.563337,1.36338e-15
0.565396,1.39431e-15
0.567456,1.42579e-15
0.569516,1.45783e-15
0.571576,1.49042e-15
0.573635,1.52359e-15
0.575695,1.55733e-15
0.577755,1.59164e-15
0.579815,1.62654e-15
0.581874,1.66203e-15
0.583934,1.69811e-15
0.585994,1.73479e-15
0.588054,1.77208e-15
0.590113,1.80998e-15
0.592173,1.84849e-15
0.594233,1.88762e-15
0.596292,1.92737e-15
0.598352,1.96775e-15
0.600412,2.00876e-15
0.602472,2.05042e-15
0.604531,2.09271e-15
0.606591,2.13565e-15
0.608651,2.17924e-15
0.610711,2.22348e-15
0.61277,2.26838e-15
0.61483,2.31395e-15
0.61689,2.36017e-15
0.61895,2.40707e-15
0.621009,2.45463e-15
0.623069,2.50288e-15
0.625129,2.55179e-15
0.627188,2.60139e-15
0.629248,2.65167e-15
0.631308,2.70264e-15
0.633368,2.7543e-15
0.635427,2.80664e-15
0.637487,2.85967e-15
0.639547,2.9134e-15
0.641607,2.96783e-15
0.643666,3.02294e-15
0.645726,3.07876e-15
0.647786,3.13527e-15
0.649846,3.19249e-15
0.651905,3.2504e-15
0.653965,3.30901e-15
0.656025,3.36832e-15
0.658084,3.42833e-15
0.660144,3.48904e-15
0.662204,3.55045e-15
0.664264,3.61256e-15
0.666323,3.67536e-15
0.668383,3.73886e-15
0.670443,3.80305e-15
0.672503,3.86793e-15
0.674562,3.93351e-15
0.676622,3.99977e-15
0.678682,4.06671e-15
0.680742,4.13434e-15
0.682801,4.20265e-15
0.684861,4.27163e-15
0.686921,4.34128e-15
0.68898,4.4116e-15
0.69104,4.48259e-15
0.6931,4.55423e-15
0.69516,4.62653e-15
0.697219,4.69948e-15
0.699279,4.77307e-15
0.701339,4.8473e-15
0.703399,4.92216e-15
0.705458,4.99765e-15
0.707518,5.07375e-15
0.709578,5.15048e-15
0.711637,5.2278e-15
0.713697,5.30573e-15
0.715757,5.38424e-15
0.717817,5.46334e-15
0.719876,5.54301e-15
0.721936,5.62324e-15
0.723996,5.70404e-15
0.726056,5.78538e-15
0.728115,5.86725e-15
0.730175,5.94966e-15
0.732235,6.03258e-15
0.734295,6.11601e-15
0.736354,6.19994e-15
0.738414,6.28435e-15
0.740474,6.36923e-15
0.742533,6.45458e-15
0.744593,6.54038e-15
0.746653,6.62661e-15
0.748713,6.71327e-15
0.750772,6.80034e-15
0.752832,6.88781e-15
0.754892,6.97566e-15
0.756952,7.06389e-15
0.759011,7.15247e-15
0.761071,7.2414e-15
0.763131,7.33065e-15
0.765191,7.42022e-15
0.76725,7.51009e-15
0.76931,7.60023e-15
0.77137,7.69065e-15
0.773429,7.78131e-15
0.775489,7.87221e-15
0.777549,7.96332e-15
0.779609,8.05464e-15
0.781668,8.14614e-15
0.783728,8.2378e-15
0.785788,8.32961e-15
0.787848,8.42155e-15
0.789907,8.51361e-15
0.791967,8.60575e-15
0.794027,8.69798e-15
0.796087,8.79025e-15
0.798146,8.88257e-15
0.800206,8.9749e-15
0.802266,9.06723e-15
0.804325,9.15954e-15
0.806385,9.25181e-15
0.808445,9.34401e-15
0.810505,9.43613e-15
0.812564,9.52815e-15
0.814624,9.62005e-15
0.816684,9.71181e-15
0.818744,9.8034e-15
0.820803,9.8948e-15
0.822863,9.986e-15
0.824923,1.0077e-14
0.826982,1.01677e-14
0.829042,1.02581e-14
0.831102,1.03483e-14
0.833162,1.04381e-14
0.835221,1.05276e-14
0.837281,1.06168e-14
0.839341,1.07055e-14
0.841401,1.07939e-14
0.84346,1.08818e-14
0.84552,1.09693e-14
0.84758,1.10563e-14
0.84964,1.11429e-14
0.851699,1.12289e-14
0.853759,1.13144e-14
0.855819,1.13993e-14
0.857878,1.14836e-14
0.859938,1.15673e-14
0.861998,1.16505e-14
0.864058,1.17329e-14
0.866117,1.18147e-14
0.868177,1.18958e-14
0.870237,1.19762e-14
0.872297,1.20559e-14
0.874356,1.21348e-14
0.876416,1.22129e-14
0.878476,1.22902e-14
0.880536,1.23667e-14
0.882595,1.24423e-14
0.884655,1.25171e-14
0.886715,1.2591e-14
0.888774,1.2664e-14
0.890834,1.27361e-14
0.892894,1.28072e-14
0.894954,1.28773e-14
0.897013,1.29465e-14
0.899073,1.30146e-14
0.901133,1.30818e-14
0.903193,1.31478e-14
0.905252,1.32128e-14
0.907312,1.32767e-14
0.909372,1.33396e-14
0.911432,1.34012e-14
0.913491,1.34618e-14
0.915551,1.35212e-14
0.917611,1.35794e-14
0.91967,1.36364e-14
0.92173,1.36922e-14
0.92379,1.37468e-14
0.92585,1.38001e-14
0.927909,1.38521e-14
0.929969,1.39029e-14
0.932029,1.39524e-14
0.934089,1.40006e-14
0.936148,1.40474e-14
0.938208,1.40929e-14
0.940268,1.41371e-14
0.942327,1.41799e-14
0.944387,1.42213e-14
0.946447,1.42614e-14
0.948507,1.43e-14
0.950566,1.43372e-14
0.952626,1.4373e-14
0.954686,1.44073e-14
0.956746,1.44402e-14
0.958805,1.44716e-14
0.960865,1.45016e-14
0.962925,1.45301e-14
0.964985,1.45571e-14
0.967044,1.45826e-14
0.969104,1.46066e-14
0.971164,1.4629e-14
0.973223,1.465e-14
0.975283,1.46694e-14
0.977343,1.46873e-14
0.979403,1.47037e-14
0.981462,1.47185e-14
0.983522,1.47318e-14
0.985582,1.47435e-14
0.987642,1.47537e-14
0.989701,1.47623e-14
0.991761,1.47693e-14
0.993821,1.47748e-14
0.995881,1.47787e-14
0.99794,1.47811e-14
1,1.47819e-14
1.00206,1.47811e-14
1.00412,1.47787e-14
1.00618,1.47748e-14
1.00824,1.47693e-14
1.0103,1.47623e-14
1.01236,1.47537e-14
1.01442,1.47435e-14
1.01648,1.47318e-14
1.01854,1.47185e-14
1.0206,1.47037e-14
1.02266,1.46873e-14
1.02472,1.46694e-14
1.02678,1.465e-14
1.02884,1.4629e-14
1.0309,1.46066e-14
1.03296,1.45826e-14
1.03502,1.45571e-14
1.03708,1.45301e-14
1.03913,1.45016e-14
1.04119,1.44716e-14
1.04325,1.44402e-14
1.04531,1.44073e-14
1.04737,1.4373e-14
1.04943,1.43372e-14
1.05149,1.43e-14
1.05355,1.42614e-14
1.05561,1.42213e-14
1.05767,1.41799e-14
1.05973,1.41371e-14
1.06179,1.40929e-14
1.06385,1.40474e-14
1.06591,1.40006e-14
1.06797,1.39524e-14
1.07003,1.39029e-14
1.07209,1.38521e-14
1.07415,1.38001e-14
1.07621,1.37468e-14
1.07827,1.36922e-14
1.08033,1.36364e-14
1.08239,1.35794e-14
1.08445,1.35212e-14
1.08651,1.34618e-14
1.08857,1.34012e-14
1.09063,1.33396e-14
1.09269,1.32767e-14
1.09475,1.32128e-14
1.09681,1.31478e-14
1.09887,1.30818e-14
1.10093,1.30146e-14
1.10299,1.29465e-14
1.10505,1.28773e-14
1.10711,1.28072e-14
1.10917,1.27361e-14
1.11123,1.2664e-14
1.11329,1.2591e-14
1.11535,1.25171e-14
1.1174,1.24423e-14
1.11946,1.23667e-14
1.12152,1.22902e-14
1.12358,1.22129e-14
1.12564,1.21348e-14
1.1277,1.20559e-14
1.12976,1.19762e-14
1.13182,1.18958e-14
1.13388,1.18147e-14
1.13594,1.17329e-14
1.138,1.16505e-14
1.14006,1.15673e-14
1.14212,1.14836e-14
1.14418,1.13993e-14
1.14624,1.13144e-14
1.1483,1.12289e-14
1.15036,1.11429e-14
1.15242,1.10563e-14
1.15448,1.09693e-14
1.15654,1.08818e-14
1.1586,1.07939e-14
1.16066,1.07055e-14
1.16272,1.06168e-14
1.16478,1.05276e-14
1.16684,1.04381e-14
1.1689,1.03483e-14
1.17096,1.02581e-14
1.17302,1.01677e-14
1.17508,1.0077e-14
1.17714,9.986e-15
1.1792,9.8948e-15
1.18126,9.8034e-15
1.18332,9.71181e-15
1.18538,9.62005e-15
1.18744,9.52815e-15
1.1895,9.43613e-15
1.19156,9.34401e-15
1.19361,9.25181e-15
1.19567,9.15954e-15
1.19773,9.06723e-15
1.19979,8.9749e-15
1.20185,8.88257e-15
1.20391,8.79025e-15
1.20597,8.69798e-15
1.20803,8.60575e-15
1.21009,8.51361e-15
1.21215,8.42155e-15
1.21421,8.32961e-15
1.21627,8.2378e-15
1.21833,8.14614e-15
1.22039,8.05464e-15
1.22245,7.96332e-15
1.22451,7.87221e-15
1.22657,7.78131e-15
1.22863,7.69065e-15
1.23069,7.60023e-15
1.23275,7.51009e-15
1.23481,7.42022e-15
1.23687,7.33065e-15
1.23893,7.2414e-15
1.24099,7.15247e-15
1.24305,7.06389e-15
1.24511,6.97566e-15
1.24717,6.88781e-15
1.24923,6.80034e-15
1.25129,6.71327e-15
1.25335,6.62661e-15
1.25541,6.54038e-15
1.25747,6.45458e-15
1.25953,6.36923e-15
1.26159,6.28435e-15
1.26365,6.19994e-15
1.26571,6.11601e-15
1.26777,6.03258e-15
1.26982,5.94966e-15
1.27188,5.86725e-15
1.27394,5.78538e-15
1.276,5.70404e-15
1.27806,5.62324e-15
1.28012,5.54301e-15
1.28218,5.46334e-15
1.28424,5.38424e-15
1.2863,5.30573e-15
1.28836,5.2278e-15
1.29042,5.15048e-15
1.29248,5.07375e-15
1.29454,4.99765e-15
1.2966,4.92216e-15
1.29866,4.8473e-15
1.30072,4.77307e-15
1.30278,4.69948e-15
1.30484,4.62653e-15
1.3069,4.55423e-15
1.30896,4.48259e-15
1.31102,4.4116e-15
1.31308,4.34128e-15
1.31514,4.27163e-15
1.3172,4.20265e-15
1.31926,4.13434e-15
1.32132,4.06671e-15
1.32338,3.99977e-15
1.32544,3.93351e-15
1.3275,3.86793e-15
1.32956,3.80305e-15
1.33162,3.73886e-15
1.33368,3.67536e-15
1.33574,3.61256e-15
1.3378,3.55045e-15
1.33986,3.48904e-15
1.34192,3.42833e-15
1.34398,3.36832e-15
1.34604,3.30901e-15
1.34809,3.2504e-15
1.35015,3.19249e-15
1.35221,3.13527e-15
1.35427,3.07876e-15
1.35633,3.02294e-15
1.35839,2.96783e-15
1.36045,2.9134e-15
1.36251,2.85967e-15
1.36457,2.80664e-15
1.36663,2.7543e-15
1.36869,2.70264e-15
1.37075,2.65167e-15
1.37281,2.60139e-15
1.37487,2.55179e-15
1.37693,2.50288e-15
1.37899,2.45463e-15
1.38105,2.40707e-15
1.38311,2.36017e-15
1.38517,2.31395e-15
1.38723,2.26838e-15
1.38929,2.22348e-15
1.39135,2.17924e-15
1.39341,2.13565e-15
1.39547,2.09271e-15
1.39753,2.05042e-15
1.39959,2.00876e-15
1.40165,1.96775e-15
1.40371,1.92737e-15
1.40577,1.88762e-15
1.40783,1.84849e-15
1.40989,1.80998e-15
1.41195,1.77208e-15
1.41401,1.73479e-15
1.41607,1.69811e-15
1.41813,1.66203e-15
1.42019,1.62654e-15
1.42225,1.59164e-15
1.4243,1.55733e-15
1.42636,1.52359e-15
1.42842,1.49042e-15
1.43048,1.45783e-15
1.43254,1.42579e-15
1.4346,1.39431e-15
1.43666,1.36338e-15
1.43872,1.333e-15
1.44078,1.30315e-15
1.44284,1.27384e-15
1.4449,1.24505e-15
1.44696,1.21679e-15
1.44902,1.18904e-15
1.45108,1.1618e-15
1.45314,1.13507e-15
1.4552,1.10883e-15
1.45726,1.08308e-15
1.45932,1.05782e-15
1.46138,1.03304e-15
1.46344,1.00874e-15
1.4655,9.84896e-16
1.46756,9.61517e-16
1.46962,9.38594e-16
1.47168,9.16121e-16
1.47374,8.9409e-16
1.4758,8.72497e-16
1.47786,8.51335e-16
1.47992,8.30598e-16
1.48198,8.10281e-16
1.48404,7.90376e-16
1.4861,7.70879e-16
1.48816,7.51783e-16
1.49022,7.33082e-16
1.49228,7.14771e-16
1.49434,6.96843e-16
1.4964,6.79293e-16
1.49846,6.62114e-16
1.50051,6.45302e-16
1.50257,6.28849e-16
1.50463,6.12751e-16
1.50669,5.97002e-16
1.50875,5.81596e-16
1.51081,5.66528e-16
1.51287,5.51791e-16
1.51493,5.37381e-16
1.51699,5.23291e-16
1.51905,5.09517e-16
1.52111,4.96053e-16
1.52317,4.82894e-16
1.52523,4.70033e-16
1.52729,4.57467e-16
1.52935,4.45189e-16
1.53141,4.33195e-16
1.53347,4.21479e-16
1.53553,4.10037e-16
1.53759,3.98863e-16
1.53965,3.87953e-16
1.54171,3.773e-16
1.54377,3.66902e-16
1.54583,3.56752e-16
1.54789,3.46846e-16
1.54995,3.3718e-16
1.55201,3.27748e-16
1.55407,3.18546e-16
1.55613,3.09569e-16
1.55819,3.00814e-16
1.56025,2.92275e-16
1.56231,2.83949e-16
1.56437,2.7583e-16
1.56643,2.67916e-16
1.56849,2.602e-16
1.57055,2.52681e-16
1.57261,2.45352e-16
1.57467,2.38211e-16
1.57673,2.31253e-16
1.57878,2.24474e-16
1.58084,2.17871e-16
1.5829,2.1144e-16
1.58496,2.05177e-16
1.58702,1.99078e-16
1.58908,1.9314e-16
1.59114,1.8736e-16
1.5932,1.81733e-16
1.59526,1.76256e-16
1.59732,1.70926e-16
1.59938,1.6574e-16
1.60144,1.60694e-16
1.6035,1.55786e-16
1.60556,1.51011e-16
1.60762,1.46367e-16
1.60968,1.41851e-16
1.61174,1.37459e-16
1.6138,1.3319e-16
1.61586,1.29039e-16
1.61792,1.25004e-16
1.61998,1.21083e-16
1.62204,1.17272e-16
1.6241,1.1357e-16
1.62616,1.09972e-16
1.62822,1.06477e-16
1.63028,1.03082e-16
1.63234,9.97851e-17
1.6344,9.65832e-17
1.63646,9.34741e-17
1.63852,9.04555e-17
1.64058,8.75251e-17
1.64264,8.46807e-17
1.6447,8.192e-17
1.64676,7.92409e-17
1.64882,7.66413e-17
1.65088,7.41191e-17
1.65294,7.16723e-17
1.65499,6.92989e-17
1.65705,6.69971e-17
1.65911,6.47648e-17
1.66117,6.26002e-17
1.66323,6.05016e-17
1.66529,5.84671e-17
1.66735,5.64951e-17
1.66941,5.45837e-17
1.67147,5.27315e-17
1.67353,5.09367e-17
1.67559,4.91978e-17
1.67765,4.75131e-17
1.67971,4.58814e-17
1.68177,4.43009e-17
1.68383,4.27704e-17
1.68589,4.12883e-17
1.68795,3.98534e-17
1.69001,3.84643e-17
1.69207,3.71196e-17
1.69413,3.58182e-17
1.69619,3.45587e-17
1.69825,3.334e-17
1.70031,3.21608e-17
1.70237,3.10201e-17
1.70443,2.99166e-17
1.70649,2.88494e-17
1.70855,2.78173e-17
1.71061,2.68192e-17
1.71267,2.58542e-17
1.71473,2.49213e-17
1.71679,2.40195e-17
1.71885,2.31479e-17
1.72091,2.23055e-17
1.72297,2.14915e-17
1.72503,2.07051e-17
1.72709,1.99453e-17
1.72915,1.92113e-17
1.7312,1.85024e-17
1.73326,1.78177e-17
1.73532,1.71566e-17
1.73738,1.65182e-17
1.73944,1.5902e-17
1.7415,1.5307e-17
1.74356,1.47328e-17
1.74562,1.41786e-17
1.74768,1.36438e-17
1.74974,1.31278e-17
1.7518,1.263e-17
1.75386,1.21498e-17
1.75592,1.16865e-17
1.75798,1.12398e-17
1.76004,1.0809e-17
1.7621,1.03935e-17
1.76416,9.99304e-18
1.76622,9.60695e-18
1.76828,9.23479e-18
1.77034,8.87612e-18
1.7724,8.53046e-18
1.77446,8.1974e-18
1.77652,7.87651e-18
1.77858,7.56737e-18
1.78064,7.2696e-18
1.7827,6.98281e-18
1.78476,6.70661e-18
1.78682,6.44066e-18
1.78888,6.1846e-18
1.79094,5.93809e-18
1.793,5.7008e-18
1.79506,5.47241e-18
1.79712,5.25262e-18
1.79918,5.04111e-18
1.80124,4.83762e-18
1.8033,4.64184e-18
1.80536,4.45351e-18
1.80742,4.27237e-18
1.80947,4.09817e-18
1.81153,3.93065e-18
1.81359,3.76958e-18
1.81565,3.61472e-18
1.81771,3.46586e-18
1.81977,3.32278e-18
1.82183,3.18527e-18
1.82389,3.05312e-18
1.82595,2.92615e-18
1.82801,2.80415e-18
1.83007,2.68696e-18
1.83213,2.5744e-18
1.83419,2.46629e-18
1.83625,2.36246e-18
1.83831,2.26277e-18
1.84037,2.16706e-18
1.84243,2.07517e-18
1.84449,1.98697e-18
1.84655,1.90232e-18
1.84861,1.82108e-18
1.85067,1.74312e-18
1.85273,1.66833e-18
1.85479,1.59657e-18
1.85685,1.52774e-18
1.85891,1.46172e-18
1.86097,1.39841e-18
1.86303,1.33769e-18
1.86509,1.27948e-18
1.86715,1.22367e-18
1.86921,1.17017e-18
1.87127,1.11889e-18
1.87333,1.06974e-18
1.87539,1.02265e-18
1.87745,9.77522e-19
1.87951,9.34289e-19
1.88157,8.92872e-19
1.88363,8.53202e-19
1.88568,8.15207e-19
1.88774,7.78822e-19
1.8898,7.43982e-19
1.89186,7.10625e-19
1.89392,6.78691e-19
1.89598,6.48124e-19
1.89804,6.18868e-19
1.9001,5.9087e-19
1.90216,5.64078e-19
1.90422,5.38445e-19
1.90628,5.13922e-19
1.90834,4.90463e-19
1.9104,4.68026e-19
1.91246,4.46568e-19
1.91452,4.26048e-19
1.91658,4.06428e-19
1.91864,3.87671e-19
1.9207,3.6974e-19
1.92276,3.52601e-19
1.92482,3.36221e-19
1.92688,3.20567e-19
1.92894,3.05611e-19
1.931,2.91321e-19
1.93306,2.77669e-19
1.93512,2.6463e-19
1.93718,2.52176e-19
1.93924,2.40282e-19
1.9413,2.28926e-19
1.94336,2.18083e-19
1.94542,2.07731e-19
1.94748,1.9785e-19
1.94954,1.88419e-19
1.9516,1.79418e-19
1.95366,1.70829e-19
1.95572,1.62635e-19
1.95778,1.54816e-19
1.95984,1.47358e-19
1.96189,1.40245e-19
1.96395,1.3346e-19
1.96601,1.26991e-19
1.96807,1.20822e-19
1.97013,1.14941e-19
1.97219,1.09334e-19
1.97425,1.0399e-19
1.97631,9.88964e-20
1.97837,9.40424e-20
1.98043,8.94172e-20
1.98249,8.50105e-20
1.98455,8.08124e-20
1.98661,7.68134e-20
1.98867,7.30046e-20
1.99073,6.93773e-20
1.99279,6.59232e-20
1.99485,6.26344e-20
1.99691,5.95034e-20
1.99897,5.65229e-20
