0.00131234,5.6923e-20
0.00393701,6.07729e-20
0.00656168,6.4872e-20
0.00918635,6.92357e-20
0.011811,7.38802e-20
0.0144357,7.88227e-20
0.0170604,8.40813e-20
0.019685,8.96753e-20
0.0223097,9.5625e-20
0.0249344,1.01952e-19
0.0275591,1.08679e-19
0.0301837,1.15829e-19
0.0328084,1.23429e-19
0.0354331,1.31505e-19
0.0380577,1.40085e-19
0.0406824,1.492e-19
0.0433071,1.5888e-19
0.0459318,1.69158e-19
0.0485564,1.80071e-19
0.0511811,1.91655e-19
0.0538058,2.03949e-19
0.0564304,2.16994e-19
0.0590551,2.30834e-19
0.0616798,2.45514e-19
0.0643045,2.61082e-19
0.0669291,2.77591e-19
0.0695538,2.95092e-19
0.0721785,3.13642e-19
0.0748031,3.33302e-19
0.0774278,3.54132e-19
0.0800525,3.762e-19
0.0826772,3.99574e-19
0.0853018,4.24327e-19
0.0879265,4.50536e-19
0.0905512,4.78281e-19
0.0931759,5.07648e-19
0.0958005,5.38725e-19
0.0984252,5.71605e-19
0.10105,6.06389e-19
0.103675,6.43178e-19
0.106299,6.82082e-19
0.108924,7.23214e-19
0.111549,7.66695e-19
0.114173,8.12649e-19
0.116798,8.6121e-19
0.119423,9.12516e-19
0.122047,9.66711e-19
0.124672,1.02395e-18
0.127297,1.08439e-18
0.129921,1.1482e-18
0.132546,1.21555e-18
0.135171,1.28664e-18
0.137795,1.36165e-18
0.14042,1.44078e-18
0.143045,1.52425e-18
0.145669,1.61227e-18
0.148294,1.70509e-18
0.150919,1.80294e-18
0.153543,1.90607e-18
0.156168,2.01476e-18
0.158793,2.12928e-18
0.161417,2.24992e-18
0.164042,2.37699e-18
0.166667,2.5108e-18
0.169291,2.65169e-18
0.171916,2.8e-18
0.174541,2.9561e-18
0.177165,3.12036e-18
0.17979,3.29318e-18
0.182415,3.47497e-18
0.185039,3.66617e-18
0.187664,3.86722e-18
0.190289,4.0786e-18
0.192913,4.30079e-18
0.195538,4.5343e-18
0.198163,4.77966e-18
0.200787,5.03744e-18
0.203412,5.3082e-18
0.206037,5.59256e-18
0.208661,5.89113e-18
0.211286,6.20458e-18
0.213911,6.53357e-18
0.216535,6.87883e-18
0.21916,7.24108e-18
0.221785,7.6211e-18
0.224409,8.01968e-18
0.227034,8.43766e-18
0.229659,8.87588e-18
0.232283,9.33527e-18
0.234908,9.81673e-18
0.237533,1.03213e-17
0.240157,1.08498e-17
0.242782,1.14035e-17
0.245407,1.19834e-17
0.248031,1.25906e-17
0.250656,1.32263e-17
0.253281,1.38917e-17
0.255906,1.4588e-17
0.25853,1.53166e-17
0.261155,1.60789e-17
0.26378,1.68761e-17
0.266404,1.77099e-17
0.269029,1.85816e-17
0.271654,1.94929e-17
0.274278,2.04454e-17
0.276903,2.14407e-17
0.279528,2.24806e-17
0.282152,2.35668e-17
0.284777,2.47013e-17
0.287402,2.5886e-17
0.290026,2.71228e-17
0.292651,2.84138e-17
0.295276,2.97611e-17
0.2979,3.11669e-17
0.300525,3.26335e-17
0.30315,3.41633e-17
0.305774,3.57586e-17
0.308399,3.7422e-17
0.311024,3.91559e-17
0.313648,4.09632e-17
0.316273,4.28465e-17
0.318898,4.48087e-17
0.321522,4.68527e-17
0.324147,4.89814e-17
0.326772,5.11981e-17
0.329396,5.35059e-17
0.332021,5.59081e-17
0.334646,5.8408e-17
0.33727,6.10092e-17
0.339895,6.37153e-17
0.34252,6.653e-17
0.345144,6.94571e-17
0.347769,7.25004e-17
0.350394,7.56641e-17
0.353018,7.89522e-17
0.355643,8.2369e-17
0.358268,8.59189e-17
0.360892,8.96063e-17
0.363517,9.34359e-17
0.366142,9.74124e-17
0.368766,1.01541e-16
0.371391,1.05826e-16
0.374016,1.10272e-16
0.37664,1.14886e-16
0.379265,1.19673e-16
0.38189,1.24637e-16
0.384514,1.29785e-16
0.387139,1.35122e-16
0.389764,1.40654e-16
0.392388,1.46388e-16
0.395013,1.52329e-16
0.397638,1.58484e-16
0.400262,1.6486e-16
0.402887,1.71462e-16
0.405512,1.78298e-16
0.408136,1.85374e-16
0.410761,1.92699e-16
0.413386,2.00278e-16
0.41601,2.08119e-16
0.418635,2.1623e-16
0.42126,2.24619e-16
0.423885,2.33293e-16
0.426509,2.4226e-16
0.429134,2.51528e-16
0.431759,2.61106e-16
0.434383,2.71003e-16
0.437008,2.81225e-16
0.439633,2.91783e-16
0.442257,3.02686e-16
0.444882,3.13941e-16
0.447507,3.2556e-16
0.450131,3.37549e-16
0.452756,3.49921e-16
0.455381,3.62683e-16
0.458005,3.75846e-16
0.46063,3.89419e-16
0.463255,4.03414e-16
0.465879,4.17839e-16
0.468504,4.32705e-16
0.471129,4.48024e-16
0.473753,4.63804e-16
0.476378,4.80058e-16
0.479003,4.96796e-16
0.481627,5.14029e-16
0.484252,5.31768e-16
0.486877,5.50025e-16
0.489501,5.6881e-16
0.492126,5.88136e-16
0.494751,6.08013e-16
0.497375,6.28454e-16
0.5,6.49471e-16
0.502625,6.71074e-16
0.505249,6.93277e-16
0.507874,7.16091e-16
0.510499,7.39529e-16
0.513123,7.63602e-16
0.515748,7.88323e-16
0.518373,8.13704e-16
0.520997,8.39758e-16
0.523622,8.66497e-16
0.526247,8.93933e-16
0.528871,9.22079e-16
0.531496,9.50947e-16
0.534121,9.8055e-16
0.536745,1.0109e-15
0.53937,1.04201e-15
0.541995,1.0739e-15
0.544619,1.10656e-15
0.547244,1.14003e-15
0.549869,1.1743e-15
0.552493,1.2094e-15
0.555118,1.24533e-15
0.557743,1.28211e-15
0.560367,1.31975e-15
0.562992,1.35826e-15
0.565617,1.39765e-15
0.568241,1.43794e-15
0.570866,1.47913e-15
0.573491,1.52124e-15
0.576115,1.56428e-15
0.57874,1.60826e-15
0.581365,1.6532e-15
0.58399,1.69909e-15
0.586614,1.74596e-15
0.589239,1.79381e-15
0.591864,1.84266e-15
0.594488,1.89251e-15
0.597113,1.94338e-15
0.599738,1.99527e-15
0.602362,2.04819e-15
0.604987,2.10215e-15
0.607612,2.15716e-15
0.610236,2.21323e-15
0.612861,2.27037e-15
0.615486,2.32858e-15
0.61811,2.38788e-15
0.620735,2.44826e-15
0.62336,2.50974e-15
0.625984,2.57231e-15
0.628609,2.636e-15
0.631234,2.70079e-15
0.633858,2.7667e-15
0.636483,2.83373e-15
0.639108,2.90189e-15
0.641732,2.97117e-15
0.644357,3.04158e-15
0.646982,3.11313e-15
0.649606,3.18581e-15
0.652231,3.25962e-15
0.654856,3.33457e-15
0.65748,3.41066e-15
0.660105,3.48788e-15
0.66273,3.56624e-15
0.665354,3.64573e-15
0.667979,3.72635e-15
0.670604,3.80809e-15
0.673228,3.89096e-15
0.675853,3.97495e-15
0.678478,4.06005e-15
0.681102,4.14626e-15
0.683727,4.23357e-15
0.686352,4.32197e-15
0.688976,4.41146e-15
0.691601,4.50203e-15
0.694226,4.59367e-15
0.69685,4.68636e-15
0.699475,4.7801e-15
0.7021,4.87488e-15
0.704724,4.97068e-15
0.707349,5.06749e-15
0.709974,5.16529e-15
0.712598,5.26408e-15
0.715223,5.36383e-15
0.717848,5.46453e-15
0.720472,5.56617e-15
0.723097,5.66871e-15
0.725722,5.77216e-15
0.728346,5.87647e-15
0.730971,5.98165e-15
0.733596,6.08765e-15
0.73622,6.19447e-15
0.738845,6.30208e-15
0.74147,6.41045e-15
0.744094,6.51956e-15
0.746719,6.62939e-15
0.749344,6.73991e-15
0.751969,6.85109e-15
0.754593,6.9629e-15
0.757218,7.07532e-15
0.759843,7.18832e-15
0.762467,7.30186e-15
0.765092,7.41592e-15
0.767717,7.53047e-15
0.770341,7.64547e-15
0.772966,7.76088e-15
0.775591,7.87669e-15
0.778215,7.99284e-15
0.78084,8.10931e-15
0.783465,8.22606e-15
0.786089,8.34306e-15
0.788714,8.46026e-15
0.791339,8.57763e-15
0.793963,8.69513e-15
0.796588,8.81272e-15
0.799213,8.93037e-15
0.801837,9.04803e-15
0.804462,9.16565e-15
0.807087,9.28321e-15
0.809711,9.40066e-15
0.812336,9.51796e-15
0.814961,9.63505e-15
0.817585,9.75191e-15
0.82021,9.86849e-15
0.822835,9.98474e-15
0.825459,1.01006e-14
0.828084,1.02161e-14
0.830709,1.03311e-14
0.833333,1.04456e-14
0.835958,1.05595e-14
0.838583,1.06729e-14
0.841207,1.07856e-14
0.843832,1.08976e-14
0.846457,1.10089e-14
0.849081,1.11195e-14
0.851706,1.12292e-14
0.854331,1.1338e-14
0.856955,1.14459e-14
0.85958,1.15528e-14
0.862205,1.16588e-14
0.864829,1.17636e-14
0.867454,1.18674e-14
0.870079,1.19701e-14
0.872703,1.20715e-14
0.875328,1.21717e-14
0.877953,1.22706e-14
0.880577,1.23682e-14
0.883202,1.24645e-14
0.885827,1.25593e-14
0.888451,1.26526e-14
0.891076,1.27445e-14
0.893701,1.28348e-14
0.896325,1.29235e-14
0.89895,1.30106e-14
0.901575,1.3096e-14
0.904199,1.31797e-14
0.906824,1.32617e-14
0.909449,1.33419e-14
0.912073,1.34202e-14
0.914698,1.34967e-14
0.917323,1.35713e-14
0.919948,1.3644e-14
0.922572,1.37146e-14
0.925197,1.37833e-14
0.927822,1.38499e-14
0.930446,1.39145e-14
0.933071,1.39769e-14
0.935696,1.40372e-14
0.93832,1.40954e-14
0.940945,1.41513e-14
0.94357,1.4205e-14
0.946194,1.42565e-14
0.948819,1.43057e-14
0.951444,1.43526e-14
0.954068,1.43972e-14
0.956693,1.44394e-14
0.959318,1.44792e-14
0.961942,1.45167e-14
0.964567,1.45517e-14
0.967192,1.45843e-14
0.969816,1.46145e-14
0.972441,1.46422e-14
0.975066,1.46675e-14
0.97769,1.46902e-14
0.980315,1.47105e-14
0.98294,1.47282e-14
0.985564,1.47434e-14
0.988189,1.47561e-14
0.990814,1.47663e-14
0.993438,1.47739e-14
0.996063,1.4779e-14
0.998688,1.47816e-14
1.00131,1.47816e-14
1.00394,1.4779e-14
1.00656,1.47739e-14
1.00919,1.47663e-14
1.01181,1.47561e-14
1.01444,1.47434e-14
1.01706,1.47282e-14
1.01969,1.47105e-14
1.02231,1.46902e-14
1.02493,1.46675e-14
1.02756,1.46422e-14
1.03018,1.46145e-14
1.03281,1.45843e-14
1.03543,1.45517e-14
1.03806,1.45167e-14
1.04068,1.44792e-14
1.04331,1.44394e-14
1.04593,1.43972e-14
1.04856,1.43526e-14
1.05118,1.43057e-14
1.05381,1.42565e-14
1.05643,1.4205e-14
1.05906,1.41513e-14
1.06168,1.40954e-14
1.0643,1.40372e-14
1.06693,1.39769e-14
1.06955,1.39145e-14
1.07218,1.38499e-14
1.0748,1.37833e-14
1.07743,1.37146e-14
1.08005,1.3644e-14
1.08268,1.35713e-14
1.0853,1.34967e-14
1.08793,1.34202e-14
1.09055,1.33419e-14
1.09318,1.32617e-14
1.0958,1.31797e-14
1.09843,1.3096e-14
1.10105,1.30106e-14
1.10367,1.29235e-14
1.1063,1.28348e-14
1.10892,1.27445e-14
1.11155,1.26526e-14
1.11417,1.25593e-14
1.1168,1.24645e-14
1.11942,1.23682e-14
1.12205,1.22706e-14
1.12467,1.21717e-14
1.1273,1.20715e-14
1.12992,1.19701e-14
1.13255,1.18674e-14
1.13517,1.17636e-14
1.1378,1.16588e-14
1.14042,1.15528e-14
1.14304,1.14459e-14
1.14567,1.1338e-14
1.14829,1.12292e-14
1.15092,1.11195e-14
1.15354,1.10089e-14
1.15617,1.08976e-14
1.15879,1.07856e-14
1.16142,1.06729e-14
1.16404,1.05595e-14
1.16667,1.04456e-14
1.16929,1.03311e-14
1.17192,1.02161e-14
1.17454,1.01006e-14
1.17717,9.98474e-15
1.17979,9.86849e-15
1.18241,9.75191e-15
1.18504,9.63505e-15
1.18766,9.51796e-15
1.19029,9.40066e-15
1.19291,9.28321e-15
1.19554,9.16565e-15
1.19816,9.04803e-15
1.20079,8.93037e-15
1.20341,8.81272e-15
1.20604,8.69513e-15
1.20866,8.57763e-15
1.21129,8.46026e-15
1.21391,8.34306e-15
1.21654,8.22606e-15
1.21916,8.10931e-15
1.22178,7.99284e-15
1.22441,7.87669e-15
1.22703,7.76088e-15
1.22966,7.64547e-15
1.23228,7.53047e-15
1.23491,7.41592e-15
1.23753,7.30186e-15
1.24016,7.18832e-15
1.24278,7.07532e-15
1.24541,6.9629e-15
1.24803,6.85109e-15
1.25066,6.73991e-15
1.25328,6.62939e-15
1.25591,6.51956e-15
1.25853,6.41045e-15
1.26115,6.30208e-15
1.26378,6.19447e-15
1.2664,6.08765e-15
1.26903,5.98165e-15
1.27165,5.87647e-15
1.27428,5.77216e-15
1.2769,5.66871e-15
1.27953,5.56617e-15
1.28215,5.46453e-15
1.28478,5.36383e-15
1.2874,5.26408e-15
1.29003,5.16529e-15
1.29265,5.06749e-15
1.29528,4.97068e-15
1.2979,4.87488e-15
1.30052,4.7801e-15
1.30315,4.68636e-15
1.30577,4.59367e-15
1.3084,4.50203e-15
1.31102,4.41146e-15
1.31365,4.32197e-15
1.31627,4.23357e-15
1.3189,4.14626e-15
1.32152,4.06005e-15
1.32415,3.97495e-15
1.32677,3.89096e-15
1.3294,3.80809e-15
1.33202,3.72635e-15
1.33465,3.64573e-15
1.33727,3.56624e-15
1.3399,3.48788e-15
1.34252,3.41066e-15
1.34514,3.33457e-15
1.34777,3.25962e-15
1.35039,3.18581e-15
1.35302,3.11313e-15
1.35564,3.04158e-15
1.35827,2.97117e-15
1.36089,2.90189e-15
1.36352,2.83373e-15
1.36614,2.7667e-15
1.36877,2.70079e-15
1.37139,2.636e-15
1.37402,2.57231e-15
1.37664,2.50974e-15
1.37927,2.44826e-15
1.38189,2.38788e-15
1.38451,2.32858e-15
1.38714,2.27037e-15
1.38976,2.21323e-15
1.39239,2.15716e-15
1.39501,2.10215e-15
1.39764,2.04819e-15
1.40026,1.99527e-15
1.40289,1.94338e-15
1.40551,1.89251e-15
1.40814,1.84266e-15
1.41076,1.79381e-15
1.41339,1.74596e-15
1.41601,1.69909e-15
1.41864,1.6532e-15
1.42126,1.60826e-15
1.42388,1.56428e-15
1.42651,1.52124e-15
1.42913,1.47913e-15
1.43176,1.43794e-15
1.43438,1.39765e-15
1.43701,1.35826e-15
1.43963,1.31975e-15
1.44226,1.28211e-15
1.44488,1.24533e-15
1.44751,1.2094e-15
1.45013,1.1743e-15
1.45276,1.14003e-15
1.45538,1.10656e-15
1.45801,1.0739e-15
1.46063,1.04201e-15
1.46325,1.0109e-15
1.46588,9.8055e-16
1.4685,9.50947e-16
1.47113,9.22079e-16
1.47375,8.93933e-16
1.47638,8.66497e-16
1.479,8.39758e-16
1.48163,8.13704e-16
1.48425,7.88323e-16
1.48688,7.63602e-16
1.4895,7.39529e-16
1.49213,7.16091e-16
1.49475,6.93277e-16
1.49738,6.71074e-16
1.5,6.49471e-16
1.50262,6.28454e-16
1.50525,6.08013e-16
1.50787,5.88136e-16
1.5105,5.6881e-16
1.51312,5.50025e-16
1.51575,5.31768e-16
1.51837,5.14029e-16
1.521,4.96796e-16
1.52362,4.80058e-16
1.52625,4.63804e-16
1.52887,4.48024e-16
1.5315,4.32705e-16
1.53412,4.17839e-16
1.53675,4.03414e-16
1.53937,3.89419e-16
1.54199,3.75846e-16
1.54462,3.62683e-16
1.54724,3.49921e-16
1.54987,3.37549e-16
1.55249,3.2556e-16
1.55512,3.13941e-16
1.55774,3.02686e-16
1.56037,2.91783e-16
1.56299,2.81225e-16
1.56562,2.71003e-16
1.56824,2.61106e-16
1.57087,2.51528e-16
1.57349,2.4226e-16
1.57612,2.33293e-16
1.57874,2.24619e-16
1.58136,2.1623e-16
1.58399,2.08119e-16
1.58661,2.00278e-16
1.58924,1.92699e-16
1.59186,1.85374e-16
1.59449,1.78298e-16
1.59711,1.71462e-16
1.59974,1.6486e-16
1.60236,1.58484e-16
1.60499,1.52329e-16
1.60761,1.46388e-16
1.61024,1.40654e-16
1.61286,1.35122e-16
1.61549,1.29785e-16
1.61811,1.24637e-16
1.62073,1.19673e-16
1.62336,1.14886e-16
1.62598,1.10272e-16
1.62861,1.05826e-16
1.63123,1.01541e-16
1.63386,9.74124e-17
1.63648,9.34359e-17
1.63911,8.96063e-17
1.64173,8.59189e-17
1.64436,8.2369e-17
1.64698,7.89522e-17
1.64961,7.56641e-17
1.65223,7.25004e-17
1.65486,6.94571e-17
1.65748,6.653e-17
1.6601,6.37153e-17
1.66273,6.10092e-17
1.66535,5.8408e-17
1.66798,5.59081e-17
1.6706,5.35059e-17
1.67323,5.11981e-17
1.67585,4.89814e-17
1.67848,4.68527e-17
1.6811,4.48087e-17
1.68373,4.28465e-17
1.68635,4.09632e-17
1.68898,3.91559e-17
1.6916,3.7422e-17
1.69423,3.57586e-17
1.69685,3.41633e-17
1.69948,3.26335e-17
1.7021,3.11669e-17
1.70472,2.97611e-17
1.70735,2.84138e-17
1.70997,2.71228e-17
1.7126,2.5886e-17
1.71522,2.47013e-17
1.71785,2.35668e-17
1.72047,2.24806e-17
1.7231,2.14407e-17
1.72572,2.04454e-17
1.72835,1.94929e-17
1.73097,1.85816e-17
1.7336,1.77099e-17
1.73622,1.68761e-17
1.73885,1.60789e-17
1.74147,1.53166e-17
1.74409,1.4588e-17
1.74672,1.38917e-17
1.74934,1.32263e-17
1.75197,1.25906e-17
1.75459,1.19834e-17
1.75722,1.14035e-17
1.75984,1.08498e-17
1.76247,1.03213e-17
1.76509,9.81673e-18
1.76772,9.33527e-18
1.77034,8.87588e-18
1.77297,8.43766e-18
1.77559,8.01968e-18
1.77822,7.6211e-18
1.78084,7.24108e-18
1.78346,6.87883e-18
1.78609,6.53357e-18
1.78871,6.20458e-18
1.79134,5.89113e-18
1.79396,5.59256e-18
1.79659,5.3082e-18
1.79921,5.03744e-18
1.80184,4.77966e-18
1.80446,4.5343e-18
1.80709,4.30079e-18
1.80971,4.0786e-18
1.81234,3.86722e-18
1.81496,3.66617e-18
1.81759,3.47497e-18
1.82021,3.29318e-18
1.82283,3.12036e-18
1.82546,2.9561e-18
1.82808,2.8e-18
1.83071,2.65169e-18
1.83333,2.5108e-18
1.83596,2.37699e-18
1.83858,2.24992e-18
1.84121,2.12928e-18
1.84383,2.01476e-18
1.84646,1.90607e-18
1.84908,1.80294e-18
1.85171,1.70509e-18
1.85433,1.61227e-18
1.85696,1.52425e-18
1.85958,1.44078e-18
1.8622,1.36165e-18
1.86483,1.28664e-18
1.86745,1.21555e-18
1.87008,1.1482e-18
1.8727,1.08439e-18
1.87533,1.02395e-18
1.87795,9.66711e-19
1.88058,9.12516e-19
1.8832,8.6121e-19
1.88583,8.12649e-19
1.88845,7.66695e-19
1.89108,7.23214e-19
1.8937,6.82082e-19
1.89633,6.43178e-19
1.89895,6.06389e-19
1.90157,5.71605e-19
1.9042,5.38725e-19
1.90682,5.07648e-19
1.90945,4.78281e-19
1.91207,4.50536e-19
1.9147,4.24327e-19
1.91732,3.99574e-19
1.91995,3.762e-19
1.92257,3.54132e-19
1.9252,3.33302e-19
1.92782,3.13642e-19
1.93045,2.95092e-19
1.93307,2.77591e-19
1.9357,2.61082e-19
1.93832,2.45514e-19
1.94094,2.30834e-19
1.94357,2.16994e-19
1.94619,2.03949e-19
1.94882,1.91655e-19
1.95144,1.80071e-19
1.95407,1.69158e-19
1.95669,1.5888e-19
1.95932,1.492e-19
1.96194,1.40085e-19
1.96457,1.31505e-19
1.96719,1.23429e-19
1.96982,1.15829e-19
1.97244,1.08679e-19
1.97507,1.01952e-19
1.97769,9.5625e-20
1.98031,8.96753e-20
1.98294,8.40813e-20
1.98556,7.88227e-20
1.98819,7.38802e-20
1.99081,6.92357e-20
1.99344,6.4872e-20
1.99606,6.07729e-20
1.99869,5.6923e-20
