0.00143472,5.70972e-20
0.00430416,6.1331e-20
0.0071736,6.58652e-20
0.010043,7.072e-20
0.0129125,7.5917e-20
0.0157819,8.14792e-20
0.0186514,8.74309e-20
0.0215208,9.3798e-20
0.0243902,1.00608e-19
0.0272597,1.0789e-19
0.0301291,1.15676e-19
0.0329986,1.23998e-19
0.035868,1.32891e-19
0.0387374,1.42393e-19
0.0416069,1.52543e-19
0.0444763,1.63383e-19
0.0473458,1.74956e-19
0.0502152,1.87312e-19
0.0530846,2.00498e-19
0.0559541,2.14569e-19
0.0588235,2.29579e-19
0.061693,2.4559e-19
0.0645624,2.62662e-19
0.0674319,2.80864e-19
0.0703013,3.00265e-19
0.0731707,3.20941e-19
0.0760402,3.42969e-19
0.0789096,3.66434e-19
0.0817791,3.91424e-19
0.0846485,4.18032e-19
0.0875179,4.46357e-19
0.0903874,4.76503e-19
0.0932568,5.0858e-19
0.0961263,5.42705e-19
0.0989957,5.79001e-19
0.101865,6.17596e-19
0.104735,6.58629e-19
0.107604,7.02244e-19
0.110473,7.48592e-19
0.113343,7.97836e-19
0.116212,8.50143e-19
0.119082,9.05694e-19
0.121951,9.64676e-19
0.124821,1.02729e-18
0.12769,1.09374e-18
0.13056,1.16425e-18
0.133429,1.23905e-18
0.136298,1.31838e-18
0.139168,1.4025e-18
0.142037,1.49169e-18
0.144907,1.58622e-18
0.147776,1.68639e-18
0.150646,1.79252e-18
0.153515,1.90494e-18
0.156385,2.02399e-18
0.159254,2.15003e-18
0.162123,2.28346e-18
0.164993,2.42467e-18
0.167862,2.57408e-18
0.170732,2.73214e-18
0.173601,2.8993e-18
0.176471,3.07606e-18
0.17934,3.26292e-18
0.182209,3.46042e-18
0.185079,3.66912e-18
0.187948,3.88961e-18
0.190818,4.1225e-18
0.193687,4.36843e-18
0.196557,4.62808e-18
0.199426,4.90216e-18
0.202296,5.1914e-18
0.205165,5.49657e-18
0.208034,5.81848e-18
0.210904,6.15798e-18
0.213773,6.51595e-18
0.216643,6.8933e-18
0.219512,7.29101e-18
0.222382,7.71008e-18
0.225251,8.15156e-18
0.228121,8.61654e-18
0.23099,9.10617e-18
0.233859,9.62164e-18
0.236729,1.01642e-17
0.239598,1.07351e-17
0.242468,1.13358e-17
0.245337,1.19677e-17
0.248207,1.26321e-17
0.251076,1.33307e-17
0.253945,1.4065e-17
0.256815,1.48367e-17
0.259684,1.56476e-17
0.262554,1.64994e-17
0.265423,1.73939e-17
0.268293,1.83332e-17
0.271162,1.93192e-17
0.274032,2.03541e-17
0.276901,2.14399e-17
0.27977,2.25791e-17
0.28264,2.37739e-17
0.285509,2.50268e-17
0.288379,2.63402e-17
0.291248,2.77169e-17
0.294118,2.91596e-17
0.296987,3.0671e-17
0.299857,3.22542e-17
0.302726,3.3912e-17
0.305595,3.56478e-17
0.308465,3.74646e-17
0.311334,3.9366e-17
0.314204,4.13553e-17
0.317073,4.34363e-17
0.319943,4.56125e-17
0.322812,4.78879e-17
0.325681,5.02665e-17
0.328551,5.27524e-17
0.33142,5.53498e-17
0.33429,5.80632e-17
0.337159,6.0897e-17
0.340029,6.3856e-17
0.342898,6.6945e-17
0.345768,7.0169e-17
0.348637,7.35331e-17
0.351506,7.70427e-17
0.354376,8.07031e-17
0.357245,8.452e-17
0.360115,8.84992e-17
0.362984,9.26468e-17
0.365854,9.69687e-17
0.368723,1.01471e-16
0.371593,1.06161e-16
0.374462,1.11045e-16
0.377331,1.16129e-16
0.380201,1.21422e-16
0.38307,1.26929e-16
0.38594,1.32659e-16
0.388809,1.38619e-16
0.391679,1.44817e-16
0.394548,1.51261e-16
0.397418,1.57959e-16
0.400287,1.6492e-16
0.403156,1.72152e-16
0.406026,1.79665e-16
0.408895,1.87466e-16
0.411765,1.95566e-16
0.414634,2.03974e-16
0.417504,2.127e-16
0.420373,2.21753e-16
0.423242,2.31144e-16
0.426112,2.40884e-16
0.428981,2.50981e-16
0.431851,2.61449e-16
0.43472,2.72297e-16
0.43759,2.83536e-16
0.440459,2.95179e-16
0.443329,3.07237e-16
0.446198,3.19721e-16
0.449067,3.32644e-16
0.451937,3.46019e-16
0.454806,3.59857e-16
0.457676,3.74171e-16
0.460545,3.88975e-16
0.463415,4.04281e-16
0.466284,4.20103e-16
0.469154,4.36454e-16
0.472023,4.53348e-16
0.474892,4.708e-16
0.477762,4.88822e-16
0.480631,5.0743e-16
0.483501,5.26638e-16
0.48637,5.46461e-16
0.48924,5.66913e-16
0.492109,5.88009e-16
0.494978,6.09765e-16
0.497848,6.32196e-16
0.500717,6.55316e-16
0.503587,6.79143e-16
0.506456,7.03691e-16
0.509326,7.28977e-16
0.512195,7.55015e-16
0.515065,7.81823e-16
0.517934,8.09416e-16
0.520803,8.3781e-16
0.523673,8.67021e-16
0.526542,8.97067e-16
0.529412,9.27963e-16
0.532281,9.59725e-16
0.535151,9.9237e-16
0.53802,1.02591e-15
0.54089,1.06037e-15
0.543759,1.09577e-15
0.546628,1.13211e-15
0.549498,1.16941e-15
0.552367,1.2077e-15
0.555237,1.24698e-15
0.558106,1.28727e-15
0.560976,1.3286e-15
0.563845,1.37096e-15
0.566714,1.41439e-15
0.569584,1.45889e-15
0.572453,1.50449e-15
0.575323,1.55118e-15
0.578192,1.599e-15
0.581062,1.64796e-15
0.583931,1.69806e-15
0.586801,1.74933e-15
0.58967,1.80177e-15
0.592539,1.8554e-15
0.595409,1.91024e-15
0.598278,1.96629e-15
0.601148,2.02357e-15
0.604017,2.08209e-15
0.606887,2.14186e-15
0.609756,2.2029e-15
0.612626,2.26521e-15
0.615495,2.3288e-15
0.618364,2.39368e-15
0.621234,2.45986e-15
0.624103,2.52736e-15
0.626973,2.59617e-15
0.629842,2.6663e-15
0.632712,2.73777e-15
0.635581,2.81057e-15
0.638451,2.88472e-15
0.64132,2.96021e-15
0.644189,3.03705e-15
0.647059,3.11525e-15
0.649928,3.1948e-15
0.652798,3.27571e-15
0.655667,3.35798e-15
0.658537,3.4416e-15
0.661406,3.52658e-15
0.664275,3.61292e-15
0.667145,3.7006e-15
0.670014,3.78964e-15
0.672884,3.88002e-15
0.675753,3.97173e-15
0.678623,4.06478e-15
0.681492,4.15915e-15
0.684362,4.25484e-15
0.687231,4.35183e-15
0.6901,4.45012e-15
0.69297,4.54969e-15
0.695839,4.65053e-15
0.698709,4.75263e-15
0.701578,4.85596e-15
0.704448,4.96053e-15
0.707317,5.0663e-15
0.710187,5.17327e-15
0.713056,5.2814e-15
0.715925,5.39069e-15
0.718795,5.5011e-15
0.721664,5.61262e-15
0.724534,5.72522e-15
0.727403,5.83888e-15
0.730273,5.95357e-15
0.733142,6.06927e-15
0.736011,6.18594e-15
0.738881,6.30355e-15
0.74175,6.42208e-15
0.74462,6.54149e-15
0.747489,6.66174e-15
0.750359,6.78282e-15
0.753228,6.90467e-15
0.756098,7.02726e-15
0.758967,7.15056e-15
0.761836,7.27453e-15
0.764706,7.39912e-15
0.767575,7.52429e-15
0.770445,7.65001e-15
0.773314,7.77623e-15
0.776184,7.90291e-15
0.779053,8.02999e-15
0.781923,8.15744e-15
0.784792,8.2852e-15
0.787661,8.41324e-15
0.790531,8.54149e-15
0.7934,8.66992e-15
0.79627,8.79846e-15
0.799139,8.92708e-15
0.802009,9.05571e-15
0.804878,9.1843e-15
0.807747,9.3128e-15
0.810617,9.44115e-15
0.813486,9.56931e-15
0.816356,9.6972e-15
0.819225,9.82479e-15
0.822095,9.952e-15
0.824964,1.00788e-14
0.827834,1.02051e-14
0.830703,1.03308e-14
0.833572,1.0456e-14
0.836442,1.05805e-14
0.839311,1.07043e-14
0.842181,1.08273e-14
0.84505,1.09494e-14
0.84792,1.10706e-14
0.850789,1.11909e-14
0.853659,1.13102e-14
0.856528,1.14284e-14
0.859397,1.15454e-14
0.862267,1.16613e-14
0.865136,1.17758e-14
0.868006,1.18891e-14
0.870875,1.2001e-14
0.873745,1.21114e-14
0.876614,1.22203e-14
0.879484,1.23277e-14
0.882353,1.24335e-14
0.885222,1.25376e-14
0.888092,1.26399e-14
0.890961,1.27405e-14
0.893831,1.28392e-14
0.8967,1.2936e-14
0.89957,1.30309e-14
0.902439,1.31238e-14
0.905308,1.32146e-14
0.908178,1.33033e-14
0.911047,1.33898e-14
0.913917,1.34742e-14
0.916786,1.35562e-14
0.919656,1.3636e-14
0.922525,1.37134e-14
0.925395,1.37884e-14
0.928264,1.3861e-14
0.931133,1.3931e-14
0.934003,1.39986e-14
0.936872,1.40636e-14
0.939742,1.4126e-14
0.942611,1.41857e-14
0.945481,1.42427e-14
0.94835,1.42971e-14
0.95122,1.43487e-14
0.954089,1.43975e-14
0.956958,1.44435e-14
0.959828,1.44867e-14
0.962697,1.4527e-14
0.965567,1.45644e-14
0.968436,1.45989e-14
0.971306,1.46305e-14
0.974175,1.46592e-14
0.977044,1.46848e-14
0.979914,1.47075e-14
0.982783,1.47272e-14
0.985653,1.47439e-14
0.988522,1.47576e-14
0.991392,1.47682e-14
0.994261,1.47758e-14
0.997131,1.47804e-14
1,1.47819e-14
1.00287,1.47804e-14
1.00574,1.47758e-14
1.00861,1.47682e-14
1.01148,1.47576e-14
1.01435,1.47439e-14
1.01722,1.47272e-14
1.02009,1.47075e-14
1.02296,1.46848e-14
1.02582,1.46592e-14
1.02869,1.46305e-14
1.03156,1.45989e-14
1.03443,1.45644e-14
1.0373,1.4527e-14
1.04017,1.44867e-14
1.04304,1.44435e-14
1.04591,1.43975e-14
1.04878,1.43487e-14
1.05165,1.42971e-14
1.05452,1.42427e-14
1.05739,1.41857e-14
1.06026,1.4126e-14
1.06313,1.40636e-14
1.066,1.39986e-14
1.06887,1.3931e-14
1.07174,1.3861e-14
1.07461,1.37884e-14
1.07747,1.37134e-14
1.08034,1.3636e-14
1.08321,1.35562e-14
1.08608,1.34742e-14
1.08895,1.33898e-14
1.09182,1.33033e-14
1.09469,1.32146e-14
1.09756,1.31238e-14
1.10043,1.30309e-14
1.1033,1.2936e-14
1.10617,1.28392e-14
1.10904,1.27405e-14
1.11191,1.26399e-14
1.11478,1.25376e-14
1.11765,1.24335e-14
1.12052,1.23277e-14
1.12339,1.22203e-14
1.12626,1.21114e-14
1.12912,1.2001e-14
1.13199,1.18891e-14
1.13486,1.17758e-14
1.13773,1.16613e-14
1.1406,1.15454e-14
1.14347,1.14284e-14
1.14634,1.13102e-14
1.14921,1.11909e-14
1.15208,1.10706e-14
1.15495,1.09494e-14
1.15782,1.08273e-14
1.16069,1.07043e-14
1.16356,1.05805e-14
1.16643,1.0456e-14
1.1693,1.03308e-14
1.17217,1.02051e-14
1.17504,1.00788e-14
1.17791,9.952e-15
1.18077,9.82479e-15
1.18364,9.6972e-15
1.18651,9.56931e-15
1.18938,9.44115e-15
1.19225,9.3128e-15
1.19512,9.1843e-15
1.19799,9.05571e-15
1.20086,8.92708e-15
1.20373,8.79846e-15
1.2066,8.66992e-15
1.20947,8.54149e-15
1.21234,8.41324e-15
1.21521,8.2852e-15
1.21808,8.15744e-15
1.22095,8.02999e-15
1.22382,7.90291e-15
1.22669,7.77623e-15
1.22956,7.65001e-15
1.23242,7.52429e-15
1.23529,7.39912e-15
1.23816,7.27453e-15
1.24103,7.15056e-15
1.2439,7.02726e-15
1.24677,6.90467e-15
1.24964,6.78282e-15
1.25251,6.66174e-15
1.25538,6.54149e-15
1.25825,6.42208e-15
1.26112,6.30355e-15
1.26399,6.18594e-15
1.26686,6.06927e-15
1.26973,5.95357e-15
1.2726,5.83888e-15
1.27547,5.72522e-15
1.27834,5.61262e-15
1.28121,5.5011e-15
1.28407,5.39069e-15
1.28694,5.2814e-15
1.28981,5.17327e-15
1.29268,5.0663e-15
1.29555,4.96053e-15
1.29842,4.85596e-15
1.30129,4.75263e-15
1.30416,4.65053e-15
1.30703,4.54969e-15
1.3099,4.45012e-15
1.31277,4.35183e-15
1.31564,4.25484e-15
1.31851,4.15915e-15
1.32138,4.06478e-15
1.32425,3.97173e-15
1.32712,3.88002e-15
1.32999,3.78964e-15
1.33286,3.7006e-15
1.33572,3.61292e-15
1.33859,3.52658e-15
1.34146,3.4416e-15
1.34433,3.35798e-15
1.3472,3.27571e-15
1.35007,3.1948e-15
1.35294,3.11525e-15
1.35581,3.03705e-15
1.35868,2.96021e-15
1.36155,2.88472e-15
1.36442,2.81057e-15
1.36729,2.73777e-15
1.37016,2.6663e-15
1.37303,2.59617e-15
1.3759,2.52736e-15
1.37877,2.45986e-15
1.38164,2.39368e-15
1.38451,2.3288e-15
1.38737,2.26521e-15
1.39024,2.2029e-15
1.39311,2.14186e-15
1.39598,2.08209e-15
1.39885,2.02357e-15
1.40172,1.96629e-15
1.40459,1.91024e-15
1.40746,1.8554e-15
1.41033,1.80177e-15
1.4132,1.74933e-15
1.41607,1.69806e-15
1.41894,1.64796e-15
1.42181,1.599e-15
1.42468,1.55118e-15
1.42755,1.50449e-15
1.43042,1.45889e-15
1.43329,1.41439e-15
1.43615,1.37096e-15
1.43902,1.3286e-15
1.44189,1.28727e-15
1.44476,1.24698e-15
1.44763,1.2077e-15
1.4505,1.16941e-15
1.45337,1.13211e-15
1.45624,1.09577e-15
1.45911,1.06037e-15
1.46198,1.02591e-15
1.46485,9.9237e-16
1.46772,9.59725e-16
1.47059,9.27963e-16
1.47346,8.97067e-16
1.47633,8.67021e-16
1.4792,8.3781e-16
1.48207,8.09416e-16
1.48494,7.81823e-16
1.4878,7.55015e-16
1.49067,7.28977e-16
1.49354,7.03691e-16
1.49641,6.79143e-16
1.49928,6.55316e-16
1.50215,6.32196e-16
1.50502,6.09765e-16
1.50789,5.88009e-16
1.51076,5.66913e-16
1.51363,5.46461e-16
1.5165,5.26638e-16
1.51937,5.0743e-16
1.52224,4.88822e-16
1.52511,4.708e-16
1.52798,4.53348e-16
1.53085,4.36454e-16
1.53372,4.20103e-16
1.53659,4.04281e-16
1.53945,3.88975e-16
1.54232,3.74171e-16
1.54519,3.59857e-16
1.54806,3.46019e-16
1.55093,3.32644e-16
1.5538,3.19721e-16
1.55667,3.07237e-16
1.55954,2.95179e-16
1.56241,2.83536e-16
1.56528,2.72297e-16
1.56815,2.61449e-16
1.57102,2.50981e-16
1.57389,2.40884e-16
1.57676,2.31144e-16
1.57963,2.21753e-16
1.5825,2.127e-16
1.58537,2.03974e-16
1.58824,1.95566e-16
1.5911,1.87466e-16
1.59397,1.79665e-16
1.59684,1.72152e-16
1.59971,1.6492e-16
1.60258,1.57959e-16
1.60545,1.51261e-16
1.60832,1.44817e-16
1.61119,1.38619e-16
1.61406,1.32659e-16
1.61693,1.26929e-16
1.6198,1.21422e-16
1.62267,1.16129e-16
1.62554,1.11045e-16
1.62841,1.06161e-16
1.63128,1.01471e-16
1.63415,9.69687e-17
1.63702,9.26468e-17
1.63989,8.84992e-17
1.64275,8.452e-17
1.64562,8.07031e-17
1.64849,7.70427e-17
1.65136,7.35331e-17
1.65423,7.0169e-17
1.6571,6.6945e-17
1.65997,6.3856e-17
1.66284,6.0897e-17
1.66571,5.80632e-17
1.66858,5.53498e-17
1.67145,5.27524e-17
1.67432,5.02665e-17
1.67719,4.78879e-17
1.68006,4.56125e-17
1.68293,4.34363e-17
1.6858,4.13553e-17
1.68867,3.9366e-17
1.69154,3.74646e-17
1.6944,3.56478e-17
1.69727,3.3912e-17
1.70014,3.22542e-17
1.70301,3.0671e-17
1.70588,2.91596e-17
1.70875,2.77169e-17
1.71162,2.63402e-17
1.71449,2.50268e-17
1.71736,2.37739e-17
1.72023,2.25791e-17
1.7231,2.14399e-17
1.72597,2.03541e-17
1.72884,1.93192e-17
1.73171,1.83332e-17
1.73458,1.73939e-17
1.73745,1.64994e-17
1.74032,1.56476e-17
1.74319,1.48367e-17
1.74605,1.4065e-17
1.74892,1.33307e-17
1.75179,1.26321e-17
1.75466,1.19677e-17
1.75753,1.13358e-17
1.7604,1.07351e-17
1.76327,1.01642e-17
1.76614,9.62164e-18
1.76901,9.10617e-18
1.77188,8.61654e-18
1.77475,8.15156e-18
1.77762,7.71008e-18
1.78049,7.29101e-18
1.78336,6.8933e-18
1.78623,6.51595e-18
1.7891,6.15798e-18
1.79197,5.81848e-18
1.79484,5.49657e-18
1.7977,5.1914e-18
1.80057,4.90216e-18
1.80344,4.62808e-18
1.80631,4.36843e-18
1.80918,4.1225e-18
1.81205,3.88961e-18
1.81492,3.66912e-18
1.81779,3.46042e-18
1.82066,3.26292e-18
1.82353,3.07606e-18
1.8264,2.8993e-18
1.82927,2.73214e-18
1.83214,2.57408e-18
1.83501,2.42467e-18
1.83788,2.28346e-18
1.84075,2.15003e-18
1.84362,2.02399e-18
1.84648,1.90494e-18
1.84935,1.79252e-18
1.85222,1.68639e-18
1.85509,1.58622e-18
1.85796,1.49169e-18
1.86083,1.4025e-18
1.8637,1.31838e-18
1.86657,1.23905e-18
1.86944,1.16425e-18
1.87231,1.09374e-18
1.87518,1.02729e-18
1.87805,9.64676e-19
1.88092,9.05694e-19
1.88379,8.50143e-19
1.88666,7.97836e-19
1.88953,7.48592e-19
1.8924,7.02244e-19
1.89527,6.58629e-19
1.89813,6.17596e-19
1.901,5.79001e-19
1.90387,5.42705e-19
1.90674,5.0858e-19
1.90961,4.76503e-19
1.91248,4.46357e-19
1.91535,4.18032e-19
1.91822,3.91424e-19
1.92109,3.66434e-19
1.92396,3.42969e-19
1.92683,3.20941e-19
1.9297,3.00265e-19
1.93257,2.80864e-19
1.93544,2.62662e-19
1.93831,2.4559e-19
1.94118,2.29579e-19
1.94405,2.14569e-19
1.94692,2.00498e-19
1.94978,1.87312e-19
1.95265,1.74956e-19
1.95552,1.63383e-19
1.95839,1.52543e-19
1.96126,1.42393e-19
1.96413,1.32891e-19
1.967,1.23998e-19
1.96987,1.15676e-19
1.97274,1.0789e-19
1.97561,1.00608e-19
1.97848,9.3798e-20
1.98135,8.74309e-20
1.98422,8.14792e-20
1.98709,7.5917e-20
1.98996,7.072e-20
1.99283,6.58652e-20
1.9957,6.1331e-20
1.99857,5.70972e-20
