0.00109051,5.66086e-20
0.00327154,5.97738e-20
0.00545256,6.31085e-20
0.00763359,6.66213e-20
0.00981461,7.03213e-20
0.0119956,7.42179e-20
0.0141767,7.83211e-20
0.0163577,8.26414e-20
0.0185387,8.71896e-20
0.0207197,9.19771e-20
0.0229008,9.70161e-20
0.0250818,1.02319e-19
0.0272628,1.07899e-19
0.0294438,1.13769e-19
0.0316249,1.19945e-19
0.0338059,1.26441e-19
0.0359869,1.33273e-19
0.0381679,1.40457e-19
0.040349,1.48011e-19
0.04253,1.55953e-19
0.044711,1.64301e-19
0.046892,1.73076e-19
0.0490731,1.82297e-19
0.0512541,1.91987e-19
0.0534351,2.02168e-19
0.0556161,2.12864e-19
0.0577972,2.24099e-19
0.0599782,2.35898e-19
0.0621592,2.4829e-19
0.0643402,2.61301e-19
0.0665213,2.74962e-19
0.0687023,2.89302e-19
0.0708833,3.04354e-19
0.0730643,3.20151e-19
0.0752454,3.36727e-19
0.0774264,3.5412e-19
0.0796074,3.72368e-19
0.0817884,3.91508e-19
0.0839695,4.11584e-19
0.0861505,4.32638e-19
0.0883315,4.54715e-19
0.0905125,4.77861e-19
0.0926936,5.02126e-19
0.0948746,5.2756e-19
0.0970556,5.54217e-19
0.0992366,5.82151e-19
0.101418,6.11421e-19
0.103599,6.42086e-19
0.10578,6.74208e-19
0.107961,7.07854e-19
0.110142,7.4309e-19
0.112323,7.79987e-19
0.114504,8.1862e-19
0.116685,8.59063e-19
0.118866,9.01397e-19
0.121047,9.45705e-19
0.123228,9.92073e-19
0.125409,1.04059e-18
0.12759,1.09135e-18
0.129771,1.14445e-18
0.131952,1.19999e-18
0.134133,1.25808e-18
0.136314,1.31882e-18
0.138495,1.38233e-18
0.140676,1.44873e-18
0.142857,1.51814e-18
0.145038,1.59068e-18
0.147219,1.66649e-18
0.1494,1.7457e-18
0.151581,1.82847e-18
0.153762,1.91493e-18
0.155943,2.00523e-18
0.158124,2.09955e-18
0.160305,2.19805e-18
0.162486,2.30089e-18
0.164667,2.40825e-18
0.166848,2.52033e-18
0.169029,2.6373e-18
0.17121,2.75938e-18
0.173391,2.88677e-18
0.175573,3.01968e-18
0.177754,3.15833e-18
0.179935,3.30295e-18
0.182116,3.45379e-18
0.184297,3.61108e-18
0.186478,3.77509e-18
0.188659,3.94608e-18
0.19084,4.12433e-18
0.193021,4.31011e-18
0.195202,4.50373e-18
0.197383,4.70548e-18
0.199564,4.91569e-18
0.201745,5.13467e-18
0.203926,5.36278e-18
0.206107,5.60035e-18
0.208288,5.84775e-18
0.210469,6.10535e-18
0.21265,6.37355e-18
0.214831,6.65273e-18
0.217012,6.94332e-18
0.219193,7.24574e-18
0.221374,7.56043e-18
0.223555,7.88785e-18
0.225736,8.22847e-18
0.227917,8.58278e-18
0.230098,8.95128e-18
0.232279,9.3345e-18
0.23446,9.73296e-18
0.236641,1.01472e-17
0.238822,1.05779e-17
0.241003,1.10255e-17
0.243184,1.14906e-17
0.245365,1.1974e-17
0.247546,1.24762e-17
0.249727,1.2998e-17
0.251908,1.354e-17
0.254089,1.41028e-17
0.25627,1.46874e-17
0.258451,1.52943e-17
0.260632,1.59244e-17
0.262814,1.65785e-17
0.264995,1.72575e-17
0.267176,1.79621e-17
0.269357,1.86932e-17
0.271538,1.94518e-17
0.273719,2.02388e-17
0.2759,2.10551e-17
0.278081,2.19017e-17
0.280262,2.27797e-17
0.282443,2.369e-17
0.284624,2.46338e-17
0.286805,2.56121e-17
0.288986,2.66261e-17
0.291167,2.7677e-17
0.293348,2.87659e-17
0.295529,2.98942e-17
0.29771,3.1063e-17
0.299891,3.22736e-17
0.302072,3.35274e-17
0.304253,3.48258e-17
0.306434,3.61702e-17
0.308615,3.7562e-17
0.310796,3.90027e-17
0.312977,4.04939e-17
0.315158,4.20371e-17
0.317339,4.36339e-17
0.31952,4.5286e-17
0.321701,4.6995e-17
0.323882,4.87628e-17
0.326063,5.0591e-17
0.328244,5.24815e-17
0.330425,5.44362e-17
0.332606,5.6457e-17
0.334787,5.85458e-17
0.336968,6.07047e-17
0.339149,6.29357e-17
0.34133,6.5241e-17
0.343511,6.76226e-17
0.345692,7.00829e-17
0.347874,7.2624e-17
0.350055,7.52483e-17
0.352236,7.79582e-17
0.354417,8.07561e-17
0.356598,8.36444e-17
0.358779,8.66257e-17
0.36096,8.97027e-17
0.363141,9.28779e-17
0.365322,9.6154e-17
0.367503,9.95338e-17
0.369684,1.0302e-16
0.371865,1.06616e-16
0.374046,1.10324e-16
0.376227,1.14148e-16
0.378408,1.1809e-16
0.380589,1.22154e-16
0.38277,1.26342e-16
0.384951,1.30659e-16
0.387132,1.35107e-16
0.389313,1.3969e-16
0.391494,1.44411e-16
0.393675,1.49274e-16
0.395856,1.54282e-16
0.398037,1.5944e-16
0.400218,1.6475e-16
0.402399,1.70217e-16
0.40458,1.75844e-16
0.406761,1.81636e-16
0.408942,1.87596e-16
0.411123,1.93729e-16
0.413304,2.00038e-16
0.415485,2.06529e-16
0.417666,2.13204e-16
0.419847,2.2007e-16
0.422028,2.27129e-16
0.424209,2.34387e-16
0.42639,2.41848e-16
0.428571,2.49517e-16
0.430752,2.57398e-16
0.432933,2.65497e-16
0.435115,2.73818e-16
0.437296,2.82366e-16
0.439477,2.91146e-16
0.441658,3.00164e-16
0.443839,3.09424e-16
0.44602,3.18933e-16
0.448201,3.28694e-16
0.450382,3.38713e-16
0.452563,3.48997e-16
0.454744,3.5955e-16
0.456925,3.70378e-16
0.459106,3.81487e-16
0.461287,3.92882e-16
0.463468,4.04569e-16
0.465649,4.16555e-16
0.46783,4.28845e-16
0.470011,4.41444e-16
0.472192,4.5436e-16
0.474373,4.67599e-16
0.476554,4.81165e-16
0.478735,4.95067e-16
0.480916,5.09309e-16
0.483097,5.23899e-16
0.485278,5.38843e-16
0.487459,5.54147e-16
0.48964,5.69818e-16
0.491821,5.85863e-16
0.494002,6.02288e-16
0.496183,6.19099e-16
0.498364,6.36304e-16
0.500545,6.5391e-16
0.502726,6.71923e-16
0.504907,6.9035e-16
0.507088,7.09197e-16
0.509269,7.28473e-16
0.51145,7.48184e-16
0.513631,7.68336e-16
0.515812,7.88938e-16
0.517993,8.09996e-16
0.520174,8.31517e-16
0.522356,8.53508e-16
0.524537,8.75976e-16
0.526718,8.98929e-16
0.528899,9.22374e-16
0.53108,9.46318e-16
0.533261,9.70768e-16
0.535442,9.95731e-16
0.537623,1.02121e-15
0.539804,1.04723e-15
0.541985,1.07377e-15
0.544166,1.10086e-15
0.546347,1.1285e-15
0.548528,1.15669e-15
0.550709,1.18545e-15
0.55289,1.21478e-15
0.555071,1.24468e-15
0.557252,1.27517e-15
0.559433,1.30625e-15
0.561614,1.33793e-15
0.563795,1.37021e-15
0.565976,1.40311e-15
0.568157,1.43663e-15
0.570338,1.47077e-15
0.572519,1.50554e-15
0.5747,1.54096e-15
0.576881,1.57701e-15
0.579062,1.61372e-15
0.581243,1.65109e-15
0.583424,1.68912e-15
0.585605,1.72783e-15
0.587786,1.76721e-15
0.589967,1.80727e-15
0.592148,1.84802e-15
0.594329,1.88947e-15
0.59651,1.93161e-15
0.598691,1.97446e-15
0.600872,2.01802e-15
0.603053,2.0623e-15
0.605234,2.10729e-15
0.607415,2.15302e-15
0.609597,2.19947e-15
0.611778,2.24666e-15
0.613959,2.29459e-15
0.61614,2.34326e-15
0.618321,2.39268e-15
0.620502,2.44285e-15
0.622683,2.49378e-15
0.624864,2.54546e-15
0.627045,2.59791e-15
0.629226,2.65112e-15
0.631407,2.7051e-15
0.633588,2.75986e-15
0.635769,2.81538e-15
0.63795,2.87168e-15
0.640131,2.92876e-15
0.642312,2.98662e-15
0.644493,3.04526e-15
0.646674,3.10468e-15
0.648855,3.16489e-15
0.651036,3.22587e-15
0.653217,3.28765e-15
0.655398,3.3502e-15
0.657579,3.41354e-15
0.65976,3.47767e-15
0.661941,3.54258e-15
0.664122,3.60827e-15
0.666303,3.67474e-15
0.668484,3.74199e-15
0.670665,3.81002e-15
0.672846,3.87883e-15
0.675027,3.9484e-15
0.677208,4.01875e-15
0.679389,4.08987e-15
0.68157,4.16174e-15
0.683751,4.23438e-15
0.685932,4.30778e-15
0.688113,4.38192e-15
0.690294,4.45681e-15
0.692475,4.53244e-15
0.694656,4.60881e-15
0.696838,4.6859e-15
0.699019,4.76372e-15
0.7012,4.84226e-15
0.703381,4.9215e-15
0.705562,5.00145e-15
0.707743,5.08209e-15
0.709924,5.16342e-15
0.712105,5.24542e-15
0.714286,5.3281e-15
0.716467,5.41143e-15
0.718648,5.49541e-15
0.720829,5.58004e-15
0.72301,5.66529e-15
0.725191,5.75116e-15
0.727372,5.83764e-15
0.729553,5.92471e-15
0.731734,6.01237e-15
0.733915,6.1006e-15
0.736096,6.18938e-15
0.738277,6.27872e-15
0.740458,6.36858e-15
0.742639,6.45897e-15
0.74482,6.54985e-15
0.747001,6.64123e-15
0.749182,6.73308e-15
0.751363,6.82539e-15
0.753544,6.91814e-15
0.755725,7.01131e-15
0.757906,7.1049e-15
0.760087,7.19888e-15
0.762268,7.29324e-15
0.764449,7.38795e-15
0.76663,7.48301e-15
0.768811,7.57838e-15
0.770992,7.67406e-15
0.773173,7.77003e-15
0.775354,7.86625e-15
0.777535,7.96273e-15
0.779716,8.05942e-15
0.781897,8.15632e-15
0.784079,8.25341e-15
0.78626,8.35066e-15
0.788441,8.44804e-15
0.790622,8.54555e-15
0.792803,8.64316e-15
0.794984,8.74084e-15
0.797165,8.83857e-15
0.799346,8.93634e-15
0.801527,9.03411e-15
0.803708,9.13186e-15
0.805889,9.22957e-15
0.80807,9.32722e-15
0.810251,9.42479e-15
0.812432,9.52224e-15
0.814613,9.61955e-15
0.816794,9.7167e-15
0.818975,9.81367e-15
0.821156,9.91043e-15
0.823337,1.00069e-14
0.825518,1.01032e-14
0.827699,1.01992e-14
0.82988,1.02948e-14
0.832061,1.03902e-14
0.834242,1.04851e-14
0.836423,1.05797e-14
0.838604,1.06738e-14
0.840785,1.07675e-14
0.842966,1.08608e-14
0.845147,1.09535e-14
0.847328,1.10457e-14
0.849509,1.11374e-14
0.85169,1.12285e-14
0.853871,1.1319e-14
0.856052,1.14089e-14
0.858233,1.14981e-14
0.860414,1.15866e-14
0.862595,1.16744e-14
0.864776,1.17615e-14
0.866957,1.18479e-14
0.869138,1.19334e-14
0.87132,1.20182e-14
0.873501,1.21021e-14
0.875682,1.21851e-14
0.877863,1.22673e-14
0.880044,1.23485e-14
0.882225,1.24288e-14
0.884406,1.25081e-14
0.886587,1.25864e-14
0.888768,1.26638e-14
0.890949,1.274e-14
0.89313,1.28153e-14
0.895311,1.28894e-14
0.897492,1.29624e-14
0.899673,1.30343e-14
0.901854,1.3105e-14
0.904035,1.31745e-14
0.906216,1.32429e-14
0.908397,1.331e-14
0.910578,1.33758e-14
0.912759,1.34404e-14
0.91494,1.35037e-14
0.917121,1.35657e-14
0.919302,1.36263e-14
0.921483,1.36856e-14
0.923664,1.37435e-14
0.925845,1.38e-14
0.928026,1.3855e-14
0.930207,1.39087e-14
0.932388,1.39609e-14
0.934569,1.40116e-14
0.93675,1.40609e-14
0.938931,1.41086e-14
0.941112,1.41548e-14
0.943293,1.41995e-14
0.945474,1.42426e-14
0.947655,1.42842e-14
0.949836,1.43242e-14
0.952017,1.43625e-14
0.954198,1.43993e-14
0.956379,1.44345e-14
0.958561,1.4468e-14
0.960742,1.44998e-14
0.962923,1.453e-14
0.965104,1.45586e-14
0.967285,1.45854e-14
0.969466,1.46106e-14
0.971647,1.46341e-14
0.973828,1.46559e-14
0.976009,1.46759e-14
0.97819,1.46943e-14
0.980371,1.47109e-14
0.982552,1.47257e-14
0.984733,1.47389e-14
0.986914,1.47503e-14
0.989095,1.47599e-14
0.991276,1.47678e-14
0.993457,1.4774e-14
0.995638,1.47784e-14
0.997819,1.4781e-14
1,1.47819e-14
1.00218,1.4781e-14
1.00436,1.47784e-14
1.00654,1.4774e-14
1.00872,1.47678e-14
1.01091,1.47599e-14
1.01309,1.47503e-14
1.01527,1.47389e-14
1.01745,1.47257e-14
1.01963,1.47109e-14
1.02181,1.46943e-14
1.02399,1.46759e-14
1.02617,1.46559e-14
1.02835,1.46341e-14
1.03053,1.46106e-14
1.03272,1.45854e-14
1.0349,1.45586e-14
1.03708,1.453e-14
1.03926,1.44998e-14
1.04144,1.4468e-14
1.04362,1.44345e-14
1.0458,1.43993e-14
1.04798,1.43625e-14
1.05016,1.43242e-14
1.05234,1.42842e-14
1.05453,1.42426e-14
1.05671,1.41995e-14
1.05889,1.41548e-14
1.06107,1.41086e-14
1.06325,1.40609e-14
1.06543,1.40116e-14
1.06761,1.39609e-14
1.06979,1.39087e-14
1.07197,1.3855e-14
1.07415,1.38e-14
1.07634,1.37435e-14
1.07852,1.36856e-14
1.0807,1.36263e-14
1.08288,1.35657e-14
1.08506,1.35037e-14
1.08724,1.34404e-14
1.08942,1.33758e-14
1.0916,1.331e-14
1.09378,1.32429e-14
1.09597,1.31745e-14
1.09815,1.3105e-14
1.10033,1.30343e-14
1.10251,1.29624e-14
1.10469,1.28894e-14
1.10687,1.28153e-14
1.10905,1.274e-14
1.11123,1.26638e-14
1.11341,1.25864e-14
1.11559,1.25081e-14
1.11778,1.24288e-14
1.11996,1.23485e-14
1.12214,1.22673e-14
1.12432,1.21851e-14
1.1265,1.21021e-14
1.12868,1.20182e-14
1.13086,1.19334e-14
1.13304,1.18479e-14
1.13522,1.17615e-14
1.1374,1.16744e-14
1.13959,1.15866e-14
1.14177,1.14981e-14
1.14395,1.14089e-14
1.14613,1.1319e-14
1.14831,1.12285e-14
1.15049,1.11374e-14
1.15267,1.10457e-14
1.15485,1.09535e-14
1.15703,1.08608e-14
1.15921,1.07675e-14
1.1614,1.06738e-14
1.16358,1.05797e-14
1.16576,1.04851e-14
1.16794,1.03902e-14
1.17012,1.02948e-14
1.1723,1.01992e-14
1.17448,1.01032e-14
1.17666,1.00069e-14
1.17884,9.91043e-15
1.18103,9.81367e-15
1.18321,9.7167e-15
1.18539,9.61955e-15
1.18757,9.52224e-15
1.18975,9.42479e-15
1.19193,9.32722e-15
1.19411,9.22957e-15
1.19629,9.13186e-15
1.19847,9.03411e-15
1.20065,8.93634e-15
1.20284,8.83857e-15
1.20502,8.74084e-15
1.2072,8.64316e-15
1.20938,8.54555e-15
1.21156,8.44804e-15
1.21374,8.35066e-15
1.21592,8.25341e-15
1.2181,8.15632e-15
1.22028,8.05942e-15
1.22246,7.96273e-15
1.22465,7.86625e-15
1.22683,7.77003e-15
1.22901,7.67406e-15
1.23119,7.57838e-15
1.23337,7.48301e-15
1.23555,7.38795e-15
1.23773,7.29324e-15
1.23991,7.19888e-15
1.24209,7.1049e-15
1.24427,7.01131e-15
1.24646,6.91814e-15
1.24864,6.82539e-15
1.25082,6.73308e-15
1.253,6.64123e-15
1.25518,6.54985e-15
1.25736,6.45897e-15
1.25954,6.36858e-15
1.26172,6.27872e-15
1.2639,6.18938e-15
1.26609,6.1006e-15
1.26827,6.01237e-15
1.27045,5.92471e-15
1.27263,5.83764e-15
1.27481,5.75116e-15
1.27699,5.66529e-15
1.27917,5.58004e-15
1.28135,5.49541e-15
1.28353,5.41143e-15
1.28571,5.3281e-15
1.2879,5.24542e-15
1.29008,5.16342e-15
1.29226,5.08209e-15
1.29444,5.00145e-15
1.29662,4.9215e-15
1.2988,4.84226e-15
1.30098,4.76372e-15
1.30316,4.6859e-15
1.30534,4.60881e-15
1.30752,4.53244e-15
1.30971,4.45681e-15
1.31189,4.38192e-15
1.31407,4.30778e-15
1.31625,4.23438e-15
1.31843,4.16174e-15
1.32061,4.08987e-15
1.32279,4.01875e-15
1.32497,3.9484e-15
1.32715,3.87883e-15
1.32933,3.81002e-15
1.33152,3.74199e-15
1.3337,3.67474e-15
1.33588,3.60827e-15
1.33806,3.54258e-15
1.34024,3.47767e-15
1.34242,3.41354e-15
1.3446,3.3502e-15
1.34678,3.28765e-15
1.34896,3.22587e-15
1.35115,3.16489e-15
1.35333,3.10468e-15
1.35551,3.04526e-15
1.35769,2.98662e-15
1.35987,2.92876e-15
1.36205,2.87168e-15
1.36423,2.81538e-15
1.36641,2.75986e-15
1.36859,2.7051e-15
1.37077,2.65112e-15
1.37296,2.59791e-15
1.37514,2.54546e-15
1.37732,2.49378e-15
1.3795,2.44285e-15
1.38168,2.39268e-15
1.38386,2.34326e-15
1.38604,2.29459e-15
1.38822,2.24666e-15
1.3904,2.19947e-15
1.39258,2.15302e-15
1.39477,2.10729e-15
1.39695,2.0623e-15
1.39913,2.01802e-15
1.40131,1.97446e-15
1.40349,1.93161e-15
1.40567,1.88947e-15
1.40785,1.84802e-15
1.41003,1.80727e-15
1.41221,1.76721e-15
1.41439,1.72783e-15
1.41658,1.68912e-15
1.41876,1.65109e-15
1.42094,1.61372e-15
1.42312,1.57701e-15
1.4253,1.54096e-15
1.42748,1.50554e-15
1.42966,1.47077e-15
1.43184,1.43663e-15
1.43402,1.40311e-15
1.43621,1.37021e-15
1.43839,1.33793e-15
1.44057,1.30625e-15
1.44275,1.27517e-15
1.44493,1.24468e-15
1.44711,1.21478e-15
1.44929,1.18545e-15
1.45147,1.15669e-15
1.45365,1.1285e-15
1.45583,1.10086e-15
1.45802,1.07377e-15
1.4602,1.04723e-15
1.46238,1.02121e-15
1.46456,9.95731e-16
1.46674,9.70768e-16
1.46892,9.46318e-16
1.4711,9.22374e-16
1.47328,8.98929e-16
1.47546,8.75976e-16
1.47764,8.53508e-16
1.47983,8.31517e-16
1.48201,8.09996e-16
1.48419,7.88938e-16
1.48637,7.68336e-16
1.48855,7.48184e-16
1.49073,7.28473e-16
1.49291,7.09197e-16
1.49509,6.9035e-16
1.49727,6.71923e-16
1.49945,6.5391e-16
1.50164,6.36304e-16
1.50382,6.19099e-16
1.506,6.02288e-16
1.50818,5.85863e-16
1.51036,5.69818e-16
1.51254,5.54147e-16
1.51472,5.38843e-16
1.5169,5.23899e-16
1.51908,5.09309e-16
1.52126,4.95067e-16
1.52345,4.81165e-16
1.52563,4.67599e-16
1.52781,4.5436e-16
1.52999,4.41444e-16
1.53217,4.28845e-16
1.53435,4.16555e-16
1.53653,4.04569e-16
1.53871,3.92882e-16
1.54089,3.81487e-16
1.54308,3.70378e-16
1.54526,3.5955e-16
1.54744,3.48997e-16
1.54962,3.38713e-16
1.5518,3.28694e-16
1.55398,3.18933e-16
1.55616,3.09424e-16
1.55834,3.00164e-16
1.56052,2.91146e-16
1.5627,2.82366e-16
1.56489,2.73818e-16
1.56707,2.65497e-16
1.56925,2.57398e-16
1.57143,2.49517e-16
1.57361,2.41848e-16
1.57579,2.34387e-16
1.57797,2.27129e-16
1.58015,2.2007e-16
1.58233,2.13204e-16
1.58451,2.06529e-16
1.5867,2.00038e-16
1.58888,1.93729e-16
1.59106,1.87596e-16
1.59324,1.81636e-16
1.59542,1.75844e-16
1.5976,1.70217e-16
1.59978,1.6475e-16
1.60196,1.5944e-16
1.60414,1.54282e-16
1.60632,1.49274e-16
1.60851,1.44411e-16
1.61069,1.3969e-16
1.61287,1.35107e-16
1.61505,1.30659e-16
1.61723,1.26342e-16
1.61941,1.22154e-16
1.62159,1.1809e-16
1.62377,1.14148e-16
1.62595,1.10324e-16
1.62814,1.06616e-16
1.63032,1.0302e-16
1.6325,9.95338e-17
1.63468,9.6154e-17
1.63686,9.28779e-17
1.63904,8.97027e-17
1.64122,8.66257e-17
1.6434,8.36444e-17
1.64558,8.07561e-17
1.64776,7.79582e-17
1.64995,7.52483e-17
1.65213,7.2624e-17
1.65431,7.00829e-17
1.65649,6.76226e-17
1.65867,6.5241e-17
1.66085,6.29357e-17
1.66303,6.07047e-17
1.66521,5.85458e-17
1.66739,5.6457e-17
1.66957,5.44362e-17
1.67176,5.24815e-17
1.67394,5.0591e-17
1.67612,4.87628e-17
1.6783,4.6995e-17
1.68048,4.5286e-17
1.68266,4.36339e-17
1.68484,4.20371e-17
1.68702,4.04939e-17
1.6892,3.90027e-17
1.69138,3.7562e-17
1.69357,3.61702e-17
1.69575,3.48258e-17
1.69793,3.35274e-17
1.70011,3.22736e-17
1.70229,3.1063e-17
1.70447,2.98942e-17
1.70665,2.87659e-17
1.70883,2.7677e-17
1.71101,2.66261e-17
1.7132,2.56121e-17
1.71538,2.46338e-17
1.71756,2.369e-17
1.71974,2.27797e-17
1.72192,2.19017e-17
1.7241,2.10551e-17
1.72628,2.02388e-17
1.72846,1.94518e-17
1.73064,1.86932e-17
1.73282,1.79621e-17
1.73501,1.72575e-17
1.73719,1.65785e-17
1.73937,1.59244e-17
1.74155,1.52943e-17
1.74373,1.46874e-17
1.74591,1.41028e-17
1.74809,1.354e-17
1.75027,1.2998e-17
1.75245,1.24762e-17
1.75463,1.1974e-17
1.75682,1.14906e-17
1.759,1.10255e-17
1.76118,1.05779e-17
1.76336,1.01472e-17
1.76554,9.73296e-18
1.76772,9.3345e-18
1.7699,8.95128e-18
1.77208,8.58278e-18
1.77426,8.22847e-18
1.77644,7.88785e-18
1.77863,7.56043e-18
1.78081,7.24574e-18
1.78299,6.94332e-18
1.78517,6.65273e-18
1.78735,6.37355e-18
1.78953,6.10535e-18
1.79171,5.84775e-18
1.79389,5.60035e-18
1.79607,5.36278e-18
1.79826,5.13467e-18
1.80044,4.91569e-18
1.80262,4.70548e-18
1.8048,4.50373e-18
1.80698,4.31011e-18
1.80916,4.12433e-18
1.81134,3.94608e-18
1.81352,3.77509e-18
1.8157,3.61108e-18
1.81788,3.45379e-18
1.82007,3.30295e-18
1.82225,3.15833e-18
1.82443,3.01968e-18
1.82661,2.88677e-18
1.82879,2.75938e-18
1.83097,2.6373e-18
1.83315,2.52033e-18
1.83533,2.40825e-18
1.83751,2.30089e-18
1.83969,2.19805e-18
1.84188,2.09955e-18
1.84406,2.00523e-18
1.84624,1.91493e-18
1.84842,1.82847e-18
1.8506,1.7457e-18
1.85278,1.66649e-18
1.85496,1.59068e-18
1.85714,1.51814e-18
1.85932,1.44873e-18
1.8615,1.38233e-18
1.86369,1.31882e-18
1.86587,1.25808e-18
1.86805,1.19999e-18
1.87023,1.14445e-18
1.87241,1.09135e-18
1.87459,1.04059e-18
1.87677,9.92073e-19
1.87895,9.45705e-19
1.88113,9.01397e-19
1.88332,8.59063e-19
1.8855,8.1862e-19
1.88768,7.79987e-19
1.88986,7.4309e-19
1.89204,7.07854e-19
1.89422,6.74208e-19
1.8964,6.42086e-19
1.89858,6.11421e-19
1.90076,5.82151e-19
1.90294,5.54217e-19
1.90513,5.2756e-19
1.90731,5.02126e-19
1.90949,4.77861e-19
1.91167,4.54715e-19
1.91385,4.32638e-19
1.91603,4.11584e-19
1.91821,3.91508e-19
1.92039,3.72368e-19
1.92257,3.5412e-19
1.92475,3.36727e-19
1.92694,3.20151e-19
1.92912,3.04354e-19
1.9313,2.89302e-19
1.93348,2.74962e-19
1.93566,2.61301e-19
1.93784,2.4829e-19
1.94002,2.35898e-19
1.9422,2.24099e-19
1.94438,2.12864e-19
1.94656,2.02168e-19
1.94875,1.91987e-19
1.95093,1.82297e-19
1.95311,1.73076e-19
1.95529,1.64301e-19
1.95747,1.55953e-19
1.95965,1.48011e-19
1.96183,1.40457e-19
1.96401,1.33273e-19
1.96619,1.26441e-19
1.96838,1.19945e-19
1.97056,1.13769e-19
1.97274,1.07899e-19
1.97492,1.02319e-19
1.9771,9.70161e-20
1.97928,9.19771e-20
1.98146,8.71896e-20
1.98364,8.26414e-20
1.98582,7.83211e-20
1.988,7.42179e-20
1.99019,7.03213e-20
1.99237,6.66213e-20
1.99455,6.31085e-20
1.99673,5.97738e-20
1.99891,5.66086e-20
