0.00160514,5.73406e-20
0.00481541,6.21163e-20
0.00802568,6.72724e-20
0.011236,7.28377e-20
0.0144462,7.88431e-20
0.0176565,8.53217e-20
0.0208668,9.23088e-20
0.024077,9.98424e-20
0.0272873,1.07963e-19
0.0304976,1.16714e-19
0.0337079,1.26142e-19
0.0369181,1.36296e-19
0.0401284,1.4723e-19
0.0433387,1.59e-19
0.046549,1.71666e-19
0.0497592,1.85294e-19
0.0529695,1.99952e-19
0.0561798,2.15714e-19
0.05939,2.32659e-19
0.0626003,2.5087e-19
0.0658106,2.70437e-19
0.0690209,2.91455e-19
0.0722311,3.14026e-19
0.0754414,3.38257e-19
0.0786517,3.64264e-19
0.081862,3.9217e-19
0.0850722,4.22104e-19
0.0882825,4.54207e-19
0.0914928,4.88625e-19
0.094703,5.25516e-19
0.0979133,5.65047e-19
0.101124,6.07394e-19
0.104334,6.52747e-19
0.107544,7.01306e-19
0.110754,7.53283e-19
0.113965,8.08904e-19
0.117175,8.68409e-19
0.120385,9.3205e-19
0.123596,1.0001e-18
0.126806,1.07284e-18
0.130016,1.15057e-18
0.133226,1.23362e-18
0.136437,1.32232e-18
0.139647,1.41703e-18
0.142857,1.51814e-18
0.146067,1.62604e-18
0.149278,1.74116e-18
0.152488,1.86395e-18
0.155698,1.99489e-18
0.158909,2.13448e-18
0.162119,2.28324e-18
0.165329,2.44174e-18
0.168539,2.61058e-18
0.17175,2.79037e-18
0.17496,2.98177e-18
0.17817,3.18548e-18
0.18138,3.40223e-18
0.184591,3.6328e-18
0.187801,3.87799e-18
0.191011,4.13866e-18
0.194222,4.41572e-18
0.197432,4.71011e-18
0.200642,5.02283e-18
0.203852,5.35494e-18
0.207063,5.70753e-18
0.210273,6.08177e-18
0.213483,6.47888e-18
0.216693,6.90015e-18
0.219904,7.34691e-18
0.223114,7.82058e-18
0.226324,8.32265e-18
0.229535,8.85466e-18
0.232745,9.41826e-18
0.235955,1.00152e-17
0.239165,1.06471e-17
0.242376,1.13161e-17
0.245586,1.20239e-17
0.248796,1.27728e-17
0.252006,1.35648e-17
0.255217,1.44022e-17
0.258427,1.52873e-17
0.261637,1.62227e-17
0.264848,1.72109e-17
0.268058,1.82546e-17
0.271268,1.93565e-17
0.274478,2.05197e-17
0.277689,2.17472e-17
0.280899,2.30422e-17
0.284109,2.4408e-17
0.287319,2.58481e-17
0.29053,2.73661e-17
0.29374,2.89658e-17
0.29695,3.06512e-17
0.300161,3.24262e-17
0.303371,3.42952e-17
0.306581,3.62625e-17
0.309791,3.83329e-17
0.313002,4.0511e-17
0.316212,4.28018e-17
0.319422,4.52105e-17
0.322632,4.77425e-17
0.325843,5.04033e-17
0.329053,5.31987e-17
0.332263,5.61346e-17
0.335474,5.92174e-17
0.338684,6.24533e-17
0.341894,6.5849e-17
0.345104,6.94116e-17
0.348315,7.3148e-17
0.351525,7.70657e-17
0.354735,8.11723e-17
0.357945,8.54757e-17
0.361156,8.9984e-17
0.364366,9.47058e-17
0.367576,9.96496e-17
0.370787,1.04825e-16
0.373997,1.1024e-16
0.377207,1.15905e-16
0.380417,1.2183e-16
0.383628,1.28024e-16
0.386838,1.34499e-16
0.390048,1.41266e-16
0.393258,1.48334e-16
0.396469,1.55716e-16
0.399679,1.63423e-16
0.402889,1.71467e-16
0.4061,1.79861e-16
0.40931,1.88618e-16
0.41252,1.97749e-16
0.41573,2.07269e-16
0.418941,2.17192e-16
0.422151,2.27531e-16
0.425361,2.38301e-16
0.428571,2.49517e-16
0.431782,2.61192e-16
0.434992,2.73344e-16
0.438202,2.85988e-16
0.441413,2.99139e-16
0.444623,3.12814e-16
0.447833,3.27031e-16
0.451043,3.41805e-16
0.454254,3.57155e-16
0.457464,3.73098e-16
0.460674,3.89652e-16
0.463884,4.06836e-16
0.467095,4.24668e-16
0.470305,4.43167e-16
0.473515,4.62354e-16
0.476726,4.82247e-16
0.479936,5.02866e-16
0.483146,5.24231e-16
0.486356,5.46364e-16
0.489567,5.69284e-16
0.492777,5.93013e-16
0.495987,6.17572e-16
0.499197,6.42983e-16
0.502408,6.69266e-16
0.505618,6.96444e-16
0.508828,7.2454e-16
0.512039,7.53574e-16
0.515249,7.83571e-16
0.518459,8.14551e-16
0.521669,8.46538e-16
0.52488,8.79554e-16
0.52809,9.13623e-16
0.5313,9.48767e-16
0.53451,9.85009e-16
0.537721,1.02237e-15
0.540931,1.06088e-15
0.544141,1.10055e-15
0.547352,1.14142e-15
0.550562,1.18349e-15
0.553772,1.2268e-15
0.556982,1.27137e-15
0.560193,1.31722e-15
0.563403,1.36437e-15
0.566613,1.41284e-15
0.569823,1.46266e-15
0.573034,1.51384e-15
0.576244,1.56641e-15
0.579454,1.62039e-15
0.582665,1.6758e-15
0.585875,1.73266e-15
0.589085,1.79098e-15
0.592295,1.85079e-15
0.595506,1.91211e-15
0.598716,1.97495e-15
0.601926,2.03932e-15
0.605136,2.10526e-15
0.608347,2.17276e-15
0.611557,2.24185e-15
0.614767,2.31255e-15
0.617978,2.38485e-15
0.621188,2.45879e-15
0.624398,2.53436e-15
0.627608,2.61159e-15
0.630819,2.69047e-15
0.634029,2.77102e-15
0.637239,2.85325e-15
0.640449,2.93717e-15
0.64366,3.02277e-15
0.64687,3.11006e-15
0.65008,3.19905e-15
0.653291,3.28974e-15
0.656501,3.38213e-15
0.659711,3.47622e-15
0.662921,3.57201e-15
0.666132,3.66948e-15
0.669342,3.76865e-15
0.672552,3.8695e-15
0.675762,3.97203e-15
0.678973,4.07622e-15
0.682183,4.18207e-15
0.685393,4.28956e-15
0.688604,4.39868e-15
0.691814,4.50942e-15
0.695024,4.62175e-15
0.698234,4.73566e-15
0.701445,4.85113e-15
0.704655,4.96813e-15
0.707865,5.08664e-15
0.711075,5.20664e-15
0.714286,5.3281e-15
0.717496,5.45098e-15
0.720706,5.57527e-15
0.723917,5.70091e-15
0.727127,5.82789e-15
0.730337,5.95616e-15
0.733547,6.08569e-15
0.736758,6.21643e-15
0.739968,6.34834e-15
0.743178,6.48139e-15
0.746388,6.61551e-15
0.749599,6.75067e-15
0.752809,6.88682e-15
0.756019,7.02391e-15
0.75923,7.16188e-15
0.76244,7.30068e-15
0.76565,7.44025e-15
0.76886,7.58053e-15
0.772071,7.72147e-15
0.775281,7.86301e-15
0.778491,8.00507e-15
0.781701,8.14761e-15
0.784912,8.29054e-15
0.788122,8.43381e-15
0.791332,8.57735e-15
0.794543,8.72108e-15
0.797753,8.86493e-15
0.800963,9.00884e-15
0.804173,9.15272e-15
0.807384,9.29651e-15
0.810594,9.44012e-15
0.813804,9.58349e-15
0.817014,9.72652e-15
0.820225,9.86914e-15
0.823435,1.00113e-14
0.826645,1.01528e-14
0.829856,1.02938e-14
0.833066,1.04339e-14
0.836276,1.05733e-14
0.839486,1.07118e-14
0.842697,1.08493e-14
0.845907,1.09857e-14
0.849117,1.1121e-14
0.852327,1.1255e-14
0.855538,1.13877e-14
0.858748,1.1519e-14
0.861958,1.16489e-14
0.865169,1.17771e-14
0.868379,1.19037e-14
0.871589,1.20286e-14
0.874799,1.21516e-14
0.87801,1.22728e-14
0.88122,1.23919e-14
0.88443,1.2509e-14
0.88764,1.26239e-14
0.890851,1.27366e-14
0.894061,1.2847e-14
0.897271,1.29551e-14
0.900482,1.30606e-14
0.903692,1.31637e-14
0.906902,1.32641e-14
0.910112,1.33619e-14
0.913323,1.34569e-14
0.916533,1.35491e-14
0.919743,1.36384e-14
0.922953,1.37247e-14
0.926164,1.38081e-14
0.929374,1.38884e-14
0.932584,1.39655e-14
0.935795,1.40395e-14
0.939005,1.41102e-14
0.942215,1.41776e-14
0.945425,1.42417e-14
0.948636,1.43023e-14
0.951846,1.43596e-14
0.955056,1.44133e-14
0.958266,1.44635e-14
0.961477,1.45102e-14
0.964687,1.45533e-14
0.967897,1.45927e-14
0.971108,1.46284e-14
0.974318,1.46605e-14
0.977528,1.46889e-14
0.980738,1.47135e-14
0.983949,1.47344e-14
0.987159,1.47514e-14
0.990369,1.47648e-14
0.993579,1.47743e-14
0.99679,1.478e-14
1,1.47819e-14
1.00321,1.478e-14
1.00642,1.47743e-14
1.00963,1.47648e-14
1.01284,1.47514e-14
1.01605,1.47344e-14
1.01926,1.47135e-14
1.02247,1.46889e-14
1.02568,1.46605e-14
1.02889,1.46284e-14
1.0321,1.45927e-14
1.03531,1.45533e-14
1.03852,1.45102e-14
1.04173,1.44635e-14
1.04494,1.44133e-14
1.04815,1.43596e-14
1.05136,1.43023e-14
1.05457,1.42417e-14
1.05778,1.41776e-14
1.061,1.41102e-14
1.06421,1.40395e-14
1.06742,1.39655e-14
1.07063,1.38884e-14
1.07384,1.38081e-14
1.07705,1.37247e-14
1.08026,1.36384e-14
1.08347,1.35491e-14
1.08668,1.34569e-14
1.08989,1.33619e-14
1.0931,1.32641e-14
1.09631,1.31637e-14
1.09952,1.30606e-14
1.10273,1.29551e-14
1.10594,1.2847e-14
1.10915,1.27366e-14
1.11236,1.26239e-14
1.11557,1.2509e-14
1.11878,1.23919e-14
1.12199,1.22728e-14
1.1252,1.21516e-14
1.12841,1.20286e-14
1.13162,1.19037e-14
1.13483,1.17771e-14
1.13804,1.16489e-14
1.14125,1.1519e-14
1.14446,1.13877e-14
1.14767,1.1255e-14
1.15088,1.1121e-14
1.15409,1.09857e-14
1.1573,1.08493e-14
1.16051,1.07118e-14
1.16372,1.05733e-14
1.16693,1.04339e-14
1.17014,1.02938e-14
1.17335,1.01528e-14
1.17657,1.00113e-14
1.17978,9.86914e-15
1.18299,9.72652e-15
1.1862,9.58349e-15
1.18941,9.44012e-15
1.19262,9.29651e-15
1.19583,9.15272e-15
1.19904,9.00884e-15
1.20225,8.86493e-15
1.20546,8.72108e-15
1.20867,8.57735e-15
1.21188,8.43381e-15
1.21509,8.29054e-15
1.2183,8.14761e-15
1.22151,8.00507e-15
1.22472,7.86301e-15
1.22793,7.72147e-15
1.23114,7.58053e-15
1.23435,7.44025e-15
1.23756,7.30068e-15
1.24077,7.16188e-15
1.24398,7.02391e-15
1.24719,6.88682e-15
1.2504,6.75067e-15
1.25361,6.61551e-15
1.25682,6.48139e-15
1.26003,6.34834e-15
1.26324,6.21643e-15
1.26645,6.08569e-15
1.26966,5.95616e-15
1.27287,5.82789e-15
1.27608,5.70091e-15
1.27929,5.57527e-15
1.2825,5.45098e-15
1.28571,5.3281e-15
1.28892,5.20664e-15
1.29213,5.08664e-15
1.29535,4.96813e-15
1.29856,4.85113e-15
1.30177,4.73566e-15
1.30498,4.62175e-15
1.30819,4.50942e-15
1.3114,4.39868e-15
1.31461,4.28956e-15
1.31782,4.18207e-15
1.32103,4.07622e-15
1.32424,3.97203e-15
1.32745,3.8695e-15
1.33066,3.76865e-15
1.33387,3.66948e-15
1.33708,3.57201e-15
1.34029,3.47622e-15
1.3435,3.38213e-15
1.34671,3.28974e-15
1.34992,3.19905e-15
1.35313,3.11006e-15
1.35634,3.02277e-15
1.35955,2.93717e-15
1.36276,2.85325e-15
1.36597,2.77102e-15
1.36918,2.69047e-15
1.37239,2.61159e-15
1.3756,2.53436e-15
1.37881,2.45879e-15
1.38202,2.38485e-15
1.38523,2.31255e-15
1.38844,2.24185e-15
1.39165,2.17276e-15
1.39486,2.10526e-15
1.39807,2.03932e-15
1.40128,1.97495e-15
1.40449,1.91211e-15
1.4077,1.85079e-15
1.41091,1.79098e-15
1.41413,1.73266e-15
1.41734,1.6758e-15
1.42055,1.62039e-15
1.42376,1.56641e-15
1.42697,1.51384e-15
1.43018,1.46266e-15
1.43339,1.41284e-15
1.4366,1.36437e-15
1.43981,1.31722e-15
1.44302,1.27137e-15
1.44623,1.2268e-15
1.44944,1.18349e-15
1.45265,1.14142e-15
1.45586,1.10055e-15
1.45907,1.06088e-15
1.46228,1.02237e-15
1.46549,9.85009e-16
1.4687,9.48767e-16
1.47191,9.13623e-16
1.47512,8.79554e-16
1.47833,8.46538e-16
1.48154,8.14551e-16
1.48475,7.83571e-16
1.48796,7.53574e-16
1.49117,7.2454e-16
1.49438,6.96444e-16
1.49759,6.69266e-16
1.5008,6.42983e-16
1.50401,6.17572e-16
1.50722,5.93013e-16
1.51043,5.69284e-16
1.51364,5.46364e-16
1.51685,5.24231e-16
1.52006,5.02866e-16
1.52327,4.82247e-16
1.52648,4.62354e-16
1.5297,4.43167e-16
1.53291,4.24668e-16
1.53612,4.06836e-16
1.53933,3.89652e-16
1.54254,3.73098e-16
1.54575,3.57155e-16
1.54896,3.41805e-16
1.55217,3.27031e-16
1.55538,3.12814e-16
1.55859,2.99139e-16
1.5618,2.85988e-16
1.56501,2.73344e-16
1.56822,2.61192e-16
1.57143,2.49517e-16
1.57464,2.38301e-16
1.57785,2.27531e-16
1.58106,2.17192e-16
1.58427,2.07269e-16
1.58748,1.97749e-16
1.59069,1.88618e-16
1.5939,1.79861e-16
1.59711,1.71467e-16
1.60032,1.63423e-16
1.60353,1.55716e-16
1.60674,1.48334e-16
1.60995,1.41266e-16
1.61316,1.34499e-16
1.61637,1.28024e-16
1.61958,1.2183e-16
1.62279,1.15905e-16
1.626,1.1024e-16
1.62921,1.04825e-16
1.63242,9.96496e-17
1.63563,9.47058e-17
1.63884,8.9984e-17
1.64205,8.54757e-17
1.64526,8.11723e-17
1.64848,7.70657e-17
1.65169,7.3148e-17
1.6549,6.94116e-17
1.65811,6.5849e-17
1.66132,6.24533e-17
1.66453,5.92174e-17
1.66774,5.61346e-17
1.67095,5.31987e-17
1.67416,5.04033e-17
1.67737,4.77425e-17
1.68058,4.52105e-17
1.68379,4.28018e-17
1.687,4.0511e-17
1.69021,3.83329e-17
1.69342,3.62625e-17
1.69663,3.42952e-17
1.69984,3.24262e-17
1.70305,3.06512e-17
1.70626,2.89658e-17
1.70947,2.73661e-17
1.71268,2.58481e-17
1.71589,2.4408e-17
1.7191,2.30422e-17
1.72231,2.17472e-17
1.72552,2.05197e-17
1.72873,1.93565e-17
1.73194,1.82546e-17
1.73515,1.72109e-17
1.73836,1.62227e-17
1.74157,1.52873e-17
1.74478,1.44022e-17
1.74799,1.35648e-17
1.7512,1.27728e-17
1.75441,1.20239e-17
1.75762,1.13161e-17
1.76083,1.06471e-17
1.76404,1.00152e-17
1.76726,9.41826e-18
1.77047,8.85466e-18
1.77368,8.32265e-18
1.77689,7.82058e-18
1.7801,7.34691e-18
1.78331,6.90015e-18
1.78652,6.47888e-18
1.78973,6.08177e-18
1.79294,5.70753e-18
1.79615,5.35494e-18
1.79936,5.02283e-18
1.80257,4.71011e-18
1.80578,4.41572e-18
1.80899,4.13866e-18
1.8122,3.87799e-18
1.81541,3.6328e-18
1.81862,3.40223e-18
1.82183,3.18548e-18
1.82504,2.98177e-18
1.82825,2.79037e-18
1.83146,2.61058e-18
1.83467,2.44174e-18
1.83788,2.28324e-18
1.84109,2.13448e-18
1.8443,1.99489e-18
1.84751,1.86395e-18
1.85072,1.74116e-18
1.85393,1.62604e-18
1.85714,1.51814e-18
1.86035,1.41703e-18
1.86356,1.32232e-18
1.86677,1.23362e-18
1.86998,1.15057e-18
1.87319,1.07284e-18
1.8764,1.0001e-18
1.87961,9.3205e-19
1.88283,8.68409e-19
1.88604,8.08904e-19
1.88925,7.53283e-19
1.89246,7.01306e-19
1.89567,6.52747e-19
1.89888,6.07394e-19
1.90209,5.65047e-19
1.9053,5.25516e-19
1.90851,4.88625e-19
1.91172,4.54207e-19
1.91493,4.22104e-19
1.91814,3.9217e-19
1.92135,3.64264e-19
1.92456,3.38257e-19
1.92777,3.14026e-19
1.93098,2.91455e-19
1.93419,2.70437e-19
1.9374,2.5087e-19
1.94061,2.32659e-19
1.94382,2.15714e-19
1.94703,1.99952e-19
1.95024,1.85294e-19
1.95345,1.71666e-19
1.95666,1.59e-19
1.95987,1.4723e-19
1.96308,1.36296e-19
1.96629,1.26142e-19
1.9695,1.16714e-19
1.97271,1.07963e-19
1.97592,9.98424e-20
1.97913,9.23088e-20
1.98234,8.53217e-20
1.98555,7.88431e-20
1.98876,7.28377e-20
1.99197,6.72724e-20
1.99518,6.21163e-20
1.99839,5.73406e-20
