0.00168919,5.7461e-20
0.00506757,6.25072e-20
0.00844595,6.7977e-20
0.0118243,7.39045e-20
0.0152027,8.03259e-20
0.0185811,8.72803e-20
0.0219595,9.48097e-20
0.0253378,1.02959e-19
0.0287162,1.11778e-19
0.0320946,1.21316e-19
0.035473,1.31632e-19
0.0388514,1.42783e-19
0.0422297,1.54836e-19
0.0456081,1.67857e-19
0.0489865,1.81922e-19
0.0523649,1.97109e-19
0.0557432,2.13503e-19
0.0591216,2.31195e-19
0.0625,2.50281e-19
0.0658784,2.70866e-19
0.0692568,2.9306e-19
0.0726351,3.16981e-19
0.0760135,3.42758e-19
0.0793919,3.70525e-19
0.0827703,4.00428e-19
0.0861486,4.3262e-19
0.089527,4.67267e-19
0.0929054,5.04544e-19
0.0962838,5.4464e-19
0.0996622,5.87755e-19
0.103041,6.34102e-19
0.106419,6.83908e-19
0.109797,7.37416e-19
0.113176,7.94884e-19
0.116554,8.56585e-19
0.119932,9.22813e-19
0.123311,9.93877e-19
0.126689,1.07011e-18
0.130068,1.15186e-18
0.133446,1.2395e-18
0.136824,1.33343e-18
0.140203,1.43407e-18
0.143581,1.54186e-18
0.146959,1.65728e-18
0.150338,1.78084e-18
0.153716,1.91306e-18
0.157095,2.05451e-18
0.160473,2.20579e-18
0.163851,2.36754e-18
0.16723,2.54042e-18
0.170608,2.72514e-18
0.173986,2.92247e-18
0.177365,3.13319e-18
0.180743,3.35814e-18
0.184122,3.59822e-18
0.1875,3.85436e-18
0.190878,4.12756e-18
0.194257,4.41885e-18
0.197635,4.72936e-18
0.201014,5.06025e-18
0.204392,5.41273e-18
0.20777,5.78813e-18
0.211149,6.18778e-18
0.214527,6.61315e-18
0.217905,7.06574e-18
0.221284,7.54716e-18
0.224662,8.05907e-18
0.228041,8.60325e-18
0.231419,9.18156e-18
0.234797,9.79594e-18
0.238176,1.04485e-17
0.241554,1.11413e-17
0.244932,1.18766e-17
0.248311,1.26569e-17
0.251689,1.34845e-17
0.255068,1.43623e-17
0.258446,1.52927e-17
0.261824,1.62788e-17
0.265203,1.73236e-17
0.268581,1.84301e-17
0.271959,1.96018e-17
0.275338,2.08419e-17
0.278716,2.21542e-17
0.282095,2.35425e-17
0.285473,2.50105e-17
0.288851,2.65626e-17
0.29223,2.82029e-17
0.295608,2.99359e-17
0.298986,3.17664e-17
0.302365,3.36992e-17
0.305743,3.57393e-17
0.309122,3.78922e-17
0.3125,4.01633e-17
0.315878,4.25584e-17
0.319257,4.50835e-17
0.322635,4.77447e-17
0.326014,5.05486e-17
0.329392,5.35019e-17
0.33277,5.66116e-17
0.336149,5.98849e-17
0.339527,6.33295e-17
0.342905,6.6953e-17
0.346284,7.07637e-17
0.349662,7.477e-17
0.353041,7.89805e-17
0.356419,8.34043e-17
0.359797,8.80508e-17
0.363176,9.29296e-17
0.366554,9.80508e-17
0.369932,1.03425e-16
0.373311,1.09062e-16
0.376689,1.14974e-16
0.380068,1.21171e-16
0.383446,1.27667e-16
0.386824,1.34472e-16
0.390203,1.41599e-16
0.393581,1.49061e-16
0.396959,1.56873e-16
0.400338,1.65046e-16
0.403716,1.73596e-16
0.407095,1.82536e-16
0.410473,1.91882e-16
0.413851,2.01649e-16
0.41723,2.11853e-16
0.420608,2.2251e-16
0.423986,2.33636e-16
0.427365,2.45248e-16
0.430743,2.57364e-16
0.434122,2.70002e-16
0.4375,2.83179e-16
0.440878,2.96915e-16
0.444257,3.11228e-16
0.447635,3.26138e-16
0.451014,3.41665e-16
0.454392,3.57829e-16
0.45777,3.74651e-16
0.461149,3.92151e-16
0.464527,4.10352e-16
0.467905,4.29276e-16
0.471284,4.48944e-16
0.474662,4.69379e-16
0.478041,4.90604e-16
0.481419,5.12642e-16
0.484797,5.35518e-16
0.488176,5.59255e-16
0.491554,5.83878e-16
0.494932,6.09411e-16
0.498311,6.35878e-16
0.501689,6.63306e-16
0.505068,6.9172e-16
0.508446,7.21145e-16
0.511824,7.51607e-16
0.515203,7.83133e-16
0.518581,8.15748e-16
0.521959,8.49479e-16
0.525338,8.84352e-16
0.528716,9.20395e-16
0.532095,9.57633e-16
0.535473,9.96093e-16
0.538851,1.0358e-15
0.54223,1.07679e-15
0.545608,1.11908e-15
0.548986,1.16269e-15
0.552365,1.20766e-15
0.555743,1.25402e-15
0.559122,1.30178e-15
0.5625,1.35097e-15
0.565878,1.40163e-15
0.569257,1.45376e-15
0.572635,1.50741e-15
0.576014,1.56259e-15
0.579392,1.61933e-15
0.58277,1.67765e-15
0.586149,1.73758e-15
0.589527,1.79913e-15
0.592905,1.86233e-15
0.596284,1.9272e-15
0.599662,1.99376e-15
0.603041,2.06203e-15
0.606419,2.13203e-15
0.609797,2.20378e-15
0.613176,2.2773e-15
0.616554,2.35259e-15
0.619932,2.42968e-15
0.623311,2.50858e-15
0.626689,2.58931e-15
0.630068,2.67187e-15
0.633446,2.75627e-15
0.636824,2.84253e-15
0.640203,2.93066e-15
0.643581,3.02065e-15
0.646959,3.11252e-15
0.650338,3.20627e-15
0.653716,3.3019e-15
0.657095,3.39941e-15
0.660473,3.4988e-15
0.663851,3.60007e-15
0.66723,3.70322e-15
0.670608,3.80823e-15
0.673986,3.91511e-15
0.677365,4.02383e-15
0.680743,4.1344e-15
0.684122,4.24679e-15
0.6875,4.36099e-15
0.690878,4.47699e-15
0.694257,4.59476e-15
0.697635,4.71428e-15
0.701014,4.83553e-15
0.704392,4.95849e-15
0.70777,5.08312e-15
0.711149,5.20939e-15
0.714527,5.33729e-15
0.717905,5.46676e-15
0.721284,5.59777e-15
0.724662,5.73029e-15
0.728041,5.86427e-15
0.731419,5.99967e-15
0.734797,6.13645e-15
0.738176,6.27456e-15
0.741554,6.41394e-15
0.744932,6.55455e-15
0.748311,6.69633e-15
0.751689,6.83922e-15
0.755068,6.98318e-15
0.758446,7.12812e-15
0.761824,7.274e-15
0.765203,7.42075e-15
0.768581,7.5683e-15
0.771959,7.71658e-15
0.775338,7.86552e-15
0.778716,8.01505e-15
0.782095,8.16509e-15
0.785473,8.31557e-15
0.788851,8.4664e-15
0.79223,8.61751e-15
0.795608,8.76882e-15
0.798986,8.92023e-15
0.802365,9.07167e-15
0.805743,9.22306e-15
0.809122,9.37429e-15
0.8125,9.52528e-15
0.815878,9.67594e-15
0.819257,9.82619e-15
0.822635,9.97592e-15
0.826014,1.0125e-14
0.829392,1.02735e-14
0.83277,1.04211e-14
0.836149,1.05678e-14
0.839527,1.07135e-14
0.842905,1.08582e-14
0.846284,1.10016e-14
0.849662,1.11438e-14
0.853041,1.12846e-14
0.856419,1.14239e-14
0.859797,1.15616e-14
0.863176,1.16977e-14
0.866554,1.1832e-14
0.869932,1.19644e-14
0.873311,1.20948e-14
0.876689,1.22232e-14
0.880068,1.23494e-14
0.883446,1.24733e-14
0.886824,1.25949e-14
0.890203,1.27141e-14
0.893581,1.28307e-14
0.896959,1.29447e-14
0.900338,1.3056e-14
0.903716,1.31645e-14
0.907095,1.32701e-14
0.910473,1.33727e-14
0.913851,1.34723e-14
0.91723,1.35687e-14
0.920608,1.36619e-14
0.923986,1.37519e-14
0.927365,1.38385e-14
0.930743,1.39217e-14
0.934122,1.40013e-14
0.9375,1.40775e-14
0.940878,1.41499e-14
0.944257,1.42187e-14
0.947635,1.42838e-14
0.951014,1.43451e-14
0.954392,1.44025e-14
0.95777,1.4456e-14
0.961149,1.45056e-14
0.964527,1.45512e-14
0.967905,1.45928e-14
0.971284,1.46303e-14
0.974662,1.46637e-14
0.978041,1.46931e-14
0.981419,1.47182e-14
0.984797,1.47392e-14
0.988176,1.47561e-14
0.991554,1.47687e-14
0.994932,1.47771e-14
0.998311,1.47814e-14
1.00169,1.47814e-14
1.00507,1.47771e-14
1.00845,1.47687e-14
1.01182,1.47561e-14
1.0152,1.47392e-14
1.01858,1.47182e-14
1.02196,1.46931e-14
1.02534,1.46637e-14
1.02872,1.46303e-14
1.03209,1.45928e-14
1.03547,1.45512e-14
1.03885,1.45056e-14
1.04223,1.4456e-14
1.04561,1.44025e-14
1.04899,1.43451e-14
1.05236,1.42838e-14
1.05574,1.42187e-14
1.05912,1.41499e-14
1.0625,1.40775e-14
1.06588,1.40013e-14
1.06926,1.39217e-14
1.07264,1.38385e-14
1.07601,1.37519e-14
1.07939,1.36619e-14
1.08277,1.35687e-14
1.08615,1.34723e-14
1.08953,1.33727e-14
1.09291,1.32701e-14
1.09628,1.31645e-14
1.09966,1.3056e-14
1.10304,1.29447e-14
1.10642,1.28307e-14
1.1098,1.27141e-14
1.11318,1.25949e-14
1.11655,1.24733e-14
1.11993,1.23494e-14
1.12331,1.22232e-14
1.12669,1.20948e-14
1.13007,1.19644e-14
1.13345,1.1832e-14
1.13682,1.16977e-14
1.1402,1.15616e-14
1.14358,1.14239e-14
1.14696,1.12846e-14
1.15034,1.11438e-14
1.15372,1.10016e-14
1.15709,1.08582e-14
1.16047,1.07135e-14
1.16385,1.05678e-14
1.16723,1.04211e-14
1.17061,1.02735e-14
1.17399,1.0125e-14
1.17736,9.97592e-15
1.18074,9.82619e-15
1.18412,9.67594e-15
1.1875,9.52528e-15
1.19088,9.37429e-15
1.19426,9.22306e-15
1.19764,9.07167e-15
1.20101,8.92023e-15
1.20439,8.76882e-15
1.20777,8.61751e-15
1.21115,8.4664e-15
1.21453,8.31557e-15
1.21791,8.16509e-15
1.22128,8.01505e-15
1.22466,7.86552e-15
1.22804,7.71658e-15
1.23142,7.5683e-15
1.2348,7.42075e-15
1.23818,7.274e-15
1.24155,7.12812e-15
1.24493,6.98318e-15
1.24831,6.83922e-15
1.25169,6.69633e-15
1.25507,6.55455e-15
1.25845,6.41394e-15
1.26182,6.27456e-15
1.2652,6.13645e-15
1.26858,5.99967e-15
1.27196,5.86427e-15
1.27534,5.73029e-15
1.27872,5.59777e-15
1.28209,5.46676e-15
1.28547,5.33729e-15
1.28885,5.20939e-15
1.29223,5.08312e-15
1.29561,4.95849e-15
1.29899,4.83553e-15
1.30236,4.71428e-15
1.30574,4.59476e-15
1.30912,4.47699e-15
1.3125,4.36099e-15
1.31588,4.24679e-15
1.31926,4.1344e-15
1.32264,4.02383e-15
1.32601,3.91511e-15
1.32939,3.80823e-15
1.33277,3.70322e-15
1.33615,3.60007e-15
1.33953,3.4988e-15
1.34291,3.39941e-15
1.34628,3.3019e-15
1.34966,3.20627e-15
1.35304,3.11252e-15
1.35642,3.02065e-15
1.3598,2.93066e-15
1.36318,2.84253e-15
1.36655,2.75627e-15
1.36993,2.67187e-15
1.37331,2.58931e-15
1.37669,2.50858e-15
1.38007,2.42968e-15
1.38345,2.35259e-15
1.38682,2.2773e-15
1.3902,2.20378e-15
1.39358,2.13203e-15
1.39696,2.06203e-15
1.40034,1.99376e-15
1.40372,1.9272e-15
1.40709,1.86233e-15
1.41047,1.79913e-15
1.41385,1.73758e-15
1.41723,1.67765e-15
1.42061,1.61933e-15
1.42399,1.56259e-15
1.42736,1.50741e-15
1.43074,1.45376e-15
1.43412,1.40163e-15
1.4375,1.35097e-15
1.44088,1.30178e-15
1.44426,1.25402e-15
1.44764,1.20766e-15
1.45101,1.16269e-15
1.45439,1.11908e-15
1.45777,1.07679e-15
1.46115,1.0358e-15
1.46453,9.96093e-16
1.46791,9.57633e-16
1.47128,9.20395e-16
1.47466,8.84352e-16
1.47804,8.49479e-16
1.48142,8.15748e-16
1.4848,7.83133e-16
1.48818,7.51607e-16
1.49155,7.21145e-16
1.49493,6.9172e-16
1.49831,6.63306e-16
1.50169,6.35878e-16
1.50507,6.09411e-16
1.50845,5.83878e-16
1.51182,5.59255e-16
1.5152,5.35518e-16
1.51858,5.12642e-16
1.52196,4.90604e-16
1.52534,4.69379e-16
1.52872,4.48944e-16
1.53209,4.29276e-16
1.53547,4.10352e-16
1.53885,3.92151e-16
1.54223,3.74651e-16
1.54561,3.57829e-16
1.54899,3.41665e-16
1.55236,3.26138e-16
1.55574,3.11228e-16
1.55912,2.96915e-16
1.5625,2.83179e-16
1.56588,2.70002e-16
1.56926,2.57364e-16
1.57264,2.45248e-16
1.57601,2.33636e-16
1.57939,2.2251e-16
1.58277,2.11853e-16
1.58615,2.01649e-16
1.58953,1.91882e-16
1.59291,1.82536e-16
1.59628,1.73596e-16
1.59966,1.65046e-16
1.60304,1.56873e-16
1.60642,1.49061e-16
1.6098,1.41599e-16
1.61318,1.34472e-16
1.61655,1.27667e-16
1.61993,1.21171e-16
1.62331,1.14974e-16
1.62669,1.09062e-16
1.63007,1.03425e-16
1.63345,9.80508e-17
1.63682,9.29296e-17
1.6402,8.80508e-17
1.64358,8.34043e-17
1.64696,7.89805e-17
1.65034,7.477e-17
1.65372,7.07637e-17
1.65709,6.6953e-17
1.66047,6.33295e-17
1.66385,5.98849e-17
1.66723,5.66116e-17
1.67061,5.35019e-17
1.67399,5.05486e-17
1.67736,4.77447e-17
1.68074,4.50835e-17
1.68412,4.25584e-17
1.6875,4.01633e-17
1.69088,3.78922e-17
1.69426,3.57393e-17
1.69764,3.36992e-17
1.70101,3.17664e-17
1.70439,2.99359e-17
1.70777,2.82029e-17
1.71115,2.65626e-17
1.71453,2.50105e-17
1.71791,2.35425e-17
1.72128,2.21542e-17
1.72466,2.08419e-17
1.72804,1.96018e-17
1.73142,1.84301e-17
1.7348,1.73236e-17
1.73818,1.62788e-17
1.74155,1.52927e-17
1.74493,1.43623e-17
1.74831,1.34845e-17
1.75169,1.26569e-17
1.75507,1.18766e-17
1.75845,1.11413e-17
1.76182,1.04485e-17
1.7652,9.79594e-18
1.76858,9.18156e-18
1.77196,8.60325e-18
1.77534,8.05907e-18
1.77872,7.54716e-18
1.78209,7.06574e-18
1.78547,6.61315e-18
1.78885,6.18778e-18
1.79223,5.78813e-18
1.79561,5.41273e-18
1.79899,5.06025e-18
1.80236,4.72936e-18
1.80574,4.41885e-18
1.80912,4.12756e-18
1.8125,3.85436e-18
1.81588,3.59822e-18
1.81926,3.35814e-18
1.82264,3.13319e-18
1.82601,2.92247e-18
1.82939,2.72514e-18
1.83277,2.54042e-18
1.83615,2.36754e-18
1.83953,2.20579e-18
1.84291,2.05451e-18
1.84628,1.91306e-18
1.84966,1.78084e-18
1.85304,1.65728e-18
1.85642,1.54186e-18
1.8598,1.43407e-18
1.86318,1.33343e-18
1.86655,1.2395e-18
1.86993,1.15186e-18
1.87331,1.07011e-18
1.87669,9.93877e-19
1.88007,9.22813e-19
1.88345,8.56585e-19
1.88682,7.94884e-19
1.8902,7.37416e-19
1.89358,6.83908e-19
1.89696,6.34102e-19
1.90034,5.87755e-19
1.90372,5.4464e-19
1.90709,5.04544e-19
1.91047,4.67267e-19
1.91385,4.3262e-19
1.91723,4.00428e-19
1.92061,3.70525e-19
1.92399,3.42758e-19
1.92736,3.16981e-19
1.93074,2.9306e-19
1.93412,2.70866e-19
1.9375,2.50281e-19
1.94088,2.31195e-19
1.94426,2.13503e-19
1.94764,1.97109e-19
1.95101,1.81922e-19
1.95439,1.67857e-19
1.95777,1.54836e-19
1.96115,1.42783e-19
1.96453,1.31632e-19
1.96791,1.21316e-19
1.97128,1.11778e-19
1.97466,1.02959e-19
1.97804,9.48097e-20
1.98142,8.72803e-20
1.9848,8.03259e-20
1.98818,7.39045e-20
1.99155,6.7977e-20
1.99493,6.25072e-20
1.99831,5.7461e-20
