0.00213675,5.81063e-20
0.00641026,6.46285e-20
0.0106838,7.185e-20
0.0149573,7.98419e-20
0.0192308,8.86822e-20
0.0235043,9.84564e-20
0.0277778,1.09258e-19
0.0320513,1.21189e-19
0.0363248,1.34362e-19
0.0405983,1.48899e-19
0.0448718,1.64933e-19
0.0491453,1.8261e-19
0.0534188,2.0209e-19
0.0576923,2.23546e-19
0.0619658,2.47166e-19
0.0662393,2.73158e-19
0.0705128,3.01745e-19
0.0747863,3.33172e-19
0.0790598,3.67704e-19
0.0833333,4.0563e-19
0.0876068,4.47263e-19
0.0918803,4.92945e-19
0.0961538,5.43044e-19
0.100427,5.97961e-19
0.104701,6.58132e-19
0.108974,7.24027e-19
0.113248,7.96157e-19
0.117521,8.75072e-19
0.121795,9.61371e-19
0.126068,1.0557e-18
0.130342,1.15875e-18
0.134615,1.27128e-18
0.138889,1.39411e-18
0.143162,1.5281e-18
0.147436,1.6742e-18
0.151709,1.83344e-18
0.155983,2.00691e-18
0.160256,2.19579e-18
0.16453,2.40135e-18
0.168803,2.62495e-18
0.173077,2.86806e-18
0.17735,3.13226e-18
0.181624,3.41923e-18
0.185897,3.73079e-18
0.190171,4.06888e-18
0.194444,4.43559e-18
0.198718,4.83314e-18
0.202991,5.26391e-18
0.207265,5.73047e-18
0.211538,6.23552e-18
0.215812,6.782e-18
0.220085,7.373e-18
0.224359,8.01184e-18
0.228632,8.70206e-18
0.232906,9.44743e-18
0.237179,1.0252e-17
0.241453,1.11199e-17
0.245726,1.20559e-17
0.25,1.30646e-17
0.254274,1.41513e-17
0.258547,1.53214e-17
0.262821,1.65807e-17
0.267094,1.79352e-17
0.271368,1.93916e-17
0.275641,2.09567e-17
0.279915,2.26378e-17
0.284188,2.44425e-17
0.288462,2.63791e-17
0.292735,2.84561e-17
0.297009,3.06826e-17
0.301282,3.30682e-17
0.305556,3.56231e-17
0.309829,3.83578e-17
0.314103,4.12837e-17
0.318376,4.44124e-17
0.32265,4.77564e-17
0.326923,5.13287e-17
0.331197,5.51432e-17
0.33547,5.9214e-17
0.339744,6.35563e-17
0.344017,6.81859e-17
0.348291,7.31194e-17
0.352564,7.8374e-17
0.356838,8.39679e-17
0.361111,8.992e-17
0.365385,9.625e-17
0.369658,1.02979e-16
0.373932,1.10127e-16
0.378205,1.17719e-16
0.382479,1.25776e-16
0.386752,1.34323e-16
0.391026,1.43385e-16
0.395299,1.52989e-16
0.399573,1.63162e-16
0.403846,1.73932e-16
0.40812,1.85328e-16
0.412393,1.97381e-16
0.416667,2.10121e-16
0.42094,2.23582e-16
0.425214,2.37797e-16
0.429487,2.528e-16
0.433761,2.68626e-16
0.438034,2.85313e-16
0.442308,3.02899e-16
0.446581,3.21421e-16
0.450855,3.40921e-16
0.455128,3.61438e-16
0.459402,3.83016e-16
0.463675,4.05696e-16
0.467949,4.29523e-16
0.472222,4.54542e-16
0.476496,4.80799e-16
0.480769,5.0834e-16
0.485043,5.37213e-16
0.489316,5.67468e-16
0.49359,5.99152e-16
0.497863,6.32317e-16
0.502137,6.67013e-16
0.50641,7.03292e-16
0.510684,7.41206e-16
0.514957,7.80806e-16
0.519231,8.22147e-16
0.523504,8.65282e-16
0.527778,9.10264e-16
0.532051,9.57148e-16
0.536325,1.00599e-15
0.540598,1.05683e-15
0.544872,1.10975e-15
0.549145,1.16478e-15
0.553419,1.22197e-15
0.557692,1.2814e-15
0.561966,1.3431e-15
0.566239,1.40712e-15
0.570513,1.47353e-15
0.574786,1.54237e-15
0.57906,1.61368e-15
0.583333,1.68753e-15
0.587607,1.76394e-15
0.59188,1.84298e-15
0.596154,1.92467e-15
0.600427,2.00907e-15
0.604701,2.09622e-15
0.608974,2.18614e-15
0.613248,2.27889e-15
0.617521,2.37448e-15
0.621795,2.47295e-15
0.626068,2.57434e-15
0.630342,2.67865e-15
0.634615,2.78592e-15
0.638889,2.89616e-15
0.643162,3.00939e-15
0.647436,3.12563e-15
0.651709,3.24486e-15
0.655983,3.36711e-15
0.660256,3.49237e-15
0.66453,3.62064e-15
0.668803,3.7519e-15
0.673077,3.88615e-15
0.67735,4.02336e-15
0.681624,4.16352e-15
0.685897,4.30659e-15
0.690171,4.45255e-15
0.694444,4.60135e-15
0.698718,4.75296e-15
0.702991,4.90731e-15
0.707265,5.06437e-15
0.711538,5.22407e-15
0.715812,5.38634e-15
0.720085,5.55113e-15
0.724359,5.71834e-15
0.728632,5.88789e-15
0.732906,6.05971e-15
0.737179,6.2337e-15
0.741453,6.40975e-15
0.745726,6.58777e-15
0.75,6.76764e-15
0.754274,6.94925e-15
0.758547,7.13247e-15
0.762821,7.31719e-15
0.767094,7.50326e-15
0.771368,7.69055e-15
0.775641,7.87892e-15
0.779915,8.06822e-15
0.784188,8.25829e-15
0.788462,8.44898e-15
0.792735,8.64013e-15
0.797009,8.83157e-15
0.801282,9.02314e-15
0.805556,9.21465e-15
0.809829,9.40593e-15
0.814103,9.5968e-15
0.818376,9.78707e-15
0.82265,9.97655e-15
0.826923,1.01651e-14
0.831197,1.03524e-14
0.83547,1.05384e-14
0.839744,1.07228e-14
0.844017,1.09055e-14
0.848291,1.10863e-14
0.852564,1.12648e-14
0.856838,1.14411e-14
0.861111,1.16148e-14
0.865385,1.17857e-14
0.869658,1.19537e-14
0.873932,1.21185e-14
0.878205,1.22801e-14
0.882479,1.24381e-14
0.886752,1.25923e-14
0.891026,1.27427e-14
0.895299,1.2889e-14
0.899573,1.3031e-14
0.903846,1.31686e-14
0.90812,1.33015e-14
0.912393,1.34297e-14
0.916667,1.35529e-14
0.92094,1.36709e-14
0.925214,1.37837e-14
0.929487,1.38911e-14
0.933761,1.3993e-14
0.938034,1.40892e-14
0.942308,1.41795e-14
0.946581,1.42639e-14
0.950855,1.43423e-14
0.955128,1.44145e-14
0.959402,1.44805e-14
0.963675,1.45401e-14
0.967949,1.45933e-14
0.972222,1.464e-14
0.976496,1.46802e-14
0.980769,1.47137e-14
0.985043,1.47406e-14
0.989316,1.47608e-14
0.99359,1.47743e-14
0.997863,1.4781e-14
1.00214,1.4781e-14
1.00641,1.47743e-14
1.01068,1.47608e-14
1.01496,1.47406e-14
1.01923,1.47137e-14
1.0235,1.46802e-14
1.02778,1.464e-14
1.03205,1.45933e-14
1.03632,1.45401e-14
1.0406,1.44805e-14
1.04487,1.44145e-14
1.04915,1.43423e-14
1.05342,1.42639e-14
1.05769,1.41795e-14
1.06197,1.40892e-14
1.06624,1.3993e-14
1.07051,1.38911e-14
1.07479,1.37837e-14
1.07906,1.36709e-14
1.08333,1.35529e-14
1.08761,1.34297e-14
1.09188,1.33015e-14
1.09615,1.31686e-14
1.10043,1.3031e-14
1.1047,1.2889e-14
1.10897,1.27427e-14
1.11325,1.25923e-14
1.11752,1.24381e-14
1.12179,1.22801e-14
1.12607,1.21185e-14
1.13034,1.19537e-14
1.13462,1.17857e-14
1.13889,1.16148e-14
1.14316,1.14411e-14
1.14744,1.12648e-14
1.15171,1.10863e-14
1.15598,1.09055e-14
1.16026,1.07228e-14
1.16453,1.05384e-14
1.1688,1.03524e-14
1.17308,1.01651e-14
1.17735,9.97655e-15
1.18162,9.78707e-15
1.1859,9.5968e-15
1.19017,9.40593e-15
1.19444,9.21465e-15
1.19872,9.02314e-15
1.20299,8.83157e-15
1.20726,8.64013e-15
1.21154,8.44898e-15
1.21581,8.25829e-15
1.22009,8.06822e-15
1.22436,7.87892e-15
1.22863,7.69055e-15
1.23291,7.50326e-15
1.23718,7.31719e-15
1.24145,7.13247e-15
1.24573,6.94925e-15
1.25,6.76764e-15
1.25427,6.58777e-15
1.25855,6.40975e-15
1.26282,6.2337e-15
1.26709,6.05971e-15
1.27137,5.88789e-15
1.27564,5.71834e-15
1.27991,5.55113e-15
1.28419,5.38634e-15
1.28846,5.22407e-15
1.29274,5.06437e-15
1.29701,4.90731e-15
1.30128,4.75296e-15
1.30556,4.60135e-15
1.30983,4.45255e-15
1.3141,4.30659e-15
1.31838,4.16352e-15
1.32265,4.02336e-15
1.32692,3.88615e-15
1.3312,3.7519e-15
1.33547,3.62064e-15
1.33974,3.49237e-15
1.34402,3.36711e-15
1.34829,3.24486e-15
1.35256,3.12563e-15
1.35684,3.00939e-15
1.36111,2.89616e-15
1.36538,2.78592e-15
1.36966,2.67865e-15
1.37393,2.57434e-15
1.37821,2.47295e-15
1.38248,2.37448e-15
1.38675,2.27889e-15
1.39103,2.18614e-15
1.3953,2.09622e-15
1.39957,2.00907e-15
1.40385,1.92467e-15
1.40812,1.84298e-15
1.41239,1.76394e-15
1.41667,1.68753e-15
1.42094,1.61368e-15
1.42521,1.54237e-15
1.42949,1.47353e-15
1.43376,1.40712e-15
1.43803,1.3431e-15
1.44231,1.2814e-15
1.44658,1.22197e-15
1.45085,1.16478e-15
1.45513,1.10975e-15
1.4594,1.05683e-15
1.46368,1.00599e-15
1.46795,9.57148e-16
1.47222,9.10264e-16
1.4765,8.65282e-16
1.48077,8.22147e-16
1.48504,7.80806e-16
1.48932,7.41206e-16
1.49359,7.03292e-16
1.49786,6.67013e-16
1.50214,6.32317e-16
1.50641,5.99152e-16
1.51068,5.67468e-16
1.51496,5.37213e-16
1.51923,5.0834e-16
1.5235,4.80799e-16
1.52778,4.54542e-16
1.53205,4.29523e-16
1.53632,4.05696e-16
1.5406,3.83016e-16
1.54487,3.61438e-16
1.54915,3.40921e-16
1.55342,3.21421e-16
1.55769,3.02899e-16
1.56197,2.85313e-16
1.56624,2.68626e-16
1.57051,2.528e-16
1.57479,2.37797e-16
1.57906,2.23582e-16
1.58333,2.10121e-16
1.58761,1.97381e-16
1.59188,1.85328e-16
1.59615,1.73932e-16
1.60043,1.63162e-16
1.6047,1.52989e-16
1.60897,1.43385e-16
1.61325,1.34323e-16
1.61752,1.25776e-16
1.62179,1.17719e-16
1.62607,1.10127e-16
1.63034,1.02979e-16
1.63462,9.625e-17
1.63889,8.992e-17
1.64316,8.39679e-17
1.64744,7.8374e-17
1.65171,7.31194e-17
1.65598,6.81859e-17
1.66026,6.35563e-17
1.66453,5.9214e-17
1.6688,5.51432e-17
1.67308,5.13287e-17
1.67735,4.77564e-17
1.68162,4.44124e-17
1.6859,4.12837e-17
1.69017,3.83578e-17
1.69444,3.56231e-17
1.69872,3.30682e-17
1.70299,3.06826e-17
1.70726,2.84561e-17
1.71154,2.63791e-17
1.71581,2.44425e-17
1.72009,2.26378e-17
1.72436,2.09567e-17
1.72863,1.93916e-17
1.73291,1.79352e-17
1.73718,1.65807e-17
1.74145,1.53214e-17
1.74573,1.41513e-17
1.75,1.30646e-17
1.75427,1.20559e-17
1.75855,1.11199e-17
1.76282,1.0252e-17
1.76709,9.44743e-18
1.77137,8.70206e-18
1.77564,8.01184e-18
1.77991,7.373e-18
1.78419,6.782e-18
1.78846,6.23552e-18
1.79274,5.73047e-18
1.79701,5.26391e-18
1.80128,4.83314e-18
1.80556,4.43559e-18
1.80983,4.06888e-18
1.8141,3.73079e-18
1.81838,3.41923e-18
1.82265,3.13226e-18
1.82692,2.86806e-18
1.8312,2.62495e-18
1.83547,2.40135e-18
1.83974,2.19579e-18
1.84402,2.00691e-18
1.84829,1.83344e-18
1.85256,1.6742e-18
1.85684,1.5281e-18
1.86111,1.39411e-18
1.86538,1.27128e-18
1.86966,1.15875e-18
1.87393,1.0557e-18
1.87821,9.61371e-19
1.88248,8.75072e-19
1.88675,7.96157e-19
1.89103,7.24027e-19
1.8953,6.58132e-19
1.89957,5.97961e-19
1.90385,5.43044e-19
1.90812,4.92945e-19
1.91239,4.47263e-19
1.91667,4.0563e-19
1.92094,3.67704e-19
1.92521,3.33172e-19
1.92949,3.01745e-19
1.93376,2.73158e-19
1.93803,2.47166e-19
1.94231,2.23546e-19
1.94658,2.0209e-19
1.95085,1.8261e-19
1.95513,1.64933e-19
1.9594,1.48899e-19
1.96368,1.34362e-19
1.96795,1.21189e-19
1.97222,1.09258e-19
1.9765,9.84564e-20
1.98077,8.86822e-20
1.98504,7.98419e-20
1.98932,7.185e-20
1.99359,6.46285e-20
1.99786,5.81063e-20
