0.00127551,5.68707e-20
0.00382653,6.0606e-20
0.00637755,6.4576e-20
0.00892857,6.8795e-20
0.0114796,7.32776e-20
0.0140306,7.80397e-20
0.0165816,8.30977e-20
0.0191327,8.84691e-20
0.0216837,9.41724e-20
0.0242347,1.00227e-19
0.0267857,1.06654e-19
0.0293367,1.13474e-19
0.0318878,1.20711e-19
0.0344388,1.28388e-19
0.0369898,1.36531e-19
0.0395408,1.45168e-19
0.0420918,1.54325e-19
0.0446429,1.64034e-19
0.0471939,1.74325e-19
0.0497449,1.85231e-19
0.0522959,1.96788e-19
0.0548469,2.09031e-19
0.057398,2.22001e-19
0.059949,2.35736e-19
0.0625,2.50281e-19
0.065051,2.6568e-19
0.067602,2.81981e-19
0.0701531,2.99233e-19
0.0727041,3.17488e-19
0.0752551,3.36803e-19
0.0778061,3.57235e-19
0.0803571,3.78844e-19
0.0829082,4.01696e-19
0.0854592,4.25856e-19
0.0880102,4.51396e-19
0.0905612,4.7839e-19
0.0931122,5.06916e-19
0.0956633,5.37055e-19
0.0982143,5.68894e-19
0.100765,6.02523e-19
0.103316,6.38035e-19
0.105867,6.7553e-19
0.108418,7.15113e-19
0.110969,7.56892e-19
0.11352,8.00981e-19
0.116071,8.47501e-19
0.118622,8.96576e-19
0.121173,9.48339e-19
0.123724,1.00293e-18
0.126276,1.06049e-18
0.128827,1.12116e-18
0.131378,1.18512e-18
0.133929,1.25252e-18
0.13648,1.32355e-18
0.139031,1.39837e-18
0.141582,1.47718e-18
0.144133,1.56017e-18
0.146684,1.64756e-18
0.149235,1.73957e-18
0.151786,1.83641e-18
0.154337,1.93833e-18
0.156888,2.04558e-18
0.159439,2.1584e-18
0.16199,2.27708e-18
0.164541,2.40189e-18
0.167092,2.53313e-18
0.169643,2.67111e-18
0.172194,2.81615e-18
0.174745,2.96858e-18
0.177296,3.12875e-18
0.179847,3.29702e-18
0.182398,3.47378e-18
0.184949,3.65942e-18
0.1875,3.85436e-18
0.190051,4.05902e-18
0.192602,4.27385e-18
0.195153,4.49932e-18
0.197704,4.73591e-18
0.200255,4.98413e-18
0.202806,5.24451e-18
0.205357,5.51759e-18
0.207908,5.80395e-18
0.210459,6.10418e-18
0.21301,6.4189e-18
0.215561,6.74874e-18
0.218112,7.09437e-18
0.220663,7.4565e-18
0.223214,7.83583e-18
0.225765,8.23313e-18
0.228316,8.64915e-18
0.230867,9.08473e-18
0.233418,9.54068e-18
0.235969,1.00179e-17
0.23852,1.05173e-17
0.241071,1.10397e-17
0.243622,1.15863e-17
0.246173,1.21579e-17
0.248724,1.27556e-17
0.251276,1.33806e-17
0.253827,1.40338e-17
0.256378,1.47166e-17
0.258929,1.54301e-17
0.26148,1.61756e-17
0.264031,1.69543e-17
0.266582,1.77676e-17
0.269133,1.86169e-17
0.271684,1.95036e-17
0.274235,2.04292e-17
0.276786,2.13953e-17
0.279337,2.24034e-17
0.281888,2.34552e-17
0.284439,2.45524e-17
0.28699,2.56967e-17
0.289541,2.689e-17
0.292092,2.81341e-17
0.294643,2.9431e-17
0.297194,3.07827e-17
0.299745,3.21912e-17
0.302296,3.36587e-17
0.304847,3.51873e-17
0.307398,3.67794e-17
0.309949,3.84373e-17
0.3125,4.01633e-17
0.315051,4.19601e-17
0.317602,4.38301e-17
0.320153,4.5776e-17
0.322704,4.78005e-17
0.325255,4.99064e-17
0.327806,5.20966e-17
0.330357,5.43741e-17
0.332908,5.67419e-17
0.335459,5.92033e-17
0.33801,6.17613e-17
0.340561,6.44193e-17
0.343112,6.71809e-17
0.345663,7.00494e-17
0.348214,7.30285e-17
0.350765,7.61219e-17
0.353316,7.93335e-17
0.355867,8.26671e-17
0.358418,8.61268e-17
0.360969,8.97166e-17
0.36352,9.34409e-17
0.366071,9.7304e-17
0.368622,1.0131e-16
0.371173,1.05464e-16
0.373724,1.09771e-16
0.376276,1.14235e-16
0.378827,1.18861e-16
0.381378,1.23654e-16
0.383929,1.28619e-16
0.38648,1.33763e-16
0.389031,1.39089e-16
0.391582,1.44604e-16
0.394133,1.50313e-16
0.396684,1.56222e-16
0.399235,1.62336e-16
0.401786,1.68663e-16
0.404337,1.75208e-16
0.406888,1.81977e-16
0.409439,1.88977e-16
0.41199,1.96214e-16
0.414541,2.03696e-16
0.417092,2.11428e-16
0.419643,2.19418e-16
0.422194,2.27673e-16
0.424745,2.362e-16
0.427296,2.45006e-16
0.429847,2.541e-16
0.432398,2.63488e-16
0.434949,2.73178e-16
0.4375,2.83179e-16
0.440051,2.93498e-16
0.442602,3.04144e-16
0.445153,3.15125e-16
0.447704,3.26449e-16
0.450255,3.38125e-16
0.452806,3.50161e-16
0.455357,3.62567e-16
0.457908,3.75352e-16
0.460459,3.88524e-16
0.46301,4.02093e-16
0.465561,4.16068e-16
0.468112,4.30458e-16
0.470663,4.45274e-16
0.473214,4.60525e-16
0.475765,4.76221e-16
0.478316,4.92372e-16
0.480867,5.08988e-16
0.483418,5.26079e-16
0.485969,5.43655e-16
0.48852,5.61727e-16
0.491071,5.80305e-16
0.493622,5.994e-16
0.496173,6.19023e-16
0.498724,6.39185e-16
0.501276,6.59895e-16
0.503827,6.81166e-16
0.506378,7.03008e-16
0.508929,7.25433e-16
0.51148,7.48451e-16
0.514031,7.72073e-16
0.516582,7.96312e-16
0.519133,8.21178e-16
0.521684,8.46683e-16
0.524235,8.72838e-16
0.526786,8.99654e-16
0.529337,9.27144e-16
0.531888,9.55318e-16
0.534439,9.84188e-16
0.53699,1.01377e-15
0.539541,1.04406e-15
0.542092,1.07509e-15
0.544643,1.10686e-15
0.547194,1.13938e-15
0.549745,1.17267e-15
0.552296,1.20673e-15
0.554847,1.24158e-15
0.557398,1.27723e-15
0.559949,1.31369e-15
0.5625,1.35097e-15
0.565051,1.38908e-15
0.567602,1.42804e-15
0.570153,1.46785e-15
0.572704,1.50852e-15
0.575255,1.55007e-15
0.577806,1.5925e-15
0.580357,1.63583e-15
0.582908,1.68006e-15
0.585459,1.72521e-15
0.58801,1.77129e-15
0.590561,1.8183e-15
0.593112,1.86625e-15
0.595663,1.91516e-15
0.598214,1.96503e-15
0.600765,2.01586e-15
0.603316,2.06768e-15
0.605867,2.12049e-15
0.608418,2.17429e-15
0.610969,2.22909e-15
0.61352,2.2849e-15
0.616071,2.34173e-15
0.618622,2.39958e-15
0.621173,2.45846e-15
0.623724,2.51837e-15
0.626276,2.57932e-15
0.628827,2.64132e-15
0.631378,2.70438e-15
0.633929,2.76848e-15
0.63648,2.83365e-15
0.639031,2.89987e-15
0.641582,2.96716e-15
0.644133,3.03552e-15
0.646684,3.10495e-15
0.649235,3.17545e-15
0.651786,3.24702e-15
0.654337,3.31966e-15
0.656888,3.39338e-15
0.659439,3.46817e-15
0.66199,3.54404e-15
0.664541,3.62097e-15
0.667092,3.69897e-15
0.669643,3.77804e-15
0.672194,3.85817e-15
0.674745,3.93935e-15
0.677296,4.02159e-15
0.679847,4.10488e-15
0.682398,4.18922e-15
0.684949,4.27459e-15
0.6875,4.36099e-15
0.690051,4.44841e-15
0.692602,4.53685e-15
0.695153,4.6263e-15
0.697704,4.71674e-15
0.700255,4.80816e-15
0.702806,4.90056e-15
0.705357,4.99393e-15
0.707908,5.08824e-15
0.710459,5.18349e-15
0.71301,5.27967e-15
0.715561,5.37675e-15
0.718112,5.47473e-15
0.720663,5.57359e-15
0.723214,5.67331e-15
0.725765,5.77388e-15
0.728316,5.87527e-15
0.730867,5.97747e-15
0.733418,6.08046e-15
0.735969,6.18422e-15
0.73852,6.28872e-15
0.741071,6.39395e-15
0.743622,6.49988e-15
0.746173,6.6065e-15
0.748724,6.71377e-15
0.751276,6.82167e-15
0.753827,6.93018e-15
0.756378,7.03926e-15
0.758929,7.14891e-15
0.76148,7.25908e-15
0.764031,7.36974e-15
0.766582,7.48088e-15
0.769133,7.59246e-15
0.771684,7.70445e-15
0.774235,7.81682e-15
0.776786,7.92954e-15
0.779337,8.04257e-15
0.781888,8.15589e-15
0.784439,8.26946e-15
0.78699,8.38325e-15
0.789541,8.49722e-15
0.792092,8.61134e-15
0.794643,8.72557e-15
0.797194,8.83988e-15
0.799745,8.95423e-15
0.802296,9.06858e-15
0.804847,9.1829e-15
0.807398,9.29715e-15
0.809949,9.41129e-15
0.8125,9.52528e-15
0.815051,9.63908e-15
0.817602,9.75266e-15
0.820153,9.86596e-15
0.822704,9.97897e-15
0.825255,1.00916e-14
0.827806,1.02039e-14
0.830357,1.03157e-14
0.832908,1.04271e-14
0.835459,1.05379e-14
0.83801,1.06482e-14
0.840561,1.07579e-14
0.843112,1.0867e-14
0.845663,1.09754e-14
0.848214,1.1083e-14
0.850765,1.11899e-14
0.853316,1.1296e-14
0.855867,1.14013e-14
0.858418,1.15056e-14
0.860969,1.1609e-14
0.86352,1.17115e-14
0.866071,1.18129e-14
0.868622,1.19133e-14
0.871173,1.20125e-14
0.873724,1.21106e-14
0.876276,1.22076e-14
0.878827,1.23033e-14
0.881378,1.23977e-14
0.883929,1.24908e-14
0.88648,1.25826e-14
0.889031,1.2673e-14
0.891582,1.2762e-14
0.894133,1.28495e-14
0.896684,1.29355e-14
0.899235,1.30199e-14
0.901786,1.31028e-14
0.904337,1.31841e-14
0.906888,1.32637e-14
0.909439,1.33416e-14
0.91199,1.34178e-14
0.914541,1.34922e-14
0.917092,1.35648e-14
0.919643,1.36356e-14
0.922194,1.37046e-14
0.924745,1.37716e-14
0.927296,1.38368e-14
0.929847,1.38999e-14
0.932398,1.39611e-14
0.934949,1.40203e-14
0.9375,1.40775e-14
0.940051,1.41325e-14
0.942602,1.41855e-14
0.945153,1.42364e-14
0.947704,1.42851e-14
0.950255,1.43317e-14
0.952806,1.4376e-14
0.955357,1.44182e-14
0.957908,1.44581e-14
0.960459,1.44958e-14
0.96301,1.45312e-14
0.965561,1.45644e-14
0.968112,1.45952e-14
0.970663,1.46237e-14
0.973214,1.46499e-14
0.975765,1.46738e-14
0.978316,1.46953e-14
0.980867,1.47144e-14
0.983418,1.47312e-14
0.985969,1.47456e-14
0.98852,1.47576e-14
0.991071,1.47672e-14
0.993622,1.47744e-14
0.996173,1.47792e-14
0.998724,1.47816e-14
1.00128,1.47816e-14
1.00383,1.47792e-14
1.00638,1.47744e-14
1.00893,1.47672e-14
1.01148,1.47576e-14
1.01403,1.47456e-14
1.01658,1.47312e-14
1.01913,1.47144e-14
1.02168,1.46953e-14
1.02423,1.46738e-14
1.02679,1.46499e-14
1.02934,1.46237e-14
1.03189,1.45952e-14
1.03444,1.45644e-14
1.03699,1.45312e-14
1.03954,1.44958e-14
1.04209,1.44581e-14
1.04464,1.44182e-14
1.04719,1.4376e-14
1.04974,1.43317e-14
1.0523,1.42851e-14
1.05485,1.42364e-14
1.0574,1.41855e-14
1.05995,1.41325e-14
1.0625,1.40775e-14
1.06505,1.40203e-14
1.0676,1.39611e-14
1.07015,1.38999e-14
1.0727,1.38368e-14
1.07526,1.37716e-14
1.07781,1.37046e-14
1.08036,1.36356e-14
1.08291,1.35648e-14
1.08546,1.34922e-14
1.08801,1.34178e-14
1.09056,1.33416e-14
1.09311,1.32637e-14
1.09566,1.31841e-14
1.09821,1.31028e-14
1.10077,1.30199e-14
1.10332,1.29355e-14
1.10587,1.28495e-14
1.10842,1.2762e-14
1.11097,1.2673e-14
1.11352,1.25826e-14
1.11607,1.24908e-14
1.11862,1.23977e-14
1.12117,1.23033e-14
1.12372,1.22076e-14
1.12628,1.21106e-14
1.12883,1.20125e-14
1.13138,1.19133e-14
1.13393,1.18129e-14
1.13648,1.17115e-14
1.13903,1.1609e-14
1.14158,1.15056e-14
1.14413,1.14013e-14
1.14668,1.1296e-14
1.14923,1.11899e-14
1.15179,1.1083e-14
1.15434,1.09754e-14
1.15689,1.0867e-14
1.15944,1.07579e-14
1.16199,1.06482e-14
1.16454,1.05379e-14
1.16709,1.04271e-14
1.16964,1.03157e-14
1.17219,1.02039e-14
1.17474,1.00916e-14
1.1773,9.97897e-15
1.17985,9.86596e-15
1.1824,9.75266e-15
1.18495,9.63908e-15
1.1875,9.52528e-15
1.19005,9.41129e-15
1.1926,9.29715e-15
1.19515,9.1829e-15
1.1977,9.06858e-15
1.20026,8.95423e-15
1.20281,8.83988e-15
1.20536,8.72557e-15
1.20791,8.61134e-15
1.21046,8.49722e-15
1.21301,8.38325e-15
1.21556,8.26946e-15
1.21811,8.15589e-15
1.22066,8.04257e-15
1.22321,7.92954e-15
1.22577,7.81682e-15
1.22832,7.70445e-15
1.23087,7.59246e-15
1.23342,7.48088e-15
1.23597,7.36974e-15
1.23852,7.25908e-15
1.24107,7.14891e-15
1.24362,7.03926e-15
1.24617,6.93018e-15
1.24872,6.82167e-15
1.25128,6.71377e-15
1.25383,6.6065e-15
1.25638,6.49988e-15
1.25893,6.39395e-15
1.26148,6.28872e-15
1.26403,6.18422e-15
1.26658,6.08046e-15
1.26913,5.97747e-15
1.27168,5.87527e-15
1.27423,5.77388e-15
1.27679,5.67331e-15
1.27934,5.57359e-15
1.28189,5.47473e-15
1.28444,5.37675e-15
1.28699,5.27967e-15
1.28954,5.18349e-15
1.29209,5.08824e-15
1.29464,4.99393e-15
1.29719,4.90056e-15
1.29974,4.80816e-15
1.3023,4.71674e-15
1.30485,4.6263e-15
1.3074,4.53685e-15
1.30995,4.44841e-15
1.3125,4.36099e-15
1.31505,4.27459e-15
1.3176,4.18922e-15
1.32015,4.10488e-15
1.3227,4.02159e-15
1.32526,3.93935e-15
1.32781,3.85817e-15
1.33036,3.77804e-15
1.33291,3.69897e-15
1.33546,3.62097e-15
1.33801,3.54404e-15
1.34056,3.46817e-15
1.34311,3.39338e-15
1.34566,3.31966e-15
1.34821,3.24702e-15
1.35077,3.17545e-15
1.35332,3.10495e-15
1.35587,3.03552e-15
1.35842,2.96716e-15
1.36097,2.89987e-15
1.36352,2.83365e-15
1.36607,2.76848e-15
1.36862,2.70438e-15
1.37117,2.64132e-15
1.37372,2.57932e-15
1.37628,2.51837e-15
1.37883,2.45846e-15
1.38138,2.39958e-15
1.38393,2.34173e-15
1.38648,2.2849e-15
1.38903,2.22909e-15
1.39158,2.17429e-15
1.39413,2.12049e-15
1.39668,2.06768e-15
1.39923,2.01586e-15
1.40179,1.96503e-15
1.40434,1.91516e-15
1.40689,1.86625e-15
1.40944,1.8183e-15
1.41199,1.77129e-15
1.41454,1.72521e-15
1.41709,1.68006e-15
1.41964,1.63583e-15
1.42219,1.5925e-15
1.42474,1.55007e-15
1.4273,1.50852e-15
1.42985,1.46785e-15
1.4324,1.42804e-15
1.43495,1.38908e-15
1.4375,1.35097e-15
1.44005,1.31369e-15
1.4426,1.27723e-15
1.44515,1.24158e-15
1.4477,1.20673e-15
1.45026,1.17267e-15
1.45281,1.13938e-15
1.45536,1.10686e-15
1.45791,1.07509e-15
1.46046,1.04406e-15
1.46301,1.01377e-15
1.46556,9.84188e-16
1.46811,9.55318e-16
1.47066,9.27144e-16
1.47321,8.99654e-16
1.47577,8.72838e-16
1.47832,8.46683e-16
1.48087,8.21178e-16
1.48342,7.96312e-16
1.48597,7.72073e-16
1.48852,7.48451e-16
1.49107,7.25433e-16
1.49362,7.03008e-16
1.49617,6.81166e-16
1.49872,6.59895e-16
1.50128,6.39185e-16
1.50383,6.19023e-16
1.50638,5.994e-16
1.50893,5.80305e-16
1.51148,5.61727e-16
1.51403,5.43655e-16
1.51658,5.26079e-16
1.51913,5.08988e-16
1.52168,4.92372e-16
1.52423,4.76221e-16
1.52679,4.60525e-16
1.52934,4.45274e-16
1.53189,4.30458e-16
1.53444,4.16068e-16
1.53699,4.02093e-16
1.53954,3.88524e-16
1.54209,3.75352e-16
1.54464,3.62567e-16
1.54719,3.50161e-16
1.54974,3.38125e-16
1.5523,3.26449e-16
1.55485,3.15125e-16
1.5574,3.04144e-16
1.55995,2.93498e-16
1.5625,2.83179e-16
1.56505,2.73178e-16
1.5676,2.63488e-16
1.57015,2.541e-16
1.5727,2.45006e-16
1.57526,2.362e-16
1.57781,2.27673e-16
1.58036,2.19418e-16
1.58291,2.11428e-16
1.58546,2.03696e-16
1.58801,1.96214e-16
1.59056,1.88977e-16
1.59311,1.81977e-16
1.59566,1.75208e-16
1.59821,1.68663e-16
1.60077,1.62336e-16
1.60332,1.56222e-16
1.60587,1.50313e-16
1.60842,1.44604e-16
1.61097,1.39089e-16
1.61352,1.33763e-16
1.61607,1.28619e-16
1.61862,1.23654e-16
1.62117,1.18861e-16
1.62372,1.14235e-16
1.62628,1.09771e-16
1.62883,1.05464e-16
1.63138,1.0131e-16
1.63393,9.7304e-17
1.63648,9.34409e-17
1.63903,8.97166e-17
1.64158,8.61268e-17
1.64413,8.26671e-17
1.64668,7.93335e-17
1.64923,7.61219e-17
1.65179,7.30285e-17
1.65434,7.00494e-17
1.65689,6.71809e-17
1.65944,6.44193e-17
1.66199,6.17613e-17
1.66454,5.92033e-17
1.66709,5.67419e-17
1.66964,5.43741e-17
1.67219,5.20966e-17
1.67474,4.99064e-17
1.6773,4.78005e-17
1.67985,4.5776e-17
1.6824,4.38301e-17
1.68495,4.19601e-17
1.6875,4.01633e-17
1.69005,3.84373e-17
1.6926,3.67794e-17
1.69515,3.51873e-17
1.6977,3.36587e-17
1.70026,3.21912e-17
1.70281,3.07827e-17
1.70536,2.9431e-17
1.70791,2.81341e-17
1.71046,2.689e-17
1.71301,2.56967e-17
1.71556,2.45524e-17
1.71811,2.34552e-17
1.72066,2.24034e-17
1.72321,2.13953e-17
1.72577,2.04292e-17
1.72832,1.95036e-17
1.73087,1.86169e-17
1.73342,1.77676e-17
1.73597,1.69543e-17
1.73852,1.61756e-17
1.74107,1.54301e-17
1.74362,1.47166e-17
1.74617,1.40338e-17
1.74872,1.33806e-17
1.75128,1.27556e-17
1.75383,1.21579e-17
1.75638,1.15863e-17
1.75893,1.10397e-17
1.76148,1.05173e-17
1.76403,1.00179e-17
1.76658,9.54068e-18
1.76913,9.08473e-18
1.77168,8.64915e-18
1.77423,8.23313e-18
1.77679,7.83583e-18
1.77934,7.4565e-18
1.78189,7.09437e-18
1.78444,6.74874e-18
1.78699,6.4189e-18
1.78954,6.10418e-18
1.79209,5.80395e-18
1.79464,5.51759e-18
1.79719,5.24451e-18
1.79974,4.98413e-18
1.8023,4.73591e-18
1.80485,4.49932e-18
1.8074,4.27385e-18
1.80995,4.05902e-18
1.8125,3.85436e-18
1.81505,3.65942e-18
1.8176,3.47378e-18
1.82015,3.29702e-18
1.8227,3.12875e-18
1.82526,2.96858e-18
1.82781,2.81615e-18
1.83036,2.67111e-18
1.83291,2.53313e-18
1.83546,2.40189e-18
1.83801,2.27708e-18
1.84056,2.1584e-18
1.84311,2.04558e-18
1.84566,1.93833e-18
1.84821,1.83641e-18
1.85077,1.73957e-18
1.85332,1.64756e-18
1.85587,1.56017e-18
1.85842,1.47718e-18
1.86097,1.39837e-18
1.86352,1.32355e-18
1.86607,1.25252e-18
1.86862,1.18512e-18
1.87117,1.12116e-18
1.87372,1.06049e-18
1.87628,1.00293e-18
1.87883,9.48339e-19
1.88138,8.96576e-19
1.88393,8.47501e-19
1.88648,8.00981e-19
1.88903,7.56892e-19
1.89158,7.15113e-19
1.89413,6.7553e-19
1.89668,6.38035e-19
1.89923,6.02523e-19
1.90179,5.68894e-19
1.90434,5.37055e-19
1.90689,5.06916e-19
1.90944,4.7839e-19
1.91199,4.51396e-19
1.91454,4.25856e-19
1.91709,4.01696e-19
1.91964,3.78844e-19
1.92219,3.57235e-19
1.92474,3.36803e-19
1.9273,3.17488e-19
1.92985,2.99233e-19
1.9324,2.81981e-19
1.93495,2.6568e-19
1.9375,2.50281e-19
1.94005,2.35736e-19
1.9426,2.22001e-19
1.94515,2.09031e-19
1.9477,1.96788e-19
1.95026,1.85231e-19
1.95281,1.74325e-19
1.95536,1.64034e-19
1.95791,1.54325e-19
1.96046,1.45168e-19
1.96301,1.36531e-19
1.96556,1.28388e-19
1.96811,1.20711e-19
1.97066,1.13474e-19
1.97321,1.06654e-19
1.97577,1.00227e-19
1.97832,9.41724e-20
1.98087,8.84691e-20
1.98342,8.30977e-20
1.98597,7.80397e-20
1.98852,7.32776e-20
1.99107,6.8795e-20
1.99362,6.4576e-20
1.99617,6.0606e-20
1.99872,5.68707e-20
