0.0019685,0
0.00590551,1.82153e-08
0.00984252,3.82991e-08
0.0137795,6.04345e-08
0.0177165,8.48215e-08
0.0216535,1.11679e-07
0.0255906,1.41245e-07
0.0295276,1.73781e-07
0.0334646,2.09572e-07
0.0374016,2.48926e-07
0.0413386,2.92184e-07
0.0452756,3.39712e-07
0.0492126,3.91913e-07
0.0531496,4.49224e-07
0.0570866,5.1212e-07
0.0610236,5.8112e-07
0.0649606,6.56786e-07
0.0688976,7.3973e-07
0.0728346,8.30617e-07
0.0767717,9.30169e-07
0.0807087,1.03917e-06
0.0846457,1.15847e-06
0.0885827,1.28899e-06
0.0925197,1.43174e-06
0.0964567,1.58779e-06
0.100394,1.75832e-06
0.104331,1.9446e-06
0.108268,2.14801e-06
0.112205,2.37004e-06
0.116142,2.6123e-06
0.120079,2.87652e-06
0.124016,3.16459e-06
0.127953,3.47854e-06
0.13189,3.82056e-06
0.135827,4.19301e-06
0.139764,4.59846e-06
0.143701,5.03964e-06
0.147638,5.51952e-06
0.151575,6.0413e-06
0.155512,6.60842e-06
0.159449,7.22456e-06
0.163386,7.89372e-06
0.167323,8.62017e-06
0.17126,9.40851e-06
0.175197,1.02637e-05
0.179134,1.1191e-05
0.183071,1.21962e-05
0.187008,1.32853e-05
0.190945,1.44649e-05
0.194882,1.5742e-05
0.198819,1.71242e-05
0.202756,1.86195e-05
0.206693,2.02365e-05
0.21063,2.19846e-05
0.214567,2.38735e-05
0.218504,2.59138e-05
0.222441,2.81168e-05
0.226378,3.04946e-05
0.230315,3.306e-05
0.234252,3.58268e-05
0.238189,3.88095e-05
0.242126,4.20239e-05
0.246063,4.54866e-05
0.25,4.92153e-05
0.253937,5.32289e-05
0.257874,5.75474e-05
0.261811,6.21923e-05
0.265748,6.71863e-05
0.269685,7.25535e-05
0.273622,7.83196e-05
0.277559,8.45118e-05
0.281496,9.11591e-05
0.285433,9.82921e-05
0.28937,0.000105943
0.293307,0.000114147
0.297244,0.000122941
0.301181,0.000132362
0.305118,0.000142452
0.309055,0.000153254
0.312992,0.000164814
0.316929,0.00017718
0.320866,0.000190404
0.324803,0.000204539
0.32874,0.000219643
0.332677,0.000235775
0.336614,0.000252999
0.340551,0.000271381
0.344488,0.000290993
0.348425,0.000311907
0.352362,0.000334202
0.356299,0.00035796
0.360236,0.000383267
0.364173,0.000410214
0.36811,0.000438895
0.372047,0.000469411
0.375984,0.000501867
0.379921,0.000536371
0.383858,0.00057304
0.387795,0.000611993
0.391732,0.000653358
0.395669,0.000697267
0.399606,0.000743857
0.403543,0.000793275
0.40748,0.00084567
0.411417,0.0009012
0.415354,0.000960032
0.419291,0.00102234
0.423228,0.00108829
0.427165,0.00115809
0.431102,0.00123192
0.435039,0.00130998
0.438976,0.00139249
0.442913,0.00147968
0.44685,0.00157175
0.450787,0.00166896
0.454724,0.00177155
0.458661,0.00187978
0.462598,0.0019939
0.466535,0.0021142
0.470472,0.00224097
0.474409,0.00237448
0.478346,0.00251506
0.482283,0.00266302
0.48622,0.00281868
0.490157,0.00298239
0.494094,0.00315448
0.498031,0.00333533
0.501969,0.0035253
0.505906,0.00372478
0.509843,0.00393415
0.51378,0.00415383
0.517717,0.00438424
0.521654,0.0046258
0.525591,0.00487895
0.529528,0.00514416
0.533465,0.00542188
0.537402,0.00571259
0.541339,0.00601679
0.545276,0.00633497
0.549213,0.00666765
0.55315,0.00701536
0.557087,0.00737863
0.561024,0.00775802
0.564961,0.00815408
0.568898,0.00856739
0.572835,0.00899852
0.576772,0.00944809
0.580709,0.00991668
0.584646,0.0104049
0.588583,0.0109134
0.59252,0.0114429
0.596457,0.0119939
0.600394,0.0125671
0.604331,0.0131632
0.608268,0.0137828
0.612205,0.0144267
0.616142,0.0150954
0.620079,0.0157898
0.624016,0.0165106
0.627953,0.0172583
0.63189,0.0180338
0.635827,0.0188377
0.639764,0.0196709
0.643701,0.0205339
0.647638,0.0214275
0.651575,0.0223526
0.655512,0.0233096
0.659449,0.0242996
0.663386,0.025323
0.667323,0.0263807
0.67126,0.0274735
0.675197,0.0286019
0.679134,0.0297668
0.683071,0.0309688
0.687008,0.0322087
0.690945,0.0334871
0.694882,0.0348047
0.698819,0.0361622
0.702756,0.0375604
0.706693,0.0389997
0.71063,0.0404809
0.714567,0.0420046
0.718504,0.0435714
0.722441,0.045182
0.726378,0.0468368
0.730315,0.0485364
0.734252,0.0502815
0.738189,0.0520724
0.742126,0.0539097
0.746063,0.0557939
0.75,0.0577254
0.753937,0.0597047
0.757874,0.0617321
0.761811,0.0638079
0.765748,0.0659326
0.769685,0.0681064
0.773622,0.0703297
0.777559,0.0726026
0.781496,0.0749253
0.785433,0.0772981
0.78937,0.079721
0.793307,0.0821943
0.797244,0.0847178
0.801181,0.0872918
0.805118,0.0899161
0.809055,0.0925907
0.812992,0.0953155
0.816929,0.0980904
0.820866,0.100915
0.824803,0.10379
0.82874,0.106714
0.832677,0.109687
0.836614,0.112709
0.840551,0.115779
0.844488,0.118897
0.848425,0.122063
0.852362,0.125275
0.856299,0.128534
0.860236,0.131839
0.864173,0.135189
0.86811,0.138583
0.872047,0.142021
0.875984,0.145502
0.879921,0.149025
0.883858,0.152589
0.887795,0.156194
0.891732,0.159838
0.895669,0.16352
0.899606,0.167239
0.903543,0.170995
0.90748,0.174786
0.911417,0.17861
0.915354,0.182468
0.919291,0.186357
0.923228,0.190276
0.927165,0.194224
0.931102,0.1982
0.935039,0.202202
0.938976,0.206229
0.942913,0.210279
0.94685,0.214351
0.950787,0.218444
0.954724,0.222556
0.958661,0.226686
0.962598,0.230832
0.966535,0.234992
0.970472,0.239165
0.974409,0.243349
0.978346,0.247544
0.982283,0.251746
0.98622,0.255955
0.990157,0.260168
0.994094,0.264385
0.998031,0.268604
1.00197,0.272822
1.00591,0.277039
1.00984,0.281253
1.01378,0.285462
1.01772,0.289664
1.02165,0.293858
1.02559,0.298043
1.02953,0.302216
1.03346,0.306376
1.0374,0.310522
1.04134,0.314651
1.04528,0.318763
1.04921,0.322856
1.05315,0.326929
1.05709,0.330979
1.06102,0.335006
1.06496,0.339008
1.0689,0.342984
1.07283,0.346932
1.07677,0.350851
1.08071,0.35474
1.08465,0.358597
1.08858,0.362422
1.09252,0.366213
1.09646,0.369968
1.10039,0.373688
1.10433,0.37737
1.10827,0.381014
1.1122,0.384618
1.11614,0.388182
1.12008,0.391705
1.12402,0.395186
1.12795,0.398624
1.13189,0.402019
1.13583,0.405369
1.13976,0.408673
1.1437,0.411932
1.14764,0.415145
1.15157,0.418311
1.15551,0.421429
1.15945,0.424499
1.16339,0.427521
1.16732,0.430494
1.17126,0.433418
1.1752,0.436292
1.17913,0.439117
1.18307,0.441892
1.18701,0.444617
1.19094,0.447292
1.19488,0.449916
1.19882,0.45249
1.20276,0.455013
1.20669,0.457487
1.21063,0.45991
1.21457,0.462282
1.2185,0.464605
1.22244,0.466878
1.22638,0.469101
1.23031,0.471275
1.23425,0.4734
1.23819,0.475476
1.24213,0.477503
1.24606,0.479482
1.25,0.481414
1.25394,0.483298
1.25787,0.485135
1.26181,0.486926
1.26575,0.488671
1.26969,0.490371
1.27362,0.492026
1.27756,0.493636
1.2815,0.495203
1.28543,0.496727
1.28937,0.498208
1.29331,0.499647
1.29724,0.501045
1.30118,0.502403
1.30512,0.503721
1.30906,0.504999
1.31299,0.506239
1.31693,0.507441
1.32087,0.508606
1.3248,0.509734
1.32874,0.510827
1.33268,0.511885
1.33661,0.512908
1.34055,0.513898
1.34449,0.514855
1.34843,0.51578
1.35236,0.516674
1.3563,0.517537
1.36024,0.51837
1.36417,0.519174
1.36811,0.519949
1.37205,0.520697
1.37598,0.521418
1.37992,0.522112
1.38386,0.522781
1.3878,0.523425
1.39173,0.524045
1.39567,0.524641
1.39961,0.525214
1.40354,0.525765
1.40748,0.526294
1.41142,0.526803
1.41535,0.527291
1.41929,0.52776
1.42323,0.528209
1.42717,0.52864
1.4311,0.529054
1.43504,0.52945
1.43898,0.529829
1.44291,0.530192
1.44685,0.53054
1.45079,0.530873
1.45472,0.531191
1.45866,0.531495
1.4626,0.531786
1.46654,0.532063
1.47047,0.532329
1.47441,0.532582
1.47835,0.532823
1.48228,0.533054
1.48622,0.533274
1.49016,0.533483
1.49409,0.533682
1.49803,0.533872
1.50197,0.534053
1.50591,0.534225
1.50984,0.534389
1.51378,0.534545
1.51772,0.534693
1.52165,0.534833
1.52559,0.534967
1.52953,0.535093
1.53346,0.535214
1.5374,0.535328
1.54134,0.535436
1.54528,0.535539
1.54921,0.535636
1.55315,0.535728
1.55709,0.535815
1.56102,0.535898
1.56496,0.535976
1.5689,0.53605
1.57283,0.536119
1.57677,0.536185
1.58071,0.536248
1.58465,0.536306
1.58858,0.536362
1.59252,0.536414
1.59646,0.536464
1.60039,0.53651
1.60433,0.536554
1.60827,0.536596
1.6122,0.536635
1.61614,0.536671
1.62008,0.536706
1.62402,0.536738
1.62795,0.536769
1.63189,0.536797
1.63583,0.536824
1.63976,0.53685
1.6437,0.536873
1.64764,0.536896
1.65157,0.536917
1.65551,0.536936
1.65945,0.536955
1.66339,0.536972
1.66732,0.536988
1.67126,0.537003
1.6752,0.537017
1.67913,0.53703
1.68307,0.537043
1.68701,0.537054
1.69094,0.537065
1.69488,0.537075
1.69882,0.537085
1.70276,0.537094
1.70669,0.537102
1.71063,0.537109
1.71457,0.537116
1.7185,0.537123
1.72244,0.537129
1.72638,0.537135
1.73031,0.53714
1.73425,0.537145
1.73819,0.53715
1.74213,0.537154
1.74606,0.537158
1.75,0.537162
1.75394,0.537166
1.75787,0.537169
1.76181,0.537172
1.76575,0.537175
1.76969,0.537177
1.77362,0.53718
1.77756,0.537182
1.7815,0.537184
1.78543,0.537186
1.78937,0.537187
1.79331,0.537189
1.79724,0.537191
1.80118,0.537192
1.80512,0.537193
1.80906,0.537194
1.81299,0.537195
1.81693,0.537196
1.82087,0.537197
1.8248,0.537198
1.82874,0.537199
1.83268,0.5372
1.83661,0.5372
1.84055,0.537201
1.84449,0.537202
1.84843,0.537202
1.85236,0.537203
1.8563,0.537203
1.86024,0.537203
1.86417,0.537204
1.86811,0.537204
1.87205,0.537204
1.87598,0.537205
1.87992,0.537205
1.88386,0.537205
1.8878,0.537206
1.89173,0.537206
1.89567,0.537206
1.89961,0.537206
1.90354,0.537206
1.90748,0.537206
1.91142,0.537206
1.91535,0.537207
1.91929,0.537207
1.92323,0.537207
1.92717,0.537207
1.9311,0.537207
1.93504,0.537207
1.93898,0.537207
1.94291,0.537207
1.94685,0.537207
1.95079,0.537207
1.95472,0.537207
1.95866,0.537207
1.9626,0.537207
1.96654,0.537207
1.97047,0.537208
1.97441,0.537208
1.97835,0.537208
1.98228,0.537208
1.98622,0.537208
1.99016,0.537208
1.99409,0.537208
1.99803,0.537208
