0.00106724,0
0.00320171,9.23291e-09
0.00533618,1.89697e-08
0.00747065,2.92366e-08
0.00960512,4.00613e-08
0.0117396,5.14729e-08
0.0138741,6.35017e-08
0.0160085,7.61797e-08
0.018143,8.95404e-08
0.0202775,1.03619e-07
0.022412,1.18452e-07
0.0245464,1.34079e-07
0.0266809,1.5054e-07
0.0288154,1.67877e-07
0.0309498,1.86136e-07
0.0330843,2.05362e-07
0.0352188,2.25606e-07
0.0373533,2.46917e-07
0.0394877,2.69351e-07
0.0416222,2.92963e-07
0.0437567,3.17813e-07
0.0458911,3.43962e-07
0.0480256,3.71475e-07
0.0501601,4.0042e-07
0.0522946,4.30869e-07
0.054429,4.62895e-07
0.0565635,4.96577e-07
0.058698,5.31995e-07
0.0608324,5.69237e-07
0.0629669,6.08389e-07
0.0651014,6.49547e-07
0.0672359,6.92808e-07
0.0693703,7.38274e-07
0.0715048,7.86052e-07
0.0736393,8.36254e-07
0.0757737,8.88997e-07
0.0779082,9.44404e-07
0.0800427,1.0026e-06
0.0821772,1.06372e-06
0.0843116,1.12791e-06
0.0864461,1.19531e-06
0.0885806,1.26607e-06
0.090715,1.34035e-06
0.0928495,1.41832e-06
0.094984,1.50015e-06
0.0971185,1.58603e-06
0.0992529,1.67614e-06
0.101387,1.77068e-06
0.103522,1.86987e-06
0.105656,1.9739e-06
0.107791,2.08301e-06
0.109925,2.19744e-06
0.11206,2.31743e-06
0.114194,2.44323e-06
0.116329,2.57512e-06
0.118463,2.71336e-06
0.120598,2.85825e-06
0.122732,3.0101e-06
0.124867,3.16922e-06
0.127001,3.33593e-06
0.129136,3.51058e-06
0.13127,3.69353e-06
0.133404,3.88515e-06
0.135539,4.08583e-06
0.137673,4.29597e-06
0.139808,4.51599e-06
0.141942,4.74633e-06
0.144077,4.98745e-06
0.146211,5.23983e-06
0.148346,5.50396e-06
0.15048,5.78035e-06
0.152615,6.06954e-06
0.154749,6.37209e-06
0.156884,6.68858e-06
0.159018,7.01961e-06
0.161153,7.36582e-06
0.163287,7.72786e-06
0.165422,8.10641e-06
0.167556,8.50218e-06
0.169691,8.9159e-06
0.171825,9.34833e-06
0.173959,9.80028e-06
0.176094,1.02726e-05
0.178228,1.07661e-05
0.180363,1.12816e-05
0.182497,1.18202e-05
0.184632,1.23828e-05
0.186766,1.29704e-05
0.188901,1.3584e-05
0.191035,1.42247e-05
0.19317,1.48936e-05
0.195304,1.55919e-05
0.197439,1.63208e-05
0.199573,1.70816e-05
0.201708,1.78755e-05
0.203842,1.87039e-05
0.205977,1.95683e-05
0.208111,2.04699e-05
0.210245,2.14105e-05
0.21238,2.23914e-05
0.214514,2.34145e-05
0.216649,2.44812e-05
0.218783,2.55934e-05
0.220918,2.67529e-05
0.223052,2.79616e-05
0.225187,2.92213e-05
0.227321,3.05342e-05
0.229456,3.19022e-05
0.23159,3.33276e-05
0.233725,3.48125e-05
0.235859,3.63594e-05
0.237994,3.79705e-05
0.240128,3.96484e-05
0.242263,4.13956e-05
0.244397,4.32148e-05
0.246531,4.51088e-05
0.248666,4.70803e-05
0.2508,4.91324e-05
0.252935,5.12681e-05
0.255069,5.34905e-05
0.257204,5.58028e-05
0.259338,5.82086e-05
0.261473,6.07112e-05
0.263607,6.33142e-05
0.265742,6.60214e-05
0.267876,6.88366e-05
0.270011,7.17638e-05
0.272145,7.48071e-05
0.27428,7.79708e-05
0.276414,8.12592e-05
0.278549,8.46768e-05
0.280683,8.82284e-05
0.282818,9.19187e-05
0.284952,9.57528e-05
0.287086,9.97358e-05
0.289221,0.000103873
0.291355,0.00010817
0.29349,0.000112632
0.295624,0.000117265
0.297759,0.000122076
0.299893,0.00012707
0.302028,0.000132254
0.304162,0.000137634
0.306297,0.000143218
0.308431,0.000149011
0.310566,0.000155022
0.3127,0.000161258
0.314835,0.000167727
0.316969,0.000174436
0.319104,0.000181394
0.321238,0.000188608
0.323372,0.000196089
0.325507,0.000203844
0.327641,0.000211883
0.329776,0.000220215
0.33191,0.00022885
0.334045,0.000237797
0.336179,0.000247068
0.338314,0.000256673
0.340448,0.000266622
0.342583,0.000276927
0.344717,0.000287599
0.346852,0.000298651
0.348986,0.000310094
0.351121,0.000321941
0.353255,0.000334204
0.35539,0.000346897
0.357524,0.000360034
0.359658,0.000373628
0.361793,0.000387694
0.363927,0.000402246
0.366062,0.0004173
0.368196,0.000432871
0.370331,0.000448975
0.372465,0.000465628
0.3746,0.000482848
0.376734,0.00050065
0.378869,0.000519054
0.381003,0.000538077
0.383138,0.000557737
0.385272,0.000578055
0.387407,0.000599048
0.389541,0.000620739
0.391676,0.000643145
0.39381,0.00066629
0.395945,0.000690195
0.398079,0.000714881
0.400213,0.000740371
0.402348,0.00076669
0.404482,0.000793859
0.406617,0.000821904
0.408751,0.000850849
0.410886,0.000880721
0.41302,0.000911545
0.415155,0.000943348
0.417289,0.000976157
0.419424,0.00101
0.421558,0.00104491
0.423693,0.0010809
0.425827,0.00111803
0.427962,0.0011563
0.430096,0.00119576
0.432231,0.00123643
0.434365,0.00127835
0.436499,0.00132156
0.438634,0.00136608
0.440768,0.00141195
0.442903,0.00145921
0.445037,0.00150789
0.447172,0.00155803
0.449306,0.00160967
0.451441,0.00166285
0.453575,0.0017176
0.45571,0.00177398
0.457844,0.001832
0.459979,0.00189173
0.462113,0.00195321
0.464248,0.00201646
0.466382,0.00208155
0.468517,0.00214852
0.470651,0.0022174
0.472785,0.00228826
0.47492,0.00236114
0.477054,0.00243608
0.479189,0.00251314
0.481323,0.00259236
0.483458,0.0026738
0.485592,0.00275752
0.487727,0.00284356
0.489861,0.00293198
0.491996,0.00302283
0.49413,0.00311617
0.496265,0.00321207
0.498399,0.00331057
0.500534,0.00341173
0.502668,0.00351563
0.504803,0.00362231
0.506937,0.00373184
0.509072,0.00384429
0.511206,0.00395971
0.51334,0.00407818
0.515475,0.00419975
0.517609,0.00432451
0.519744,0.00445251
0.521878,0.00458382
0.524013,0.00471852
0.526147,0.00485668
0.528282,0.00499837
0.530416,0.00514366
0.532551,0.00529263
0.534685,0.00544536
0.53682,0.00560191
0.538954,0.00576237
0.541089,0.00592682
0.543223,0.00609534
0.545358,0.00626801
0.547492,0.0064449
0.549626,0.00662611
0.551761,0.00681172
0.553895,0.0070018
0.55603,0.00719646
0.558164,0.00739577
0.560299,0.00759983
0.562433,0.00780872
0.564568,0.00802253
0.566702,0.00824135
0.568837,0.00846528
0.570971,0.00869441
0.573106,0.00892883
0.57524,0.00916864
0.577375,0.00941393
0.579509,0.0096648
0.581644,0.00992135
0.583778,0.0101837
0.585912,0.0104519
0.588047,0.0107261
0.590181,0.0110063
0.592316,0.0112928
0.59445,0.0115855
0.596585,0.0118846
0.598719,0.0121902
0.600854,0.0125024
0.602988,0.0128213
0.605123,0.013147
0.607257,0.0134796
0.609392,0.0138193
0.611526,0.0141661
0.613661,0.0145201
0.615795,0.0148815
0.61793,0.0152503
0.620064,0.0156267
0.622199,0.0160108
0.624333,0.0164028
0.626467,0.0168026
0.628602,0.0172104
0.630736,0.0176264
0.632871,0.0180507
0.635005,0.0184833
0.63714,0.0189244
0.639274,0.0193741
0.641409,0.0198325
0.643543,0.0202997
0.645678,0.0207759
0.647812,0.0212611
0.649947,0.0217556
0.652081,0.0222593
0.654216,0.0227724
0.65635,0.023295
0.658485,0.0238273
0.660619,0.0243694
0.662753,0.0249213
0.664888,0.0254832
0.667022,0.0260553
0.669157,0.0266375
0.671291,0.0272301
0.673426,0.0278331
0.67556,0.0284467
0.677695,0.029071
0.679829,0.0297061
0.681964,0.030352
0.684098,0.031009
0.686233,0.0316772
0.688367,0.0323565
0.690502,0.0330472
0.692636,0.0337494
0.694771,0.0344632
0.696905,0.0351886
0.699039,0.0359258
0.701174,0.036675
0.703308,0.0374361
0.705443,0.0382093
0.707577,0.0389947
0.709712,0.0397924
0.711846,0.0406026
0.713981,0.0414252
0.716115,0.0422604
0.71825,0.0431084
0.720384,0.0439691
0.722519,0.0448428
0.724653,0.0457294
0.726788,0.046629
0.728922,0.0475419
0.731057,0.048468
0.733191,0.0494074
0.735326,0.0503602
0.73746,0.0513266
0.739594,0.0523065
0.741729,0.0533001
0.743863,0.0543074
0.745998,0.0553285
0.748132,0.0563634
0.750267,0.0574124
0.752401,0.0584753
0.754536,0.0595523
0.75667,0.0606435
0.758805,0.0617488
0.760939,0.0628684
0.763074,0.0640023
0.765208,0.0651506
0.767343,0.0663133
0.769477,0.0674904
0.771612,0.0686821
0.773746,0.0698883
0.77588,0.071109
0.778015,0.0723444
0.780149,0.0735944
0.782284,0.0748591
0.784418,0.0761386
0.786553,0.0774327
0.788687,0.0787416
0.790822,0.0800653
0.792956,0.0814037
0.795091,0.082757
0.797225,0.084125
0.79936,0.0855078
0.801494,0.0869055
0.803629,0.0883179
0.805763,0.0897452
0.807898,0.0911872
0.810032,0.092644
0.812166,0.0941156
0.814301,0.0956019
0.816435,0.097103
0.81857,0.0986187
0.820704,0.100149
0.822839,0.101694
0.824973,0.103254
0.827108,0.104828
0.829242,0.106416
0.831377,0.108019
0.833511,0.109637
0.835646,0.111269
0.83778,0.112915
0.839915,0.114575
0.842049,0.11625
0.844184,0.117938
0.846318,0.119641
0.848453,0.121357
0.850587,0.123087
0.852721,0.124832
0.854856,0.126589
0.85699,0.128361
0.859125,0.130145
0.861259,0.131943
0.863394,0.133755
0.865528,0.135579
0.867663,0.137417
0.869797,0.139267
0.871932,0.141131
0.874066,0.143006
0.876201,0.144895
0.878335,0.146796
0.88047,0.148709
0.882604,0.150634
0.884739,0.152572
0.886873,0.154521
0.889007,0.156481
0.891142,0.158454
0.893276,0.160438
0.895411,0.162432
0.897545,0.164438
0.89968,0.166455
0.901814,0.168483
0.903949,0.170521
0.906083,0.17257
0.908218,0.174628
0.910352,0.176697
0.912487,0.178775
0.914621,0.180863
0.916756,0.182961
0.91889,0.185067
0.921025,0.187183
0.923159,0.189308
0.925293,0.191441
0.927428,0.193582
0.929562,0.195732
0.931697,0.19789
0.933831,0.200055
0.935966,0.202228
0.9381,0.204408
0.940235,0.206596
0.942369,0.20879
0.944504,0.210991
0.946638,0.213198
0.948773,0.215412
0.950907,0.217631
0.953042,0.219856
0.955176,0.222086
0.957311,0.224322
0.959445,0.226563
0.96158,0.228808
0.963714,0.231058
0.965848,0.233312
0.967983,0.235571
0.970117,0.237832
0.972252,0.240098
0.974386,0.242366
0.976521,0.244638
0.978655,0.246912
0.98079,0.249189
0.982924,0.251468
0.985059,0.253749
0.987193,0.256031
0.989328,0.258315
0.991462,0.2606
0.993597,0.262886
0.995731,0.265173
0.997866,0.26746
1,0.269747
1.00213,0.272035
1.00427,0.274321
1.0064,0.276607
1.00854,0.278893
1.01067,0.281177
1.01281,0.283459
1.01494,0.28574
1.01708,0.288019
1.01921,0.290296
1.02134,0.29257
1.02348,0.294841
1.02561,0.29711
1.02775,0.299375
1.02988,0.301637
1.03202,0.303895
1.03415,0.306149
1.03629,0.308399
1.03842,0.310645
1.04055,0.312885
1.04269,0.315121
1.04482,0.317352
1.04696,0.319577
1.04909,0.321796
1.05123,0.32401
1.05336,0.326217
1.0555,0.328418
1.05763,0.330612
1.05977,0.332799
1.0619,0.33498
1.06403,0.337153
1.06617,0.339318
1.0683,0.341476
1.07044,0.343625
1.07257,0.345767
1.07471,0.3479
1.07684,0.350025
1.07898,0.35214
1.08111,0.354247
1.08324,0.356344
1.08538,0.358432
1.08751,0.360511
1.08965,0.36258
1.09178,0.364638
1.09392,0.366687
1.09605,0.368725
1.09819,0.370752
1.10032,0.372769
1.10245,0.374775
1.10459,0.37677
1.10672,0.378754
1.10886,0.380726
1.11099,0.382687
1.11313,0.384636
1.11526,0.386573
1.1174,0.388499
1.11953,0.390412
1.12166,0.392313
1.1238,0.394201
1.12593,0.396077
1.12807,0.39794
1.1302,0.399791
1.13234,0.401628
1.13447,0.403453
1.13661,0.405264
1.13874,0.407062
1.14088,0.408847
1.14301,0.410618
1.14514,0.412376
1.14728,0.41412
1.14941,0.41585
1.15155,0.417567
1.15368,0.41927
1.15582,0.420958
1.15795,0.422633
1.16009,0.424293
1.16222,0.425939
1.16435,0.427571
1.16649,0.429188
1.16862,0.430791
1.17076,0.43238
1.17289,0.433954
1.17503,0.435514
1.17716,0.437059
1.1793,0.438589
1.18143,0.440105
1.18356,0.441606
1.1857,0.443092
1.18783,0.444564
1.18997,0.44602
1.1921,0.447462
1.19424,0.44889
1.19637,0.450302
1.19851,0.4517
1.20064,0.453083
1.20277,0.454451
1.20491,0.455804
1.20704,0.457142
1.20918,0.458466
1.21131,0.459775
1.21345,0.461069
1.21558,0.462349
1.21772,0.463613
1.21985,0.464863
1.22199,0.466099
1.22412,0.467319
1.22625,0.468526
1.22839,0.469717
1.23052,0.470894
1.23266,0.472057
1.23479,0.473205
1.23693,0.474339
1.23906,0.475459
1.2412,0.476564
1.24333,0.477655
1.24546,0.478732
1.2476,0.479795
1.24973,0.480844
1.25187,0.481879
1.254,0.4829
1.25614,0.483908
1.25827,0.484901
1.26041,0.485881
1.26254,0.486847
1.26467,0.4878
1.26681,0.48874
1.26894,0.489666
1.27108,0.490579
1.27321,0.491478
1.27535,0.492365
1.27748,0.493239
1.27962,0.494099
1.28175,0.494947
1.28388,0.495782
1.28602,0.496605
1.28815,0.497415
1.29029,0.498213
1.29242,0.498998
1.29456,0.499772
1.29669,0.500533
1.29883,0.501282
1.30096,0.502019
1.30309,0.502744
1.30523,0.503458
1.30736,0.50416
1.3095,0.504851
1.31163,0.505531
1.31377,0.506199
1.3159,0.506856
1.31804,0.507502
1.32017,0.508137
1.32231,0.508761
1.32444,0.509375
1.32657,0.509978
1.32871,0.51057
1.33084,0.511152
1.33298,0.511724
1.33511,0.512286
1.33725,0.512838
1.33938,0.51338
1.34152,0.513913
1.34365,0.514435
1.34578,0.514948
1.34792,0.515452
1.35005,0.515947
1.35219,0.516432
1.35432,0.516908
1.35646,0.517375
1.35859,0.517834
1.36073,0.518283
1.36286,0.518724
1.36499,0.519157
1.36713,0.519581
1.36926,0.519997
1.3714,0.520405
1.37353,0.520805
1.37567,0.521197
1.3778,0.521581
1.37994,0.521957
1.38207,0.522326
1.3842,0.522688
1.38634,0.523042
1.38847,0.523388
1.39061,0.523728
1.39274,0.524061
1.39488,0.524386
1.39701,0.524705
1.39915,0.525017
1.40128,0.525323
1.40342,0.525622
1.40555,0.525915
1.40768,0.526201
1.40982,0.526482
1.41195,0.526756
1.41409,0.527024
1.41622,0.527286
1.41836,0.527543
1.42049,0.527794
1.42263,0.528039
1.42476,0.528279
1.42689,0.528513
1.42903,0.528742
1.43116,0.528966
1.4333,0.529185
1.43543,0.529399
1.43757,0.529608
1.4397,0.529812
1.44184,0.530011
1.44397,0.530206
1.4461,0.530396
1.44824,0.530582
1.45037,0.530763
1.45251,0.53094
1.45464,0.531112
1.45678,0.531281
1.45891,0.531445
1.46105,0.531606
1.46318,0.531762
1.46531,0.531915
1.46745,0.532064
1.46958,0.532209
1.47172,0.532351
1.47385,0.532489
1.47599,0.532624
1.47812,0.532755
1.48026,0.532883
1.48239,0.533008
1.48453,0.533129
1.48666,0.533248
1.48879,0.533363
1.49093,0.533476
1.49306,0.533585
1.4952,0.533692
1.49733,0.533796
1.49947,0.533897
1.5016,0.533996
1.50374,0.534091
1.50587,0.534185
1.508,0.534276
1.51014,0.534364
1.51227,0.53445
1.51441,0.534534
1.51654,0.534615
1.51868,0.534695
1.52081,0.534772
1.52295,0.534847
1.52508,0.534919
1.52721,0.53499
1.52935,0.535059
1.53148,0.535126
1.53362,0.535191
1.53575,0.535254
1.53789,0.535316
1.54002,0.535376
1.54216,0.535434
1.54429,0.53549
1.54642,0.535545
1.54856,0.535598
1.55069,0.53565
1.55283,0.5357
1.55496,0.535748
1.5571,0.535796
1.55923,0.535842
1.56137,0.535886
1.5635,0.535929
1.56564,0.535971
1.56777,0.536012
1.5699,0.536051
1.57204,0.53609
1.57417,0.536127
1.57631,0.536163
1.57844,0.536198
1.58058,0.536232
1.58271,0.536264
1.58485,0.536296
1.58698,0.536327
1.58911,0.536357
1.59125,0.536386
1.59338,0.536414
1.59552,0.536441
1.59765,0.536467
1.59979,0.536493
1.60192,0.536517
1.60406,0.536541
1.60619,0.536565
1.60832,0.536587
1.61046,0.536609
1.61259,0.53663
1.61473,0.53665
1.61686,0.53667
1.619,0.536689
1.62113,0.536707
1.62327,0.536725
1.6254,0.536742
1.62753,0.536759
1.62967,0.536775
1.6318,0.53679
1.63394,0.536805
1.63607,0.53682
1.63821,0.536834
1.64034,0.536848
1.64248,0.536861
1.64461,0.536873
1.64674,0.536886
1.64888,0.536898
1.65101,0.536909
1.65315,0.53692
1.65528,0.536931
1.65742,0.536941
1.65955,0.536951
1.66169,0.536961
1.66382,0.53697
1.66596,0.536979
1.66809,0.536987
1.67022,0.536996
1.67236,0.537004
1.67449,0.537012
1.67663,0.537019
1.67876,0.537026
1.6809,0.537033
1.68303,0.53704
1.68517,0.537046
1.6873,0.537053
1.68943,0.537059
1.69157,0.537064
1.6937,0.53707
1.69584,0.537075
1.69797,0.537081
1.70011,0.537086
1.70224,0.53709
1.70438,0.537095
1.70651,0.5371
1.70864,0.537104
1.71078,0.537108
1.71291,0.537112
1.71505,0.537116
1.71718,0.537119
1.71932,0.537123
1.72145,0.537126
1.72359,0.53713
1.72572,0.537133
1.72785,0.537136
1.72999,0.537139
1.73212,0.537142
1.73426,0.537144
1.73639,0.537147
1.73853,0.537149
1.74066,0.537152
1.7428,0.537154
1.74493,0.537156
1.74707,0.537159
1.7492,0.537161
1.75133,0.537163
1.75347,0.537164
1.7556,0.537166
1.75774,0.537168
1.75987,0.53717
1.76201,0.537171
1.76414,0.537173
1.76628,0.537174
1.76841,0.537176
1.77054,0.537177
1.77268,0.537178
1.77481,0.53718
1.77695,0.537181
1.77908,0.537182
1.78122,0.537183
1.78335,0.537184
1.78549,0.537185
1.78762,0.537186
1.78975,0.537187
1.79189,0.537188
1.79402,0.537189
1.79616,0.53719
1.79829,0.537191
1.80043,0.537191
1.80256,0.537192
1.8047,0.537193
1.80683,0.537193
1.80896,0.537194
1.8111,0.537195
1.81323,0.537195
1.81537,0.537196
1.8175,0.537196
1.81964,0.537197
1.82177,0.537197
1.82391,0.537198
1.82604,0.537198
1.82818,0.537199
1.83031,0.537199
1.83244,0.5372
1.83458,0.5372
1.83671,0.5372
1.83885,0.537201
1.84098,0.537201
1.84312,0.537201
1.84525,0.537202
1.84739,0.537202
1.84952,0.537202
1.85165,0.537202
1.85379,0.537203
1.85592,0.537203
1.85806,0.537203
1.86019,0.537203
1.86233,0.537204
1.86446,0.537204
1.8666,0.537204
1.86873,0.537204
1.87086,0.537204
1.873,0.537205
1.87513,0.537205
1.87727,0.537205
1.8794,0.537205
1.88154,0.537205
1.88367,0.537205
1.88581,0.537205
1.88794,0.537205
1.89007,0.537206
1.89221,0.537206
1.89434,0.537206
1.89648,0.537206
1.89861,0.537206
1.90075,0.537206
1.90288,0.537206
1.90502,0.537206
1.90715,0.537206
1.90928,0.537206
1.91142,0.537206
1.91355,0.537207
1.91569,0.537207
1.91782,0.537207
1.91996,0.537207
1.92209,0.537207
1.92423,0.537207
1.92636,0.537207
1.9285,0.537207
1.93063,0.537207
1.93276,0.537207
1.9349,0.537207
1.93703,0.537207
1.93917,0.537207
1.9413,0.537207
1.94344,0.537207
1.94557,0.537207
1.94771,0.537207
1.94984,0.537207
1.95197,0.537207
1.95411,0.537207
1.95624,0.537207
1.95838,0.537207
1.96051,0.537207
1.96265,0.537207
1.96478,0.537207
1.96692,0.537207
1.96905,0.537208
1.97118,0.537208
1.97332,0.537208
1.97545,0.537208
1.97759,0.537208
1.97972,0.537208
1.98186,0.537208
1.98399,0.537208
1.98613,0.537208
1.98826,0.537208
1.99039,0.537208
1.99253,0.537208
1.99466,0.537208
1.9968,0.537208
1.99893,0.537208
