0.00122399,0
0.00367197,1.07138e-08
0.00611995,2.21004e-08
0.00856793,3.42001e-08
0.0110159,4.70558e-08
0.0134639,6.07125e-08
0.0159119,7.52182e-08
0.0183599,9.06231e-08
0.0208078,1.06981e-07
0.0232558,1.24347e-07
0.0257038,1.42782e-07
0.0281518,1.62348e-07
0.0305998,1.83111e-07
0.0330477,2.05142e-07
0.0354957,2.28514e-07
0.0379437,2.53306e-07
0.0403917,2.79599e-07
0.0428397,3.0748e-07
0.0452876,3.37041e-07
0.0477356,3.68378e-07
0.0501836,4.01594e-07
0.0526316,4.36794e-07
0.0550796,4.74094e-07
0.0575275,5.1361e-07
0.0599755,5.5547e-07
0.0624235,5.99806e-07
0.0648715,6.46756e-07
0.0673195,6.96467e-07
0.0697674,7.49095e-07
0.0722154,8.04802e-07
0.0746634,8.63759e-07
0.0771114,9.26146e-07
0.0795594,9.92153e-07
0.0820073,1.06198e-06
0.0844553,1.13584e-06
0.0869033,1.21394e-06
0.0893513,1.29653e-06
0.0917993,1.38385e-06
0.0942472,1.47615e-06
0.0966952,1.57371e-06
0.0991432,1.6768e-06
0.101591,1.78572e-06
0.104039,1.9008e-06
0.106487,2.02235e-06
0.108935,2.15072e-06
0.111383,2.28628e-06
0.113831,2.42941e-06
0.116279,2.5805e-06
0.118727,2.73997e-06
0.121175,2.90827e-06
0.123623,3.08585e-06
0.126071,3.27321e-06
0.128519,3.47084e-06
0.130967,3.67929e-06
0.133415,3.8991e-06
0.135863,4.13087e-06
0.138311,4.37521e-06
0.140759,4.63276e-06
0.143207,4.90419e-06
0.145655,5.19022e-06
0.148103,5.49157e-06
0.150551,5.80903e-06
0.152999,6.14341e-06
0.155447,6.49555e-06
0.157895,6.86634e-06
0.160343,7.25671e-06
0.162791,7.66764e-06
0.165239,8.10013e-06
0.167687,8.55526e-06
0.170135,9.03414e-06
0.172583,9.53793e-06
0.175031,1.00678e-05
0.177479,1.06252e-05
0.179927,1.12112e-05
0.182375,1.18274e-05
0.184823,1.24751e-05
0.187271,1.31559e-05
0.189718,1.38714e-05
0.192166,1.46232e-05
0.194614,1.5413e-05
0.197062,1.62427e-05
0.19951,1.71141e-05
0.201958,1.80292e-05
0.204406,1.899e-05
0.206854,1.99987e-05
0.209302,2.10575e-05
0.21175,2.21687e-05
0.214198,2.33347e-05
0.216646,2.45581e-05
0.219094,2.58414e-05
0.221542,2.71875e-05
0.22399,2.85991e-05
0.226438,3.00793e-05
0.228886,3.16312e-05
0.231334,3.32579e-05
0.233782,3.49628e-05
0.23623,3.67495e-05
0.238678,3.86215e-05
0.241126,4.05826e-05
0.243574,4.26368e-05
0.246022,4.47882e-05
0.24847,4.7041e-05
0.250918,4.93997e-05
0.253366,5.18689e-05
0.255814,5.44532e-05
0.258262,5.71578e-05
0.26071,5.99878e-05
0.263158,6.29486e-05
0.265606,6.60457e-05
0.268054,6.92849e-05
0.270502,7.26723e-05
0.27295,7.6214e-05
0.275398,7.99167e-05
0.277846,8.37869e-05
0.280294,8.78317e-05
0.282742,9.20583e-05
0.28519,9.64743e-05
0.287638,0.000101087
0.290086,0.000105906
0.292534,0.000110938
0.294982,0.000116192
0.29743,0.000121677
0.299878,0.000127403
0.302326,0.000133379
0.304774,0.000139616
0.307222,0.000146122
0.30967,0.000152911
0.312118,0.000159991
0.314565,0.000167376
0.317013,0.000175076
0.319461,0.000183105
0.321909,0.000191474
0.324357,0.000200197
0.326805,0.000209288
0.329253,0.00021876
0.331701,0.000228629
0.334149,0.000238909
0.336597,0.000249615
0.339045,0.000260765
0.341493,0.000272374
0.343941,0.000284459
0.346389,0.000297038
0.348837,0.00031013
0.351285,0.000323753
0.353733,0.000337927
0.356181,0.000352671
0.358629,0.000368007
0.361077,0.000383955
0.363525,0.000400539
0.365973,0.000417779
0.368421,0.000435701
0.370869,0.000454327
0.373317,0.000473683
0.375765,0.000493795
0.378213,0.000514687
0.380661,0.000536389
0.383109,0.000558927
0.385557,0.000582331
0.388005,0.00060663
0.390453,0.000631854
0.392901,0.000658035
0.395349,0.000685205
0.397797,0.000713397
0.400245,0.000742645
0.402693,0.000772984
0.405141,0.000804451
0.407589,0.000837082
0.410037,0.000870915
0.412485,0.000905989
0.414933,0.000942345
0.417381,0.000980023
0.419829,0.00101907
0.422277,0.00105952
0.424725,0.00110142
0.427173,0.00114482
0.429621,0.00118977
0.432069,0.00123631
0.434517,0.00128449
0.436965,0.00133437
0.439412,0.00138599
0.44186,0.00143941
0.444308,0.00149468
0.446756,0.00155186
0.449204,0.001611
0.451652,0.00167216
0.4541,0.00173541
0.456548,0.00180081
0.458996,0.0018684
0.461444,0.00193827
0.463892,0.00201048
0.46634,0.00208508
0.468788,0.00216216
0.471236,0.00224178
0.473684,0.00232401
0.476132,0.00240893
0.47858,0.00249661
0.481028,0.00258712
0.483476,0.00268055
0.485924,0.00277697
0.488372,0.00287647
0.49082,0.00297912
0.493268,0.00308501
0.495716,0.00319423
0.498164,0.00330687
0.500612,0.00342301
0.50306,0.00354274
0.505508,0.00366617
0.507956,0.00379337
0.510404,0.00392446
0.512852,0.00405952
0.5153,0.00419866
0.517748,0.00434197
0.520196,0.00448957
0.522644,0.00464156
0.525092,0.00479804
0.52754,0.00495912
0.529988,0.00512492
0.532436,0.00529554
0.534884,0.0054711
0.537332,0.00565171
0.53978,0.0058375
0.542228,0.00602858
0.544676,0.00622508
0.547124,0.00642711
0.549572,0.00663481
0.55202,0.0068483
0.554468,0.0070677
0.556916,0.00729315
0.559364,0.00752478
0.561812,0.00776272
0.564259,0.00800712
0.566707,0.00825809
0.569155,0.0085158
0.571603,0.00878037
0.574051,0.00905194
0.576499,0.00933067
0.578947,0.0096167
0.581395,0.00991017
0.583843,0.0102112
0.586291,0.01052
0.588739,0.0108367
0.591187,0.0111615
0.593635,0.0114944
0.596083,0.0118357
0.598531,0.0121856
0.600979,0.0125441
0.603427,0.0129114
0.605875,0.0132877
0.608323,0.0136732
0.610771,0.014068
0.613219,0.0144723
0.615667,0.0148863
0.618115,0.0153101
0.620563,0.0157438
0.623011,0.0161877
0.625459,0.016642
0.627907,0.0171067
0.630355,0.0175821
0.632803,0.0180684
0.635251,0.0185657
0.637699,0.0190741
0.640147,0.0195939
0.642595,0.0201253
0.645043,0.0206683
0.647491,0.0212233
0.649939,0.0217903
0.652387,0.0223695
0.654835,0.0229612
0.657283,0.0235654
0.659731,0.0241824
0.662179,0.0248123
0.664627,0.0254553
0.667075,0.0261117
0.669523,0.0267815
0.671971,0.0274649
0.674419,0.0281621
0.676867,0.0288733
0.679315,0.0295987
0.681763,0.0303383
0.684211,0.0310925
0.686659,0.0318613
0.689106,0.032645
0.691554,0.0334436
0.694002,0.0342574
0.69645,0.0350865
0.698898,0.0359311
0.701346,0.0367914
0.703794,0.0376675
0.706242,0.0385595
0.70869,0.0394676
0.711138,0.040392
0.713586,0.0413328
0.716034,0.0422902
0.718482,0.0432642
0.72093,0.0442552
0.723378,0.0452631
0.725826,0.0462882
0.728274,0.0473305
0.730722,0.0483902
0.73317,0.0494675
0.735618,0.0505624
0.738066,0.0516751
0.740514,0.0528056
0.742962,0.0539542
0.74541,0.0551209
0.747858,0.0563059
0.750306,0.0575092
0.752754,0.0587309
0.755202,0.0599712
0.75765,0.06123
0.760098,0.0625076
0.762546,0.063804
0.764994,0.0651193
0.767442,0.0664535
0.76989,0.0678068
0.772338,0.0691791
0.774786,0.0705706
0.777234,0.0719813
0.779682,0.0734113
0.78213,0.0748605
0.784578,0.0763291
0.787026,0.0778171
0.789474,0.0793245
0.791922,0.0808513
0.79437,0.0823976
0.796818,0.0839633
0.799266,0.0855485
0.801714,0.0871532
0.804162,0.0887773
0.80661,0.0904209
0.809058,0.092084
0.811506,0.0937665
0.813953,0.0954683
0.816401,0.0971896
0.818849,0.0989301
0.821297,0.10069
0.823745,0.102469
0.826193,0.104267
0.828641,0.106084
0.831089,0.107921
0.833537,0.109776
0.835985,0.11165
0.838433,0.113543
0.840881,0.115455
0.843329,0.117385
0.845777,0.119333
0.848225,0.1213
0.850673,0.123285
0.853121,0.125288
0.855569,0.127309
0.858017,0.129348
0.860465,0.131405
0.862913,0.133479
0.865361,0.13557
0.867809,0.137679
0.870257,0.139804
0.872705,0.141946
0.875153,0.144105
0.877601,0.14628
0.880049,0.148472
0.882497,0.150679
0.884945,0.152902
0.887393,0.155141
0.889841,0.157395
0.892289,0.159664
0.894737,0.161948
0.897185,0.164246
0.899633,0.166559
0.902081,0.168886
0.904529,0.171227
0.906977,0.173581
0.909425,0.175949
0.911873,0.178329
0.914321,0.180722
0.916769,0.183128
0.919217,0.185546
0.921665,0.187975
0.924113,0.190416
0.926561,0.192868
0.929009,0.195331
0.931457,0.197805
0.933905,0.200289
0.936353,0.202782
0.9388,0.205286
0.941248,0.207798
0.943696,0.210319
0.946144,0.212849
0.948592,0.215387
0.95104,0.217933
0.953488,0.220486
0.955936,0.223046
0.958384,0.225613
0.960832,0.228187
0.96328,0.230766
0.965728,0.233351
0.968176,0.235941
0.970624,0.238536
0.973072,0.241136
0.97552,0.243739
0.977968,0.246347
0.980416,0.248957
0.982864,0.251571
0.985312,0.254187
0.98776,0.256805
0.990208,0.259425
0.992656,0.262047
0.995104,0.264669
0.997552,0.267292
1,0.269915
1.00245,0.272538
1.0049,0.275161
1.00734,0.277782
1.00979,0.280402
1.01224,0.283021
1.01469,0.285637
1.01714,0.28825
1.01958,0.290861
1.02203,0.293468
1.02448,0.296072
1.02693,0.298671
1.02938,0.301266
1.03182,0.303857
1.03427,0.306442
1.03672,0.309021
1.03917,0.311594
1.04162,0.314161
1.04406,0.316722
1.04651,0.319275
1.04896,0.321821
1.05141,0.324359
1.05386,0.326888
1.0563,0.32941
1.05875,0.331922
1.0612,0.334425
1.06365,0.336919
1.0661,0.339403
1.06854,0.341876
1.07099,0.344339
1.07344,0.346792
1.07589,0.349233
1.07834,0.351662
1.08078,0.35408
1.08323,0.356485
1.08568,0.358879
1.08813,0.361259
1.09058,0.363627
1.09302,0.365981
1.09547,0.368322
1.09792,0.370648
1.10037,0.372961
1.10282,0.37526
1.10526,0.377544
1.10771,0.379813
1.11016,0.382067
1.11261,0.384305
1.11506,0.386529
1.1175,0.388736
1.11995,0.390927
1.1224,0.393103
1.12485,0.395261
1.12729,0.397404
1.12974,0.399529
1.13219,0.401638
1.13464,0.403729
1.13709,0.405803
1.13953,0.407859
1.14198,0.409898
1.14443,0.411919
1.14688,0.413923
1.14933,0.415908
1.15177,0.417875
1.15422,0.419823
1.15667,0.421753
1.15912,0.423665
1.16157,0.425558
1.16401,0.427432
1.16646,0.429287
1.16891,0.431123
1.17136,0.432941
1.17381,0.434739
1.17625,0.436518
1.1787,0.438278
1.18115,0.440018
1.1836,0.441739
1.18605,0.443441
1.18849,0.445124
1.19094,0.446787
1.19339,0.44843
1.19584,0.450054
1.19829,0.451659
1.20073,0.453244
1.20318,0.45481
1.20563,0.456356
1.20808,0.457883
1.21053,0.459391
1.21297,0.460879
1.21542,0.462347
1.21787,0.463796
1.22032,0.465226
1.22277,0.466637
1.22521,0.468029
1.22766,0.469401
1.23011,0.470754
1.23256,0.472088
1.23501,0.473404
1.23745,0.4747
1.2399,0.475978
1.24235,0.477237
1.2448,0.478477
1.24725,0.479698
1.24969,0.480902
1.25214,0.482087
1.25459,0.483253
1.25704,0.484402
1.25949,0.485533
1.26193,0.486645
1.26438,0.48774
1.26683,0.488817
1.26928,0.489877
1.27173,0.49092
1.27417,0.491945
1.27662,0.492952
1.27907,0.493943
1.28152,0.494918
1.28397,0.495875
1.28641,0.496816
1.28886,0.49774
1.29131,0.498648
1.29376,0.49954
1.29621,0.500416
1.29865,0.501277
1.3011,0.502121
1.30355,0.50295
1.306,0.503764
1.30845,0.504563
1.31089,0.505346
1.31334,0.506115
1.31579,0.506869
1.31824,0.507609
1.32069,0.508334
1.32313,0.509046
1.32558,0.509743
1.32803,0.510426
1.33048,0.511096
1.33293,0.511752
1.33537,0.512395
1.33782,0.513025
1.34027,0.513642
1.34272,0.514247
1.34517,0.514838
1.34761,0.515417
1.35006,0.515984
1.35251,0.516539
1.35496,0.517082
1.35741,0.517614
1.35985,0.518134
1.3623,0.518642
1.36475,0.519139
1.3672,0.519626
1.36965,0.520101
1.37209,0.520566
1.37454,0.52102
1.37699,0.521464
1.37944,0.521898
1.38188,0.522321
1.38433,0.522735
1.38678,0.52314
1.38923,0.523534
1.39168,0.52392
1.39412,0.524296
1.39657,0.524664
1.39902,0.525022
1.40147,0.525372
1.40392,0.525713
1.40636,0.526046
1.40881,0.526371
1.41126,0.526688
1.41371,0.526996
1.41616,0.527297
1.4186,0.527591
1.42105,0.527877
1.4235,0.528156
1.42595,0.528427
1.4284,0.528692
1.43084,0.52895
1.43329,0.529201
1.43574,0.529445
1.43819,0.529683
1.44064,0.529915
1.44308,0.53014
1.44553,0.530359
1.44798,0.530573
1.45043,0.530781
1.45288,0.530983
1.45532,0.531179
1.45777,0.53137
1.46022,0.531556
1.46267,0.531737
1.46512,0.531912
1.46756,0.532083
1.47001,0.532249
1.47246,0.53241
1.47491,0.532566
1.47736,0.532718
1.4798,0.532866
1.48225,0.533009
1.4847,0.533148
1.48715,0.533283
1.4896,0.533414
1.49204,0.533542
1.49449,0.533665
1.49694,0.533785
1.49939,0.533901
1.50184,0.534013
1.50428,0.534123
1.50673,0.534229
1.50918,0.534331
1.51163,0.534431
1.51408,0.534527
1.51652,0.534621
1.51897,0.534711
1.52142,0.534799
1.52387,0.534884
1.52632,0.534966
1.52876,0.535046
1.53121,0.535123
1.53366,0.535197
1.53611,0.535269
1.53856,0.535339
1.541,0.535407
1.54345,0.535472
1.5459,0.535536
1.54835,0.535597
1.5508,0.535656
1.55324,0.535713
1.55569,0.535768
1.55814,0.535822
1.56059,0.535873
1.56304,0.535923
1.56548,0.535971
1.56793,0.536018
1.57038,0.536063
1.57283,0.536106
1.57528,0.536148
1.57772,0.536189
1.58017,0.536228
1.58262,0.536265
1.58507,0.536302
1.58752,0.536337
1.58996,0.536371
1.59241,0.536403
1.59486,0.536435
1.59731,0.536465
1.59976,0.536494
1.6022,0.536522
1.60465,0.53655
1.6071,0.536576
1.60955,0.536601
1.612,0.536625
1.61444,0.536649
1.61689,0.536671
1.61934,0.536693
1.62179,0.536714
1.62424,0.536734
1.62668,0.536753
1.62913,0.536772
1.63158,0.53679
1.63403,0.536807
1.63647,0.536824
1.63892,0.53684
1.64137,0.536855
1.64382,0.53687
1.64627,0.536884
1.64871,0.536898
1.65116,0.536911
1.65361,0.536923
1.65606,0.536935
1.65851,0.536947
1.66095,0.536958
1.6634,0.536969
1.66585,0.536979
1.6683,0.536989
1.67075,0.536998
1.67319,0.537007
1.67564,0.537016
1.67809,0.537025
1.68054,0.537033
1.68299,0.53704
1.68543,0.537048
1.68788,0.537055
1.69033,0.537062
1.69278,0.537068
1.69523,0.537074
1.69767,0.53708
1.70012,0.537086
1.70257,0.537091
1.70502,0.537097
1.70747,0.537102
1.70991,0.537107
1.71236,0.537111
1.71481,0.537116
1.71726,0.53712
1.71971,0.537124
1.72215,0.537128
1.7246,0.537131
1.72705,0.537135
1.7295,0.537138
1.73195,0.537142
1.73439,0.537145
1.73684,0.537148
1.73929,0.537151
1.74174,0.537153
1.74419,0.537156
1.74663,0.537158
1.74908,0.537161
1.75153,0.537163
1.75398,0.537165
1.75643,0.537167
1.75887,0.537169
1.76132,0.537171
1.76377,0.537173
1.76622,0.537174
1.76867,0.537176
1.77111,0.537178
1.77356,0.537179
1.77601,0.53718
1.77846,0.537182
1.78091,0.537183
1.78335,0.537184
1.7858,0.537185
1.78825,0.537187
1.7907,0.537188
1.79315,0.537189
1.79559,0.53719
1.79804,0.537191
1.80049,0.537191
1.80294,0.537192
1.80539,0.537193
1.80783,0.537194
1.81028,0.537195
1.81273,0.537195
1.81518,0.537196
1.81763,0.537196
1.82007,0.537197
1.82252,0.537198
1.82497,0.537198
1.82742,0.537199
1.82987,0.537199
1.83231,0.5372
1.83476,0.5372
1.83721,0.5372
1.83966,0.537201
1.84211,0.537201
1.84455,0.537202
1.847,0.537202
1.84945,0.537202
1.8519,0.537202
1.85435,0.537203
1.85679,0.537203
1.85924,0.537203
1.86169,0.537204
1.86414,0.537204
1.86659,0.537204
1.86903,0.537204
1.87148,0.537204
1.87393,0.537205
1.87638,0.537205
1.87882,0.537205
1.88127,0.537205
1.88372,0.537205
1.88617,0.537205
1.88862,0.537206
1.89106,0.537206
1.89351,0.537206
1.89596,0.537206
1.89841,0.537206
1.90086,0.537206
1.9033,0.537206
1.90575,0.537206
1.9082,0.537206
1.91065,0.537206
1.9131,0.537207
1.91554,0.537207
1.91799,0.537207
1.92044,0.537207
1.92289,0.537207
1.92534,0.537207
1.92778,0.537207
1.93023,0.537207
1.93268,0.537207
1.93513,0.537207
1.93758,0.537207
1.94002,0.537207
1.94247,0.537207
1.94492,0.537207
1.94737,0.537207
1.94982,0.537207
1.95226,0.537207
1.95471,0.537207
1.95716,0.537207
1.95961,0.537207
1.96206,0.537207
1.9645,0.537207
1.96695,0.537207
1.9694,0.537208
1.97185,0.537208
1.9743,0.537208
1.97674,0.537208
1.97919,0.537208
1.98164,0.537208
1.98409,0.537208
1.98654,0.537208
1.98898,0.537208
1.99143,0.537208
1.99388,0.537208
1.99633,0.537208
1.99878,0.537208
