0.00137931,0
0.00413793,1.22143e-08
0.00689655,2.52957e-08
0.00965517,3.9303e-08
0.0124138,5.42991e-08
0.0151724,7.03507e-08
0.017931,8.75286e-08
0.0206897,1.05909e-07
0.0234483,1.25571e-07
0.0262069,1.46601e-07
0.0289655,1.6909e-07
0.0317241,1.93134e-07
0.0344828,2.18836e-07
0.0372414,2.46306e-07
0.04,2.75658e-07
0.0427586,3.07016e-07
0.0455172,3.40512e-07
0.0482759,3.76283e-07
0.0510345,4.14477e-07
0.0537931,4.5525e-07
0.0565517,4.98768e-07
0.0593103,5.45208e-07
0.062069,5.94756e-07
0.0648276,6.4761e-07
0.0675862,7.03979e-07
0.0703448,7.64087e-07
0.0731034,8.28168e-07
0.0758621,8.96473e-07
0.0786207,9.69267e-07
0.0813793,1.04683e-06
0.0841379,1.12945e-06
0.0868966,1.21746e-06
0.0896552,1.31118e-06
0.0924138,1.41096e-06
0.0951724,1.51717e-06
0.097931,1.63021e-06
0.10069,1.7505e-06
0.103448,1.87847e-06
0.106207,2.01459e-06
0.108966,2.15935e-06
0.111724,2.31328e-06
0.114483,2.47691e-06
0.117241,2.65083e-06
0.12,2.83564e-06
0.122759,3.03201e-06
0.125517,3.2406e-06
0.128276,3.46213e-06
0.131034,3.69737e-06
0.133793,3.94712e-06
0.136552,4.21221e-06
0.13931,4.49354e-06
0.142069,4.79205e-06
0.144828,5.10873e-06
0.147586,5.44461e-06
0.150345,5.80079e-06
0.153103,6.17843e-06
0.155862,6.57875e-06
0.158621,7.00303e-06
0.161379,7.45261e-06
0.164138,7.92891e-06
0.166897,8.43343e-06
0.169655,8.96773e-06
0.172414,9.53347e-06
0.175172,1.01324e-05
0.177931,1.07663e-05
0.18069,1.14371e-05
0.183448,1.21469e-05
0.186207,1.28977e-05
0.188966,1.36917e-05
0.191724,1.45314e-05
0.194483,1.54191e-05
0.197241,1.63574e-05
0.2,1.73491e-05
0.202759,1.83969e-05
0.205517,1.95038e-05
0.208276,2.06729e-05
0.211034,2.19076e-05
0.213793,2.32111e-05
0.216552,2.45872e-05
0.21931,2.60395e-05
0.222069,2.7572e-05
0.224828,2.91889e-05
0.227586,3.08943e-05
0.230345,3.26929e-05
0.233103,3.45893e-05
0.235862,3.65886e-05
0.238621,3.86959e-05
0.241379,4.09165e-05
0.244138,4.32562e-05
0.246897,4.57209e-05
0.249655,4.83167e-05
0.252414,5.10501e-05
0.255172,5.39279e-05
0.257931,5.6957e-05
0.26069,6.01449e-05
0.263448,6.34993e-05
0.266207,6.70281e-05
0.268966,7.07397e-05
0.271724,7.46429e-05
0.274483,7.87468e-05
0.277241,8.30608e-05
0.28,8.75948e-05
0.282759,9.23592e-05
0.285517,9.73648e-05
0.288276,0.000102623
0.291034,0.000108145
0.293793,0.000113943
0.296552,0.000120029
0.29931,0.000126418
0.302069,0.000133123
0.304828,0.000140157
0.307586,0.000147536
0.310345,0.000155275
0.313103,0.000163391
0.315862,0.000171899
0.318621,0.000180818
0.321379,0.000190165
0.324138,0.000199959
0.326897,0.000210219
0.329655,0.000220965
0.332414,0.000232219
0.335172,0.000244002
0.337931,0.000256337
0.34069,0.000269247
0.343448,0.000282756
0.346207,0.00029689
0.348966,0.000311674
0.351724,0.000327135
0.354483,0.000343302
0.357241,0.000360203
0.36,0.000377868
0.362759,0.000396329
0.365517,0.000415618
0.368276,0.000435767
0.371034,0.000456812
0.373793,0.000478787
0.376552,0.00050173
0.37931,0.000525679
0.382069,0.000550673
0.384828,0.000576753
0.387586,0.00060396
0.390345,0.000632338
0.393103,0.000661932
0.395862,0.000692788
0.398621,0.000724954
0.401379,0.000758479
0.404138,0.000793413
0.406897,0.000829809
0.409655,0.000867722
0.412414,0.000907206
0.415172,0.000948319
0.417931,0.00099112
0.42069,0.00103567
0.423448,0.00108203
0.426207,0.00113027
0.428966,0.00118045
0.431724,0.00123264
0.434483,0.00128691
0.437241,0.00134333
0.44,0.00140199
0.442759,0.00146294
0.445517,0.00152628
0.448276,0.00159208
0.451034,0.00166042
0.453793,0.0017314
0.456552,0.00180509
0.45931,0.00188159
0.462069,0.00196099
0.464828,0.00204339
0.467586,0.00212887
0.470345,0.00221754
0.473103,0.0023095
0.475862,0.00240486
0.478621,0.00250371
0.481379,0.00260618
0.484138,0.00271236
0.486897,0.00282238
0.489655,0.00293636
0.492414,0.0030544
0.495172,0.00317664
0.497931,0.0033032
0.50069,0.00343421
0.503448,0.00356979
0.506207,0.00371008
0.508966,0.00385521
0.511724,0.00400534
0.514483,0.00416059
0.517241,0.00432111
0.52,0.00448704
0.522759,0.00465855
0.525517,0.00483578
0.528276,0.00501889
0.531034,0.00520803
0.533793,0.00540337
0.536552,0.00560508
0.53931,0.00581332
0.542069,0.00602825
0.544828,0.00625007
0.547586,0.00647894
0.550345,0.00671503
0.553103,0.00695854
0.555862,0.00720965
0.558621,0.00746855
0.561379,0.00773542
0.564138,0.00801046
0.566897,0.00829386
0.569655,0.00858584
0.572414,0.00888657
0.575172,0.00919628
0.577931,0.00951517
0.58069,0.00984345
0.583448,0.0101813
0.586207,0.010529
0.588966,0.0108867
0.591724,0.0112547
0.594483,0.0116331
0.597241,0.0120223
0.6,0.0124223
0.602759,0.0128335
0.605517,0.0132561
0.608276,0.0136903
0.611034,0.0141364
0.613793,0.0145945
0.616552,0.015065
0.61931,0.015548
0.622069,0.0160438
0.624828,0.0165527
0.627586,0.0170749
0.630345,0.0176105
0.633103,0.01816
0.635862,0.0187235
0.638621,0.0193013
0.641379,0.0198936
0.644138,0.0205006
0.646897,0.0211227
0.649655,0.0217601
0.652414,0.022413
0.655172,0.0230817
0.657931,0.0237664
0.66069,0.0244673
0.663448,0.0251848
0.666207,0.0259191
0.668966,0.0266704
0.671724,0.027439
0.674483,0.0282251
0.677241,0.029029
0.68,0.0298509
0.682759,0.0306911
0.685517,0.0315497
0.688276,0.0324271
0.691034,0.0333235
0.693793,0.0342391
0.696552,0.0351742
0.69931,0.0361289
0.702069,0.0371036
0.704828,0.0380984
0.707586,0.0391135
0.710345,0.0401492
0.713103,0.0412058
0.715862,0.0422833
0.718621,0.0433821
0.721379,0.0445022
0.724138,0.0456441
0.726897,0.0468077
0.729655,0.0479933
0.732414,0.0492012
0.735172,0.0504314
0.737931,0.0516841
0.74069,0.0529596
0.743448,0.054258
0.746207,0.0555795
0.748966,0.0569241
0.751724,0.0582921
0.754483,0.0596836
0.757241,0.0610987
0.76,0.0625376
0.762759,0.0640004
0.765517,0.0654871
0.768276,0.0669979
0.771034,0.0685329
0.773793,0.0700922
0.776552,0.0716759
0.77931,0.073284
0.782069,0.0749167
0.784828,0.0765738
0.787586,0.0782556
0.790345,0.0799621
0.793103,0.0816932
0.795862,0.0834491
0.798621,0.0852297
0.801379,0.087035
0.804138,0.088865
0.806897,0.0907198
0.809655,0.0925992
0.812414,0.0945033
0.815172,0.096432
0.817931,0.0983852
0.82069,0.100363
0.823448,0.102365
0.826207,0.104392
0.828966,0.106442
0.831724,0.108517
0.834483,0.110616
0.837241,0.112739
0.84,0.114885
0.842759,0.117056
0.845517,0.119249
0.848276,0.121466
0.851034,0.123706
0.853793,0.125969
0.856552,0.128255
0.85931,0.130563
0.862069,0.132893
0.864828,0.135246
0.867586,0.13762
0.870345,0.140016
0.873103,0.142433
0.875862,0.144871
0.878621,0.14733
0.881379,0.149809
0.884138,0.152309
0.886897,0.154828
0.889655,0.157367
0.892414,0.159924
0.895172,0.162501
0.897931,0.165096
0.90069,0.16771
0.903448,0.17034
0.906207,0.172989
0.908966,0.175654
0.911724,0.178336
0.914483,0.181033
0.917241,0.183747
0.92,0.186476
0.922759,0.189219
0.925517,0.191977
0.928276,0.194749
0.931034,0.197535
0.933793,0.200333
0.936552,0.203144
0.93931,0.205967
0.942069,0.208802
0.944828,0.211648
0.947586,0.214504
0.950345,0.21737
0.953103,0.220246
0.955862,0.223131
0.958621,0.226025
0.961379,0.228926
0.964138,0.231835
0.966897,0.234751
0.969655,0.237673
0.972414,0.240601
0.975172,0.243534
0.977931,0.246473
0.98069,0.249415
0.983448,0.252361
0.986207,0.25531
0.988966,0.258262
0.991724,0.261215
0.994483,0.26417
0.997241,0.267126
1,0.270082
1.00276,0.273038
1.00552,0.275993
1.00828,0.278946
1.01103,0.281898
1.01379,0.284847
1.01655,0.287793
1.01931,0.290735
1.02207,0.293673
1.02483,0.296607
1.02759,0.299535
1.03034,0.302457
1.0331,0.305373
1.03586,0.308282
1.03862,0.311183
1.04138,0.314077
1.04414,0.316962
1.0469,0.319837
1.04966,0.322704
1.05241,0.32556
1.05517,0.328406
1.05793,0.33124
1.06069,0.334063
1.06345,0.336874
1.06621,0.339673
1.06897,0.342458
1.07172,0.34523
1.07448,0.347988
1.07724,0.350732
1.08,0.353461
1.08276,0.356174
1.08552,0.358872
1.08828,0.361554
1.09103,0.364219
1.09379,0.366867
1.09655,0.369498
1.09931,0.372111
1.10207,0.374706
1.10483,0.377283
1.10759,0.379841
1.11034,0.38238
1.1131,0.384899
1.11586,0.387398
1.11862,0.389878
1.12138,0.392337
1.12414,0.394775
1.1269,0.397192
1.12966,0.399588
1.13241,0.401962
1.13517,0.404314
1.13793,0.406645
1.14069,0.408953
1.14345,0.411239
1.14621,0.413502
1.14897,0.415742
1.15172,0.417958
1.15448,0.420152
1.15724,0.422322
1.16,0.424469
1.16276,0.426592
1.16552,0.42869
1.16828,0.430765
1.17103,0.432816
1.17379,0.434843
1.17655,0.436845
1.17931,0.438822
1.18207,0.440776
1.18483,0.442704
1.18759,0.444608
1.19034,0.446488
1.1931,0.448343
1.19586,0.450173
1.19862,0.451978
1.20138,0.453759
1.20414,0.455514
1.2069,0.457246
1.20966,0.458952
1.21241,0.460634
1.21517,0.462291
1.21793,0.463924
1.22069,0.465532
1.22345,0.467115
1.22621,0.468675
1.22897,0.47021
1.23172,0.471721
1.23448,0.473207
1.23724,0.47467
1.24,0.476109
1.24276,0.477524
1.24552,0.478916
1.24828,0.480284
1.25103,0.481628
1.25379,0.48295
1.25655,0.484248
1.25931,0.485524
1.26207,0.486776
1.26483,0.488007
1.26759,0.489214
1.27034,0.4904
1.2731,0.491564
1.27586,0.492705
1.27862,0.493826
1.28138,0.494924
1.28414,0.496002
1.2869,0.497058
1.28966,0.498094
1.29241,0.499109
1.29517,0.500104
1.29793,0.501079
1.30069,0.502033
1.30345,0.502969
1.30621,0.503884
1.30897,0.504781
1.31172,0.505658
1.31448,0.506517
1.31724,0.507357
1.32,0.508179
1.32276,0.508983
1.32552,0.509769
1.32828,0.510537
1.33103,0.511289
1.33379,0.512023
1.33655,0.51274
1.33931,0.513441
1.34207,0.514126
1.34483,0.514795
1.34759,0.515448
1.35034,0.516085
1.3531,0.516707
1.35586,0.517314
1.35862,0.517906
1.36138,0.518484
1.36414,0.519048
1.3669,0.519597
1.36966,0.520133
1.37241,0.520655
1.37517,0.521164
1.37793,0.52166
1.38069,0.522143
1.38345,0.522613
1.38621,0.523071
1.38897,0.523517
1.39172,0.523952
1.39448,0.524374
1.39724,0.524785
1.4,0.525185
1.40276,0.525575
1.40552,0.525953
1.40828,0.526321
1.41103,0.526679
1.41379,0.527026
1.41655,0.527364
1.41931,0.527692
1.42207,0.528011
1.42483,0.528321
1.42759,0.528622
1.43034,0.528914
1.4331,0.529197
1.43586,0.529472
1.43862,0.529739
1.44138,0.529998
1.44414,0.530249
1.4469,0.530493
1.44966,0.530729
1.45241,0.530958
1.45517,0.531179
1.45793,0.531394
1.46069,0.531603
1.46345,0.531804
1.46621,0.532
1.46897,0.532189
1.47172,0.532372
1.47448,0.532549
1.47724,0.532721
1.48,0.532887
1.48276,0.533047
1.48552,0.533202
1.48828,0.533352
1.49103,0.533498
1.49379,0.533638
1.49655,0.533773
1.49931,0.533904
1.50207,0.534031
1.50483,0.534153
1.50759,0.534271
1.51034,0.534385
1.5131,0.534495
1.51586,0.534601
1.51862,0.534704
1.52138,0.534803
1.52414,0.534898
1.5269,0.53499
1.52966,0.535079
1.53241,0.535164
1.53517,0.535247
1.53793,0.535326
1.54069,0.535403
1.54345,0.535476
1.54621,0.535547
1.54897,0.535616
1.55172,0.535681
1.55448,0.535745
1.55724,0.535806
1.56,0.535864
1.56276,0.535921
1.56552,0.535975
1.56828,0.536027
1.57103,0.536077
1.57379,0.536126
1.57655,0.536172
1.57931,0.536217
1.58207,0.536259
1.58483,0.5363
1.58759,0.53634
1.59034,0.536378
1.5931,0.536414
1.59586,0.536449
1.59862,0.536483
1.60138,0.536515
1.60414,0.536546
1.6069,0.536575
1.60966,0.536604
1.61241,0.536631
1.61517,0.536657
1.61793,0.536682
1.62069,0.536706
1.62345,0.536729
1.62621,0.536751
1.62897,0.536772
1.63172,0.536792
1.63448,0.536811
1.63724,0.53683
1.64,0.536847
1.64276,0.536864
1.64552,0.536881
1.64828,0.536896
1.65103,0.536911
1.65379,0.536925
1.65655,0.536938
1.65931,0.536951
1.66207,0.536964
1.66483,0.536975
1.66759,0.536987
1.67034,0.536997
1.6731,0.537008
1.67586,0.537018
1.67862,0.537027
1.68138,0.537036
1.68414,0.537044
1.6869,0.537052
1.68966,0.53706
1.69241,0.537068
1.69517,0.537075
1.69793,0.537081
1.70069,0.537088
1.70345,0.537094
1.70621,0.5371
1.70897,0.537105
1.71172,0.53711
1.71448,0.537115
1.71724,0.53712
1.72,0.537125
1.72276,0.537129
1.72552,0.537133
1.72828,0.537137
1.73103,0.537141
1.73379,0.537144
1.73655,0.537148
1.73931,0.537151
1.74207,0.537154
1.74483,0.537157
1.74759,0.537159
1.75034,0.537162
1.7531,0.537164
1.75586,0.537167
1.75862,0.537169
1.76138,0.537171
1.76414,0.537173
1.7669,0.537175
1.76966,0.537177
1.77241,0.537178
1.77517,0.53718
1.77793,0.537182
1.78069,0.537183
1.78345,0.537184
1.78621,0.537186
1.78897,0.537187
1.79172,0.537188
1.79448,0.537189
1.79724,0.53719
1.8,0.537191
1.80276,0.537192
1.80552,0.537193
1.80828,0.537194
1.81103,0.537195
1.81379,0.537196
1.81655,0.537196
1.81931,0.537197
1.82207,0.537198
1.82483,0.537198
1.82759,0.537199
1.83034,0.537199
1.8331,0.5372
1.83586,0.5372
1.83862,0.537201
1.84138,0.537201
1.84414,0.537201
1.8469,0.537202
1.84966,0.537202
1.85241,0.537203
1.85517,0.537203
1.85793,0.537203
1.86069,0.537203
1.86345,0.537204
1.86621,0.537204
1.86897,0.537204
1.87172,0.537204
1.87448,0.537205
1.87724,0.537205
1.88,0.537205
1.88276,0.537205
1.88552,0.537205
1.88828,0.537206
1.89103,0.537206
1.89379,0.537206
1.89655,0.537206
1.89931,0.537206
1.90207,0.537206
1.90483,0.537206
1.90759,0.537206
1.91034,0.537206
1.9131,0.537207
1.91586,0.537207
1.91862,0.537207
1.92138,0.537207
1.92414,0.537207
1.9269,0.537207
1.92966,0.537207
1.93241,0.537207
1.93517,0.537207
1.93793,0.537207
1.94069,0.537207
1.94345,0.537207
1.94621,0.537207
1.94897,0.537207
1.95172,0.537207
1.95448,0.537207
1.95724,0.537207
1.96,0.537207
1.96276,0.537207
1.96552,0.537207
1.96828,0.537207
1.97103,0.537208
1.97379,0.537208
1.97655,0.537208
1.97931,0.537208
1.98207,0.537208
1.98483,0.537208
1.98759,0.537208
1.99034,0.537208
1.9931,0.537208
1.99586,0.537208
1.99862,0.537208
