0.001001,0
0.003003,8.61711e-09
0.00500501,1.76747e-08
0.00700701,2.71942e-08
0.00900901,3.71984e-08
0.011011,4.77107e-08
0.013013,5.87559e-08
0.015015,7.03598e-08
0.017017,8.25496e-08
0.019019,9.53534e-08
0.021021,1.08801e-07
0.023023,1.22923e-07
0.025025,1.37752e-07
0.027027,1.53322e-07
0.029029,1.69668e-07
0.031031,1.86827e-07
0.033033,2.04838e-07
0.035035,2.23741e-07
0.037037,2.43578e-07
0.039039,2.64394e-07
0.041041,2.86234e-07
0.043043,3.09147e-07
0.045045,3.33183e-07
0.047047,3.58394e-07
0.049049,3.84836e-07
0.0510511,4.12565e-07
0.0530531,4.41642e-07
0.0550551,4.72128e-07
0.0570571,5.04089e-07
0.0590591,5.37593e-07
0.0610611,5.72711e-07
0.0630631,6.09517e-07
0.0650651,6.48087e-07
0.0670671,6.88504e-07
0.0690691,7.3085e-07
0.0710711,7.75214e-07
0.0730731,8.21687e-07
0.0750751,8.70364e-07
0.0770771,9.21345e-07
0.0790791,9.74734e-07
0.0810811,1.03064e-06
0.0830831,1.08917e-06
0.0850851,1.15045e-06
0.0870871,1.21459e-06
0.0890891,1.28174e-06
0.0910911,1.35201e-06
0.0930931,1.42554e-06
0.0950951,1.50249e-06
0.0970971,1.583e-06
0.0990991,1.66723e-06
0.101101,1.75533e-06
0.103103,1.84749e-06
0.105105,1.94387e-06
0.107107,2.04466e-06
0.109109,2.15006e-06
0.111111,2.26025e-06
0.113113,2.37545e-06
0.115115,2.49588e-06
0.117117,2.62175e-06
0.119119,2.7533e-06
0.121121,2.89078e-06
0.123123,3.03442e-06
0.125125,3.18451e-06
0.127127,3.34131e-06
0.129129,3.5051e-06
0.131131,3.67618e-06
0.133133,3.85485e-06
0.135135,4.04144e-06
0.137137,4.23627e-06
0.139139,4.43969e-06
0.141141,4.65205e-06
0.143143,4.87373e-06
0.145145,5.10512e-06
0.147147,5.3466e-06
0.149149,5.59861e-06
0.151151,5.86156e-06
0.153153,6.13592e-06
0.155155,6.42214e-06
0.157157,6.7207e-06
0.159159,7.03211e-06
0.161161,7.3569e-06
0.163163,7.69559e-06
0.165165,8.04875e-06
0.167167,8.41696e-06
0.169169,8.80082e-06
0.171171,9.20097e-06
0.173173,9.61804e-06
0.175175,1.00527e-05
0.177177,1.05057e-05
0.179179,1.09777e-05
0.181181,1.14694e-05
0.183183,1.19817e-05
0.185185,1.25154e-05
0.187187,1.30712e-05
0.189189,1.36501e-05
0.191191,1.42529e-05
0.193193,1.48806e-05
0.195195,1.55342e-05
0.197197,1.62146e-05
0.199199,1.69228e-05
0.201201,1.76599e-05
0.203203,1.84271e-05
0.205205,1.92255e-05
0.207207,2.00562e-05
0.209209,2.09205e-05
0.211211,2.18196e-05
0.213213,2.27549e-05
0.215215,2.37277e-05
0.217217,2.47395e-05
0.219219,2.57916e-05
0.221221,2.68856e-05
0.223223,2.8023e-05
0.225225,2.92054e-05
0.227227,3.04346e-05
0.229229,3.17121e-05
0.231231,3.30398e-05
0.233233,3.44196e-05
0.235235,3.58532e-05
0.237237,3.73427e-05
0.239239,3.88901e-05
0.241241,4.04975e-05
0.243243,4.2167e-05
0.245245,4.39008e-05
0.247247,4.57013e-05
0.249249,4.75709e-05
0.251251,4.95119e-05
0.253253,5.1527e-05
0.255255,5.36187e-05
0.257257,5.57897e-05
0.259259,5.80428e-05
0.261261,6.03809e-05
0.263263,6.2807e-05
0.265265,6.53241e-05
0.267267,6.79353e-05
0.269269,7.06439e-05
0.271271,7.34533e-05
0.273273,7.63669e-05
0.275275,7.93882e-05
0.277277,8.25211e-05
0.279279,8.57691e-05
0.281281,8.91363e-05
0.283283,9.26266e-05
0.285285,9.62442e-05
0.287287,9.99934e-05
0.289289,0.000103879
0.291291,0.000107904
0.293293,0.000112075
0.295295,0.000116396
0.297297,0.000120871
0.299299,0.000125507
0.301301,0.000130308
0.303303,0.000135279
0.305305,0.000140427
0.307307,0.000145756
0.309309,0.000151273
0.311311,0.000156984
0.313313,0.000162895
0.315315,0.000169012
0.317317,0.000175343
0.319319,0.000181893
0.321321,0.000188669
0.323323,0.00019568
0.325325,0.000202931
0.327327,0.000210431
0.329329,0.000218188
0.331331,0.000226209
0.333333,0.000234502
0.335335,0.000243077
0.337337,0.000251941
0.339339,0.000261103
0.341341,0.000270574
0.343343,0.000280361
0.345345,0.000290474
0.347347,0.000300924
0.349349,0.00031172
0.351351,0.000322873
0.353353,0.000334394
0.355355,0.000346293
0.357357,0.000358581
0.359359,0.000371271
0.361361,0.000384373
0.363363,0.000397901
0.365365,0.000411865
0.367367,0.000426279
0.369369,0.000441157
0.371371,0.000456511
0.373373,0.000472354
0.375375,0.000488702
0.377377,0.000505568
0.379379,0.000522967
0.381381,0.000540914
0.383383,0.000559424
0.385385,0.000578514
0.387387,0.000598199
0.389389,0.000618496
0.391391,0.000639421
0.393393,0.000660993
0.395395,0.000683229
0.397397,0.000706146
0.399399,0.000729765
0.401401,0.000754102
0.403403,0.000779179
0.405405,0.000805015
0.407407,0.000831629
0.409409,0.000859043
0.411411,0.000887279
0.413413,0.000916357
0.415415,0.0009463
0.417417,0.00097713
0.419419,0.00100887
0.421421,0.00104155
0.423423,0.00107518
0.425425,0.0011098
0.427427,0.00114542
0.429429,0.00118208
0.431431,0.0012198
0.433433,0.0012586
0.435435,0.00129852
0.437437,0.00133959
0.439439,0.00138182
0.441441,0.00142525
0.443443,0.00146991
0.445445,0.00151583
0.447447,0.00156304
0.449449,0.00161157
0.451451,0.00166146
0.453453,0.00171273
0.455455,0.00176542
0.457457,0.00181956
0.459459,0.00187519
0.461461,0.00193234
0.463463,0.00199105
0.465465,0.00205136
0.467467,0.0021133
0.469469,0.00217691
0.471471,0.00224223
0.473473,0.00230929
0.475475,0.00237814
0.477477,0.00244882
0.479479,0.00252137
0.481481,0.00259583
0.483483,0.00267224
0.485485,0.00275066
0.487487,0.00283111
0.489489,0.00291365
0.491491,0.00299832
0.493493,0.00308517
0.495495,0.00317424
0.497497,0.00326559
0.499499,0.00335926
0.501502,0.0034553
0.503504,0.00355376
0.505506,0.0036547
0.507508,0.00375816
0.50951,0.00386419
0.511512,0.00397286
0.513514,0.0040842
0.515516,0.00419829
0.517518,0.00431517
0.51952,0.00443491
0.521522,0.00455755
0.523524,0.00468316
0.525526,0.00481179
0.527528,0.0049435
0.52953,0.00507837
0.531532,0.00521643
0.533534,0.00535777
0.535536,0.00550244
0.537538,0.0056505
0.53954,0.00580203
0.541542,0.00595707
0.543544,0.00611571
0.545546,0.00627801
0.547548,0.00644403
0.54955,0.00661384
0.551552,0.00678752
0.553554,0.00696513
0.555556,0.00714675
0.557558,0.00733244
0.55956,0.00752228
0.561562,0.00771635
0.563564,0.0079147
0.565566,0.00811743
0.567568,0.00832461
0.56957,0.0085363
0.571572,0.0087526
0.573574,0.00897357
0.575576,0.0091993
0.577578,0.00942986
0.57958,0.00966534
0.581582,0.00990581
0.583584,0.0101514
0.585586,0.0104021
0.587588,0.010658
0.58959,0.0109193
0.591592,0.011186
0.593594,0.0114582
0.595596,0.0117359
0.597598,0.0120193
0.5996,0.0123085
0.601602,0.0126035
0.603604,0.0129045
0.605606,0.0132114
0.607608,0.0135245
0.60961,0.0138437
0.611612,0.0141693
0.613614,0.0145012
0.615616,0.0148395
0.617618,0.0151845
0.61962,0.015536
0.621622,0.0158943
0.623624,0.0162595
0.625626,0.0166316
0.627628,0.0170106
0.62963,0.0173968
0.631632,0.0177902
0.633634,0.018191
0.635636,0.0185991
0.637638,0.0190146
0.63964,0.0194378
0.641642,0.0198687
0.643644,0.0203073
0.645646,0.0207538
0.647648,0.0212083
0.64965,0.0216708
0.651652,0.0221415
0.653654,0.0226204
0.655656,0.0231077
0.657658,0.0236035
0.65966,0.0241078
0.661662,0.0246207
0.663664,0.0251423
0.665666,0.0256728
0.667668,0.0262122
0.66967,0.0267607
0.671672,0.0273182
0.673674,0.027885
0.675676,0.028461
0.677678,0.0290465
0.67968,0.0296414
0.681682,0.0302459
0.683684,0.0308601
0.685686,0.0314841
0.687688,0.032118
0.68969,0.0327618
0.691692,0.0334156
0.693694,0.0340796
0.695696,0.0347538
0.697698,0.0354383
0.6997,0.0361332
0.701702,0.0368386
0.703704,0.0375545
0.705706,0.0382812
0.707708,0.0390185
0.70971,0.0397667
0.711712,0.0405259
0.713714,0.041296
0.715716,0.0420772
0.717718,0.0428695
0.71972,0.0436731
0.721722,0.044488
0.723724,0.0453142
0.725726,0.046152
0.727728,0.0470012
0.72973,0.0478621
0.731732,0.0487347
0.733734,0.049619
0.735736,0.0505151
0.737738,0.0514231
0.73974,0.0523431
0.741742,0.0532751
0.743744,0.0542192
0.745746,0.0551754
0.747748,0.0561438
0.74975,0.0571244
0.751752,0.0581174
0.753754,0.0591227
0.755756,0.0601404
0.757758,0.0611707
0.75976,0.0622134
0.761762,0.0632687
0.763764,0.0643365
0.765766,0.0654171
0.767768,0.0665103
0.76977,0.0676162
0.771772,0.068735
0.773774,0.0698665
0.775776,0.0710108
0.777778,0.072168
0.77978,0.0733381
0.781782,0.074521
0.783784,0.0757169
0.785786,0.0769258
0.787788,0.0781476
0.78979,0.0793825
0.791792,0.0806303
0.793794,0.0818911
0.795796,0.0831649
0.797798,0.0844518
0.7998,0.0857517
0.801802,0.0870646
0.803804,0.0883905
0.805806,0.0897295
0.807808,0.0910814
0.80981,0.0924464
0.811812,0.0938243
0.813814,0.0952152
0.815816,0.0966191
0.817818,0.0980359
0.81982,0.0994656
0.821822,0.100908
0.823824,0.102364
0.825826,0.103832
0.827828,0.105313
0.82983,0.106807
0.831832,0.108313
0.833834,0.109832
0.835836,0.111364
0.837838,0.112908
0.83984,0.114465
0.841842,0.116034
0.843844,0.117616
0.845846,0.11921
0.847848,0.120816
0.84985,0.122435
0.851852,0.124065
0.853854,0.125708
0.855856,0.127362
0.857858,0.129029
0.85986,0.130707
0.861862,0.132397
0.863864,0.134099
0.865866,0.135812
0.867868,0.137537
0.86987,0.139273
0.871872,0.14102
0.873874,0.142779
0.875876,0.144548
0.877878,0.146329
0.87988,0.14812
0.881882,0.149922
0.883884,0.151734
0.885886,0.153557
0.887888,0.155391
0.88989,0.157234
0.891892,0.159088
0.893894,0.160952
0.895896,0.162825
0.897898,0.164708
0.8999,0.166601
0.901902,0.168503
0.903904,0.170415
0.905906,0.172335
0.907908,0.174265
0.90991,0.176203
0.911912,0.17815
0.913914,0.180106
0.915916,0.182069
0.917918,0.184041
0.91992,0.186022
0.921922,0.188009
0.923924,0.190005
0.925926,0.192008
0.927928,0.194018
0.92993,0.196036
0.931932,0.198061
0.933934,0.200092
0.935936,0.20213
0.937938,0.204175
0.93994,0.206225
0.941942,0.208282
0.943944,0.210345
0.945946,0.212413
0.947948,0.214487
0.94995,0.216566
0.951952,0.21865
0.953954,0.220739
0.955956,0.222833
0.957958,0.224932
0.95996,0.227035
0.961962,0.229141
0.963964,0.231252
0.965966,0.233367
0.967968,0.235485
0.96997,0.237606
0.971972,0.23973
0.973974,0.241857
0.975976,0.243987
0.977978,0.24612
0.97998,0.248254
0.981982,0.250391
0.983984,0.252529
0.985986,0.254669
0.987988,0.256811
0.98999,0.258953
0.991992,0.261097
0.993994,0.263241
0.995996,0.265386
0.997998,0.267531
1,0.269676
1.002,0.271822
1.004,0.273967
1.00601,0.276111
1.00801,0.278254
1.01001,0.280397
1.01201,0.282538
1.01401,0.284679
1.01602,0.286817
1.01802,0.288954
1.02002,0.291088
1.02202,0.29322
1.02402,0.29535
1.02603,0.297478
1.02803,0.299602
1.03003,0.301723
1.03203,0.303841
1.03403,0.305956
1.03604,0.308066
1.03804,0.310173
1.04004,0.312276
1.04204,0.314374
1.04404,0.316468
1.04605,0.318557
1.04805,0.320642
1.05005,0.322721
1.05205,0.324795
1.05405,0.326863
1.05606,0.328926
1.05806,0.330982
1.06006,0.333033
1.06206,0.335078
1.06406,0.337116
1.06607,0.339147
1.06807,0.341172
1.07007,0.343189
1.07207,0.3452
1.07407,0.347203
1.07608,0.349198
1.07808,0.351186
1.08008,0.353166
1.08208,0.355138
1.08408,0.357102
1.08609,0.359058
1.08809,0.361005
1.09009,0.362943
1.09209,0.364872
1.09409,0.366793
1.0961,0.368704
1.0981,0.370606
1.1001,0.372499
1.1021,0.374382
1.1041,0.376256
1.10611,0.37812
1.10811,0.379973
1.11011,0.381817
1.11211,0.38365
1.11411,0.385473
1.11612,0.387286
1.11812,0.389088
1.12012,0.390879
1.12212,0.39266
1.12412,0.394429
1.12613,0.396187
1.12813,0.397935
1.13013,0.399671
1.13213,0.401395
1.13413,0.403109
1.13614,0.40481
1.13814,0.4065
1.14014,0.408179
1.14214,0.409845
1.14414,0.4115
1.14615,0.413142
1.14815,0.414773
1.15015,0.416391
1.15215,0.417998
1.15415,0.419592
1.15616,0.421173
1.15816,0.422743
1.16016,0.424299
1.16216,0.425844
1.16416,0.427375
1.16617,0.428895
1.16817,0.430401
1.17017,0.431895
1.17217,0.433376
1.17417,0.434844
1.17618,0.436299
1.17818,0.437742
1.18018,0.439172
1.18218,0.440589
1.18418,0.441992
1.18619,0.443383
1.18819,0.444761
1.19019,0.446126
1.19219,0.447478
1.19419,0.448817
1.1962,0.450143
1.1982,0.451456
1.2002,0.452756
1.2022,0.454043
1.2042,0.455317
1.20621,0.456577
1.20821,0.457825
1.21021,0.45906
1.21221,0.460282
1.21421,0.461491
1.21622,0.462687
1.21822,0.46387
1.22022,0.46504
1.22222,0.466197
1.22422,0.467341
1.22623,0.468473
1.22823,0.469591
1.23023,0.470697
1.23223,0.471791
1.23423,0.472871
1.23624,0.473939
1.23824,0.474994
1.24024,0.476037
1.24224,0.477067
1.24424,0.478085
1.24625,0.47909
1.24825,0.480083
1.25025,0.481064
1.25225,0.482032
1.25425,0.482989
1.25626,0.483933
1.25826,0.484865
1.26026,0.485785
1.26226,0.486693
1.26426,0.487589
1.26627,0.488473
1.26827,0.489346
1.27027,0.490206
1.27227,0.491056
1.27427,0.491893
1.27628,0.49272
1.27828,0.493535
1.28028,0.494338
1.28228,0.495131
1.28428,0.495912
1.28629,0.496682
1.28829,0.497441
1.29029,0.498189
1.29229,0.498927
1.29429,0.499653
1.2963,0.500369
1.2983,0.501075
1.3003,0.501769
1.3023,0.502454
1.3043,0.503128
1.30631,0.503792
1.30831,0.504446
1.31031,0.50509
1.31231,0.505724
1.31431,0.506348
1.31632,0.506962
1.31832,0.507566
1.32032,0.508161
1.32232,0.508747
1.32432,0.509323
1.32633,0.509889
1.32833,0.510447
1.33033,0.510995
1.33233,0.511535
1.33433,0.512065
1.33634,0.512587
1.33834,0.5131
1.34034,0.513604
1.34234,0.5141
1.34434,0.514587
1.34635,0.515066
1.34835,0.515537
1.35035,0.515999
1.35235,0.516454
1.35435,0.5169
1.35636,0.517339
1.35836,0.51777
1.36036,0.518193
1.36236,0.518609
1.36436,0.519017
1.36637,0.519417
1.36837,0.519811
1.37037,0.520197
1.37237,0.520576
1.37437,0.520948
1.37638,0.521313
1.37838,0.521672
1.38038,0.522023
1.38238,0.522368
1.38438,0.522707
1.38639,0.523038
1.38839,0.523364
1.39039,0.523683
1.39239,0.523996
1.39439,0.524303
1.3964,0.524604
1.3984,0.524899
1.4004,0.525188
1.4024,0.525472
1.4044,0.52575
1.40641,0.526022
1.40841,0.526288
1.41041,0.52655
1.41241,0.526806
1.41441,0.527056
1.41642,0.527302
1.41842,0.527542
1.42042,0.527778
1.42242,0.528008
1.42442,0.528234
1.42643,0.528455
1.42843,0.528671
1.43043,0.528883
1.43243,0.52909
1.43443,0.529293
1.43644,0.529491
1.43844,0.529685
1.44044,0.529875
1.44244,0.530061
1.44444,0.530243
1.44645,0.53042
1.44845,0.530594
1.45045,0.530764
1.45245,0.53093
1.45445,0.531092
1.45646,0.531251
1.45846,0.531406
1.46046,0.531557
1.46246,0.531705
1.46446,0.53185
1.46647,0.531991
1.46847,0.532129
1.47047,0.532264
1.47247,0.532396
1.47447,0.532525
1.47648,0.53265
1.47848,0.532773
1.48048,0.532892
1.48248,0.533009
1.48448,0.533123
1.48649,0.533235
1.48849,0.533343
1.49049,0.53345
1.49249,0.533553
1.49449,0.533654
1.4965,0.533752
1.4985,0.533848
1.5005,0.533942
1.5025,0.534033
1.5045,0.534123
1.50651,0.534209
1.50851,0.534294
1.51051,0.534377
1.51251,0.534457
1.51451,0.534535
1.51652,0.534612
1.51852,0.534686
1.52052,0.534759
1.52252,0.53483
1.52452,0.534898
1.52653,0.534965
1.52853,0.535031
1.53053,0.535094
1.53253,0.535156
1.53453,0.535217
1.53654,0.535275
1.53854,0.535332
1.54054,0.535388
1.54254,0.535442
1.54454,0.535495
1.54655,0.535546
1.54855,0.535596
1.55055,0.535645
1.55255,0.535692
1.55455,0.535738
1.55656,0.535782
1.55856,0.535826
1.56056,0.535868
1.56256,0.535909
1.56456,0.535949
1.56657,0.535988
1.56857,0.536026
1.57057,0.536062
1.57257,0.536098
1.57457,0.536132
1.57658,0.536166
1.57858,0.536199
1.58058,0.536231
1.58258,0.536261
1.58458,0.536291
1.58659,0.53632
1.58859,0.536349
1.59059,0.536376
1.59259,0.536403
1.59459,0.536428
1.5966,0.536454
1.5986,0.536478
1.6006,0.536502
1.6026,0.536524
1.6046,0.536547
1.60661,0.536568
1.60861,0.536589
1.61061,0.536609
1.61261,0.536629
1.61461,0.536648
1.61662,0.536667
1.61862,0.536685
1.62062,0.536702
1.62262,0.536719
1.62462,0.536735
1.62663,0.536751
1.62863,0.536767
1.63063,0.536781
1.63263,0.536796
1.63463,0.53681
1.63664,0.536823
1.63864,0.536836
1.64064,0.536849
1.64264,0.536861
1.64464,0.536873
1.64665,0.536885
1.64865,0.536896
1.65065,0.536907
1.65265,0.536917
1.65465,0.536927
1.65666,0.536937
1.65866,0.536947
1.66066,0.536956
1.66266,0.536965
1.66466,0.536973
1.66667,0.536981
1.66867,0.536989
1.67067,0.536997
1.67267,0.537005
1.67467,0.537012
1.67668,0.537019
1.67868,0.537026
1.68068,0.537032
1.68268,0.537039
1.68468,0.537045
1.68669,0.537051
1.68869,0.537056
1.69069,0.537062
1.69269,0.537067
1.69469,0.537072
1.6967,0.537077
1.6987,0.537082
1.7007,0.537087
1.7027,0.537091
1.7047,0.537096
1.70671,0.5371
1.70871,0.537104
1.71071,0.537108
1.71271,0.537111
1.71471,0.537115
1.71672,0.537119
1.71872,0.537122
1.72072,0.537125
1.72272,0.537128
1.72472,0.537131
1.72673,0.537134
1.72873,0.537137
1.73073,0.53714
1.73273,0.537142
1.73473,0.537145
1.73674,0.537147
1.73874,0.53715
1.74074,0.537152
1.74274,0.537154
1.74474,0.537156
1.74675,0.537158
1.74875,0.53716
1.75075,0.537162
1.75275,0.537164
1.75475,0.537166
1.75676,0.537167
1.75876,0.537169
1.76076,0.53717
1.76276,0.537172
1.76476,0.537173
1.76677,0.537175
1.76877,0.537176
1.77077,0.537177
1.77277,0.537178
1.77477,0.53718
1.77678,0.537181
1.77878,0.537182
1.78078,0.537183
1.78278,0.537184
1.78478,0.537185
1.78679,0.537186
1.78879,0.537187
1.79079,0.537188
1.79279,0.537188
1.79479,0.537189
1.7968,0.53719
1.7988,0.537191
1.8008,0.537191
1.8028,0.537192
1.8048,0.537193
1.80681,0.537193
1.80881,0.537194
1.81081,0.537195
1.81281,0.537195
1.81481,0.537196
1.81682,0.537196
1.81882,0.537197
1.82082,0.537197
1.82282,0.537198
1.82482,0.537198
1.82683,0.537198
1.82883,0.537199
1.83083,0.537199
1.83283,0.5372
1.83483,0.5372
1.83684,0.5372
1.83884,0.537201
1.84084,0.537201
1.84284,0.537201
1.84484,0.537202
1.84685,0.537202
1.84885,0.537202
1.85085,0.537202
1.85285,0.537203
1.85485,0.537203
1.85686,0.537203
1.85886,0.537203
1.86086,0.537203
1.86286,0.537204
1.86486,0.537204
1.86687,0.537204
1.86887,0.537204
1.87087,0.537204
1.87287,0.537204
1.87487,0.537205
1.87688,0.537205
1.87888,0.537205
1.88088,0.537205
1.88288,0.537205
1.88488,0.537205
1.88689,0.537205
1.88889,0.537206
1.89089,0.537206
1.89289,0.537206
1.89489,0.537206
1.8969,0.537206
1.8989,0.537206
1.9009,0.537206
1.9029,0.537206
1.9049,0.537206
1.90691,0.537206
1.90891,0.537206
1.91091,0.537206
1.91291,0.537207
1.91491,0.537207
1.91692,0.537207
1.91892,0.537207
1.92092,0.537207
1.92292,0.537207
1.92492,0.537207
1.92693,0.537207
1.92893,0.537207
1.93093,0.537207
1.93293,0.537207
1.93493,0.537207
1.93694,0.537207
1.93894,0.537207
1.94094,0.537207
1.94294,0.537207
1.94494,0.537207
1.94695,0.537207
1.94895,0.537207
1.95095,0.537207
1.95295,0.537207
1.95495,0.537207
1.95696,0.537207
1.95896,0.537207
1.96096,0.537207
1.96296,0.537207
1.96496,0.537207
1.96697,0.537207
1.96897,0.537208
1.97097,0.537208
1.97297,0.537208
1.97497,0.537208
1.97698,0.537208
1.97898,0.537208
1.98098,0.537208
1.98298,0.537208
1.98498,0.537208
1.98699,0.537208
1.98899,0.537208
1.99099,0.537208
1.99299,0.537208
1.99499,0.537208
1.997,0.537208
1.999,0.537208
