0.00235849,0
0.00707547,2.24675e-08
0.0117925,4.77189e-08
0.0165094,7.60834e-08
0.0212264,1.07927e-07
0.0259434,1.43657e-07
0.0306604,1.83724e-07
0.0353774,2.28631e-07
0.0400943,2.78935e-07
0.0448113,3.35252e-07
0.0495283,3.98265e-07
0.0542453,4.68733e-07
0.0589623,5.47494e-07
0.0636792,6.35473e-07
0.0683962,7.33696e-07
0.0731132,8.43294e-07
0.0778302,9.65517e-07
0.0825472,1.10174e-06
0.0872642,1.25349e-06
0.0919811,1.42244e-06
0.0966981,1.61043e-06
0.101415,1.81949e-06
0.106132,2.05185e-06
0.110849,2.30998e-06
0.115566,2.59656e-06
0.120283,2.91455e-06
0.125,3.26721e-06
0.129717,3.65809e-06
0.134434,4.09109e-06
0.139151,4.5705e-06
0.143868,5.10098e-06
0.148585,5.68765e-06
0.153302,6.3361e-06
0.158019,7.05244e-06
0.162736,7.84334e-06
0.167453,8.71607e-06
0.17217,9.67856e-06
0.176887,1.07395e-05
0.181604,1.19082e-05
0.186321,1.31949e-05
0.191038,1.46109e-05
0.195755,1.61681e-05
0.200472,1.78798e-05
0.205189,1.97602e-05
0.209906,2.18248e-05
0.214623,2.40904e-05
0.21934,2.65752e-05
0.224057,2.92988e-05
0.228774,3.22825e-05
0.233491,3.55494e-05
0.238208,3.91244e-05
0.242925,4.30343e-05
0.247642,4.73081e-05
0.252358,5.19772e-05
0.257075,5.70752e-05
0.261792,6.26384e-05
0.266509,6.87059e-05
0.271226,7.53197e-05
0.275943,8.25251e-05
0.28066,9.03706e-05
0.285377,9.89082e-05
0.290094,0.000108194
0.294811,0.000118288
0.299528,0.000129254
0.304245,0.000141161
0.308962,0.000154082
0.313679,0.000168097
0.318396,0.000183288
0.323113,0.000199747
0.32783,0.000217569
0.332547,0.000236855
0.337264,0.000257714
0.341981,0.000280264
0.346698,0.000304625
0.351415,0.000330931
0.356132,0.000359319
0.360849,0.000389938
0.365566,0.000422945
0.370283,0.000458507
0.375,0.000496799
0.379717,0.000538008
0.384434,0.000582333
0.389151,0.000629981
0.393868,0.000681174
0.398585,0.000736145
0.403302,0.000795139
0.408019,0.000858417
0.412736,0.000926251
0.417453,0.000998929
0.42217,0.00107675
0.426887,0.00116004
0.431604,0.00124913
0.436321,0.00134437
0.441038,0.00144612
0.445755,0.00155478
0.450472,0.00167075
0.455189,0.00179444
0.459906,0.00192631
0.464623,0.0020668
0.46934,0.00221642
0.474057,0.00237565
0.478774,0.00254502
0.483491,0.00272507
0.488208,0.00291639
0.492925,0.00311955
0.497642,0.00333516
0.502358,0.00356387
0.507075,0.00380634
0.511792,0.00406325
0.516509,0.00433531
0.521226,0.00462325
0.525943,0.00492783
0.53066,0.00524983
0.535377,0.00559006
0.540094,0.00594936
0.544811,0.00632857
0.549528,0.00672858
0.554245,0.0071503
0.558962,0.00759465
0.563679,0.0080626
0.568396,0.00855512
0.573113,0.00907321
0.57783,0.0096179
0.582547,0.0101902
0.587264,0.0107913
0.591981,0.0114221
0.596698,0.0120839
0.601415,0.0127777
0.606132,0.0135047
0.610849,0.014266
0.615566,0.0150629
0.620283,0.0158964
0.625,0.016768
0.629717,0.0176786
0.634434,0.0186297
0.639151,0.0196224
0.643868,0.0206579
0.648585,0.0217376
0.653302,0.0228626
0.658019,0.0240342
0.662736,0.0252538
0.667453,0.0265224
0.67217,0.0278414
0.676887,0.0292121
0.681604,0.0306355
0.686321,0.0321131
0.691038,0.0336458
0.695755,0.035235
0.700472,0.0368818
0.705189,0.0385874
0.709906,0.0403527
0.714623,0.042179
0.71934,0.0440673
0.724057,0.0460186
0.728774,0.0480339
0.733491,0.0501141
0.738208,0.0522601
0.742925,0.0544727
0.747642,0.0567529
0.752358,0.0591013
0.757075,0.0615185
0.761792,0.0640054
0.766509,0.0665624
0.771226,0.06919
0.775943,0.0718887
0.78066,0.0746589
0.785377,0.0775009
0.790094,0.080415
0.794811,0.0834012
0.799528,0.0864598
0.804245,0.0895906
0.808962,0.0927937
0.813679,0.0960688
0.818396,0.0994157
0.823113,0.102834
0.82783,0.106324
0.832547,0.109884
0.837264,0.113514
0.841981,0.117213
0.846698,0.120981
0.851415,0.124817
0.856132,0.128719
0.860849,0.132687
0.865566,0.13672
0.870283,0.140816
0.875,0.144973
0.879717,0.149192
0.884434,0.153469
0.889151,0.157804
0.893868,0.162195
0.898585,0.16664
0.903302,0.171137
0.908019,0.175684
0.912736,0.18028
0.917453,0.184922
0.92217,0.189608
0.926887,0.194335
0.931604,0.199103
0.936321,0.203908
0.941038,0.208747
0.945755,0.213619
0.950472,0.218521
0.955189,0.223451
0.959906,0.228405
0.964623,0.233381
0.96934,0.238376
0.974057,0.243389
0.978774,0.248415
0.983491,0.253452
0.988208,0.258498
0.992925,0.26355
0.997642,0.268604
1.00236,0.273658
1.00708,0.27871
1.01179,0.283755
1.01651,0.288793
1.02123,0.293819
1.02594,0.298831
1.03066,0.303827
1.03538,0.308803
1.04009,0.313757
1.04481,0.318686
1.04953,0.323588
1.05425,0.32846
1.05896,0.3333
1.06368,0.338105
1.0684,0.342872
1.07311,0.3476
1.07783,0.352286
1.08255,0.356928
1.08726,0.361524
1.09198,0.366071
1.0967,0.370568
1.10142,0.375013
1.10613,0.379404
1.11085,0.383738
1.11557,0.388016
1.12028,0.392234
1.125,0.396392
1.12972,0.400488
1.13443,0.40452
1.13915,0.408488
1.14387,0.412391
1.14858,0.416226
1.1533,0.419994
1.15802,0.423694
1.16274,0.427324
1.16745,0.430884
1.17217,0.434373
1.17689,0.437792
1.1816,0.441139
1.18632,0.444414
1.19104,0.447617
1.19575,0.450748
1.20047,0.453806
1.20519,0.456793
1.20991,0.459707
1.21462,0.462549
1.21934,0.465319
1.22406,0.468018
1.22877,0.470645
1.23349,0.473202
1.23821,0.475689
1.24292,0.478106
1.24764,0.480455
1.25236,0.482735
1.25708,0.484948
1.26179,0.487094
1.26651,0.489174
1.27123,0.491189
1.27594,0.49314
1.28066,0.495029
1.28538,0.496855
1.29009,0.49862
1.29481,0.500326
1.29953,0.501973
1.30425,0.503562
1.30896,0.505095
1.31368,0.506572
1.3184,0.507996
1.32311,0.509366
1.32783,0.510685
1.33255,0.511954
1.33726,0.513173
1.34198,0.514345
1.3467,0.51547
1.35142,0.51655
1.35613,0.517585
1.36085,0.518578
1.36557,0.519529
1.37028,0.52044
1.375,0.521311
1.37972,0.522145
1.38443,0.522942
1.38915,0.523703
1.39387,0.52443
1.39858,0.525124
1.4033,0.525786
1.40802,0.526416
1.41274,0.527017
1.41745,0.52759
1.42217,0.528134
1.42689,0.528653
1.4316,0.529145
1.43632,0.529613
1.44104,0.530057
1.44575,0.530479
1.45047,0.530879
1.45519,0.531258
1.45991,0.531618
1.46462,0.531958
1.46934,0.53228
1.47406,0.532584
1.47877,0.532872
1.48349,0.533144
1.48821,0.533401
1.49292,0.533644
1.49764,0.533872
1.50236,0.534088
1.50708,0.534291
1.51179,0.534483
1.51651,0.534663
1.52123,0.534832
1.52594,0.534991
1.53066,0.535141
1.53538,0.535281
1.54009,0.535413
1.54481,0.535537
1.54953,0.535653
1.55425,0.535762
1.55896,0.535863
1.56368,0.535959
1.5684,0.536048
1.57311,0.536131
1.57783,0.536209
1.58255,0.536281
1.58726,0.536349
1.59198,0.536413
1.5967,0.536472
1.60142,0.536526
1.60613,0.536578
1.61085,0.536625
1.61557,0.53667
1.62028,0.536711
1.625,0.536749
1.62972,0.536785
1.63443,0.536818
1.63915,0.536848
1.64387,0.536877
1.64858,0.536903
1.6533,0.536927
1.65802,0.53695
1.66274,0.536971
1.66745,0.53699
1.67217,0.537008
1.67689,0.537024
1.6816,0.53704
1.68632,0.537054
1.69104,0.537066
1.69575,0.537078
1.70047,0.537089
1.70519,0.537099
1.70991,0.537109
1.71462,0.537117
1.71934,0.537125
1.72406,0.537132
1.72877,0.537139
1.73349,0.537145
1.73821,0.537151
1.74292,0.537156
1.74764,0.53716
1.75236,0.537165
1.75708,0.537169
1.76179,0.537172
1.76651,0.537175
1.77123,0.537178
1.77594,0.537181
1.78066,0.537184
1.78538,0.537186
1.79009,0.537188
1.79481,0.53719
1.79953,0.537191
1.80425,0.537193
1.80896,0.537194
1.81368,0.537196
1.8184,0.537197
1.82311,0.537198
1.82783,0.537199
1.83255,0.5372
1.83726,0.537201
1.84198,0.537201
1.8467,0.537202
1.85142,0.537203
1.85613,0.537203
1.86085,0.537204
1.86557,0.537204
1.87028,0.537204
1.875,0.537205
1.87972,0.537205
1.88443,0.537205
1.88915,0.537206
1.89387,0.537206
1.89858,0.537206
1.9033,0.537206
1.90802,0.537206
1.91274,0.537207
1.91745,0.537207
1.92217,0.537207
1.92689,0.537207
1.9316,0.537207
1.93632,0.537207
1.94104,0.537207
1.94575,0.537207
1.95047,0.537207
1.95519,0.537207
1.95991,0.537207
1.96462,0.537207
1.96934,0.537208
1.97406,0.537208
1.97877,0.537208
1.98349,0.537208
1.98821,0.537208
1.99292,0.537208
1.99764,0.537208
