0.0018018,0
0.00540541,1.64668e-08
0.00900901,3.44742e-08
0.0126126,5.41601e-08
0.0162162,7.56738e-08
0.0198198,9.91776e-08
0.0234234,1.24847e-07
0.027027,1.52873e-07
0.0306306,1.83461e-07
0.0342342,2.16835e-07
0.0378378,2.53237e-07
0.0414414,2.92929e-07
0.045045,3.36193e-07
0.0486486,3.83337e-07
0.0522523,4.34692e-07
0.0558559,4.90615e-07
0.0594595,5.51492e-07
0.0630631,6.17743e-07
0.0666667,6.89816e-07
0.0702703,7.68199e-07
0.0738739,8.53416e-07
0.0774775,9.46034e-07
0.0810811,1.04666e-06
0.0846847,1.15596e-06
0.0882883,1.27463e-06
0.0918919,1.40343e-06
0.0954955,1.5432e-06
0.0990991,1.69481e-06
0.102703,1.85921e-06
0.106306,2.03742e-06
0.10991,2.23054e-06
0.113514,2.43975e-06
0.117117,2.66632e-06
0.120721,2.9116e-06
0.124324,3.17707e-06
0.127928,3.46427e-06
0.131532,3.7749e-06
0.135135,4.11076e-06
0.138739,4.47377e-06
0.142342,4.86601e-06
0.145946,5.28969e-06
0.14955,5.74717e-06
0.153153,6.24101e-06
0.156757,6.77391e-06
0.16036,7.34878e-06
0.163964,7.96872e-06
0.167568,8.63705e-06
0.171171,9.3573e-06
0.174775,1.01333e-05
0.178378,1.0969e-05
0.181982,1.18688e-05
0.185586,1.28372e-05
0.189189,1.38792e-05
0.192793,1.5e-05
0.196396,1.62051e-05
0.2,1.75005e-05
0.203604,1.88925e-05
0.207207,2.03878e-05
0.210811,2.19935e-05
0.214414,2.37173e-05
0.218018,2.55672e-05
0.221622,2.75517e-05
0.225225,2.96801e-05
0.228829,3.1962e-05
0.232432,3.44077e-05
0.236036,3.70281e-05
0.23964,3.98347e-05
0.243243,4.28397e-05
0.246847,4.60563e-05
0.25045,4.94982e-05
0.254054,5.31799e-05
0.257658,5.71169e-05
0.261261,6.13255e-05
0.264865,6.5823e-05
0.268468,7.06277e-05
0.272072,7.57589e-05
0.275676,8.12369e-05
0.279279,8.70834e-05
0.282883,9.3321e-05
0.286486,9.99739e-05
0.29009,0.000107067
0.293694,0.000114628
0.297297,0.000122684
0.300901,0.000131265
0.304505,0.000140403
0.308108,0.00015013
0.311712,0.000160481
0.315315,0.000171492
0.318919,0.000183201
0.322523,0.00019565
0.326126,0.00020888
0.32973,0.000222936
0.333333,0.000237865
0.336937,0.000253714
0.340541,0.000270537
0.344144,0.000288387
0.347748,0.00030732
0.351351,0.000327395
0.354955,0.000348676
0.358559,0.000371226
0.362162,0.000395113
0.365766,0.000420409
0.369369,0.000447189
0.372973,0.000475529
0.376577,0.000505511
0.38018,0.000537221
0.383784,0.000570746
0.387387,0.000606179
0.390991,0.000643616
0.394595,0.000683158
0.398198,0.00072491
0.401802,0.000768982
0.405405,0.000815485
0.409009,0.00086454
0.412613,0.000916269
0.416216,0.000970801
0.41982,0.00102827
0.423423,0.00108881
0.427027,0.00115257
0.430631,0.00121969
0.434234,0.00129034
0.437838,0.00136466
0.441441,0.00144284
0.445045,0.00152504
0.448649,0.00161144
0.452252,0.00170222
0.455856,0.00179758
0.459459,0.00189772
0.463063,0.00200283
0.466667,0.00211314
0.47027,0.00222885
0.473874,0.00235021
0.477477,0.00247743
0.481081,0.00261077
0.484685,0.00275046
0.488288,0.00289677
0.491892,0.00304995
0.495495,0.00321028
0.499099,0.00337805
0.502703,0.00355352
0.506306,0.00373701
0.50991,0.00392882
0.513514,0.00412924
0.517117,0.00433862
0.520721,0.00455726
0.524324,0.00478552
0.527928,0.00502374
0.531532,0.00527226
0.535135,0.00553145
0.538739,0.00580169
0.542342,0.00608335
0.545946,0.00637681
0.54955,0.00668248
0.553153,0.00700075
0.556757,0.00733205
0.56036,0.00767679
0.563964,0.00803539
0.567568,0.00840831
0.571171,0.00879597
0.574775,0.00919884
0.578378,0.00961738
0.581982,0.010052
0.585586,0.0105033
0.589189,0.0109717
0.592793,0.0114576
0.596396,0.0119617
0.6,0.0124843
0.603604,0.0130259
0.607207,0.0135872
0.610811,0.0141687
0.614414,0.0147707
0.618018,0.015394
0.621622,0.0160389
0.625225,0.0167061
0.628829,0.0173962
0.632432,0.0181095
0.636036,0.0188468
0.63964,0.0196085
0.643243,0.0203952
0.646847,0.0212075
0.65045,0.0220459
0.654054,0.022911
0.657658,0.0238034
0.661261,0.0247235
0.664865,0.025672
0.668468,0.0266494
0.672072,0.0276563
0.675676,0.0286932
0.679279,0.0297606
0.682883,0.0308592
0.686486,0.0319895
0.69009,0.0331519
0.693694,0.034347
0.697297,0.0355754
0.700901,0.0368376
0.704505,0.038134
0.708108,0.0394651
0.711712,0.0408315
0.715315,0.0422337
0.718919,0.043672
0.722523,0.045147
0.726126,0.0466591
0.72973,0.0482086
0.733333,0.0497962
0.736937,0.051422
0.740541,0.0530866
0.744144,0.0547903
0.747748,0.0565334
0.751351,0.0583163
0.754955,0.0601393
0.758559,0.0620026
0.762162,0.0639067
0.765766,0.0658517
0.769369,0.0678378
0.772973,0.0698653
0.776577,0.0719343
0.78018,0.0740451
0.783784,0.0761977
0.787387,0.0783923
0.790991,0.0806291
0.794595,0.0829079
0.798198,0.0852289
0.801802,0.0875922
0.805405,0.0899976
0.809009,0.0924452
0.812613,0.0949348
0.816216,0.0974664
0.81982,0.10004
0.823423,0.102655
0.827027,0.105312
0.830631,0.10801
0.834234,0.110749
0.837838,0.113528
0.841441,0.116349
0.845045,0.119209
0.848649,0.122109
0.852252,0.125048
0.855856,0.128027
0.859459,0.131043
0.863063,0.134098
0.866667,0.13719
0.87027,0.140319
0.873874,0.143484
0.877477,0.146685
0.881081,0.149921
0.884685,0.153191
0.888288,0.156495
0.891892,0.159831
0.895495,0.1632
0.899099,0.1666
0.902703,0.170031
0.906306,0.173491
0.90991,0.17698
0.913514,0.180497
0.917117,0.184041
0.920721,0.18761
0.924324,0.191205
0.927928,0.194824
0.931532,0.198466
0.935135,0.202129
0.938739,0.205814
0.942342,0.209518
0.945946,0.213241
0.94955,0.216982
0.953153,0.220739
0.956757,0.224511
0.96036,0.228298
0.963964,0.232097
0.967568,0.235908
0.971171,0.23973
0.974775,0.243561
0.978378,0.2474
0.981982,0.251246
0.985586,0.255097
0.989189,0.258953
0.992793,0.262812
0.996396,0.266673
1,0.270535
1.0036,0.274395
1.00721,0.278255
1.01081,0.28211
1.01441,0.285962
1.01802,0.289808
1.02162,0.293647
1.02523,0.297478
1.02883,0.301299
1.03243,0.305111
1.03604,0.30891
1.03964,0.312696
1.04324,0.316469
1.04685,0.320226
1.05045,0.323966
1.05405,0.327689
1.05766,0.331394
1.06126,0.335078
1.06486,0.338742
1.06847,0.342384
1.07207,0.346002
1.07568,0.349597
1.07928,0.353167
1.08288,0.356711
1.08649,0.360228
1.09009,0.363717
1.09369,0.367177
1.0973,0.370607
1.1009,0.374007
1.1045,0.377376
1.10811,0.380713
1.11171,0.384017
1.11532,0.387287
1.11892,0.390523
1.12252,0.393724
1.12613,0.396889
1.12973,0.400018
1.13333,0.40311
1.13694,0.406164
1.14054,0.409181
1.14414,0.412159
1.14775,0.415099
1.15135,0.417999
1.15495,0.420859
1.15856,0.423679
1.16216,0.426459
1.16577,0.429198
1.16937,0.431896
1.17297,0.434553
1.17658,0.437168
1.18018,0.439741
1.18378,0.442273
1.18739,0.444762
1.19099,0.44721
1.19459,0.449615
1.1982,0.451979
1.2018,0.4543
1.20541,0.456579
1.20901,0.458815
1.21261,0.46101
1.21622,0.463163
1.21982,0.465273
1.22342,0.467342
1.22703,0.46937
1.23063,0.471356
1.23423,0.473301
1.23784,0.475205
1.24144,0.477068
1.24505,0.478891
1.24865,0.480674
1.25225,0.482417
1.25586,0.484121
1.25946,0.485786
1.26306,0.487411
1.26667,0.488999
1.27027,0.490549
1.27387,0.492061
1.27748,0.493536
1.28108,0.494974
1.28468,0.496376
1.28829,0.497743
1.29189,0.499074
1.2955,0.50037
1.2991,0.501632
1.3027,0.502861
1.30631,0.504056
1.30991,0.505218
1.31351,0.506348
1.31712,0.507447
1.32072,0.508514
1.32432,0.509551
1.32793,0.510558
1.33153,0.511536
1.33514,0.512484
1.33874,0.513404
1.34234,0.514297
1.34595,0.515162
1.34955,0.516
1.35315,0.516812
1.35676,0.517599
1.36036,0.518361
1.36396,0.519098
1.36757,0.519811
1.37117,0.520502
1.37477,0.521169
1.37838,0.521814
1.38198,0.522437
1.38559,0.523039
1.38919,0.52362
1.39279,0.524182
1.3964,0.524723
1.4,0.525246
1.4036,0.52575
1.40721,0.526236
1.41081,0.526704
1.41441,0.527156
1.41802,0.52759
1.42162,0.528009
1.42523,0.528412
1.42883,0.528799
1.43243,0.529172
1.43604,0.529531
1.43964,0.529876
1.44324,0.530207
1.44685,0.530525
1.45045,0.530831
1.45405,0.531124
1.45766,0.531406
1.46126,0.531676
1.46486,0.531935
1.46847,0.532184
1.47207,0.532422
1.47568,0.53265
1.47928,0.532869
1.48288,0.533078
1.48649,0.533279
1.49009,0.533471
1.49369,0.533654
1.4973,0.53383
1.5009,0.533997
1.5045,0.534158
1.50811,0.534311
1.51171,0.534457
1.51532,0.534597
1.51892,0.53473
1.52252,0.534857
1.52613,0.534979
1.52973,0.535095
1.53333,0.535205
1.53694,0.53531
1.54054,0.53541
1.54414,0.535505
1.54775,0.535596
1.55135,0.535683
1.55495,0.535765
1.55856,0.535843
1.56216,0.535917
1.56577,0.535988
1.56937,0.536055
1.57297,0.536119
1.57658,0.536179
1.58018,0.536237
1.58378,0.536291
1.58739,0.536343
1.59099,0.536392
1.59459,0.536439
1.5982,0.536483
1.6018,0.536524
1.60541,0.536564
1.60901,0.536601
1.61261,0.536637
1.61622,0.53667
1.61982,0.536702
1.62342,0.536732
1.62703,0.53676
1.63063,0.536787
1.63423,0.536813
1.63784,0.536836
1.64144,0.536859
1.64505,0.53688
1.64865,0.5369
1.65225,0.536919
1.65586,0.536937
1.65946,0.536954
1.66306,0.53697
1.66667,0.536985
1.67027,0.536999
1.67387,0.537012
1.67748,0.537024
1.68108,0.537036
1.68468,0.537047
1.68829,0.537058
1.69189,0.537067
1.6955,0.537076
1.6991,0.537085
1.7027,0.537093
1.70631,0.537101
1.70991,0.537108
1.71351,0.537114
1.71712,0.537121
1.72072,0.537126
1.72432,0.537132
1.72793,0.537137
1.73153,0.537142
1.73514,0.537146
1.73874,0.537151
1.74234,0.537154
1.74595,0.537158
1.74955,0.537162
1.75315,0.537165
1.75676,0.537168
1.76036,0.537171
1.76396,0.537173
1.76757,0.537176
1.77117,0.537178
1.77477,0.53718
1.77838,0.537182
1.78198,0.537184
1.78559,0.537186
1.78919,0.537187
1.79279,0.537189
1.7964,0.53719
1.8,0.537191
1.8036,0.537193
1.80721,0.537194
1.81081,0.537195
1.81441,0.537196
1.81802,0.537197
1.82162,0.537198
1.82523,0.537198
1.82883,0.537199
1.83243,0.5372
1.83604,0.5372
1.83964,0.537201
1.84324,0.537201
1.84685,0.537202
1.85045,0.537202
1.85405,0.537203
1.85766,0.537203
1.86126,0.537204
1.86486,0.537204
1.86847,0.537204
1.87207,0.537204
1.87568,0.537205
1.87928,0.537205
1.88288,0.537205
1.88649,0.537205
1.89009,0.537206
1.89369,0.537206
1.8973,0.537206
1.9009,0.537206
1.9045,0.537206
1.90811,0.537206
1.91171,0.537207
1.91532,0.537207
1.91892,0.537207
1.92252,0.537207
1.92613,0.537207
1.92973,0.537207
1.93333,0.537207
1.93694,0.537207
1.94054,0.537207
1.94414,0.537207
1.94775,0.537207
1.95135,0.537207
1.95495,0.537207
1.95856,0.537207
1.96216,0.537207
1.96577,0.537207
1.96937,0.537208
1.97297,0.537208
1.97658,0.537208
1.98018,0.537208
1.98378,0.537208
1.98739,0.537208
1.99099,0.537208
1.99459,0.537208
1.9982,0.537208
