0.00163399,0
0.00490196,1.47473e-08
0.00816993,3.07415e-08
0.0114379,4.80833e-08
0.0147059,6.68814e-08
0.0179739,8.72525e-08
0.0212418,1.09322e-07
0.0245098,1.33226e-07
0.0277778,1.5911e-07
0.0310458,1.8713e-07
0.0343137,2.17454e-07
0.0375817,2.50262e-07
0.0408497,2.8575e-07
0.0441176,3.24126e-07
0.0473856,3.65613e-07
0.0506536,4.10452e-07
0.0539216,4.58901e-07
0.0571895,5.11236e-07
0.0604575,5.67754e-07
0.0637255,6.28773e-07
0.0669935,6.94634e-07
0.0702614,7.65702e-07
0.0735294,8.42368e-07
0.0767974,9.25052e-07
0.0800654,1.0142e-06
0.0833333,1.1103e-06
0.0866013,1.21385e-06
0.0898693,1.32541e-06
0.0931373,1.44557e-06
0.0964052,1.57495e-06
0.0996732,1.71423e-06
0.102941,1.86412e-06
0.106209,2.02538e-06
0.109477,2.19883e-06
0.112745,2.38535e-06
0.116013,2.58587e-06
0.119281,2.80138e-06
0.122549,3.03293e-06
0.125817,3.28166e-06
0.129085,3.54876e-06
0.132353,3.83553e-06
0.135621,4.14332e-06
0.138889,4.47359e-06
0.142157,4.82788e-06
0.145425,5.20785e-06
0.148693,5.61523e-06
0.151961,6.0519e-06
0.155229,6.51984e-06
0.158497,7.02114e-06
0.161765,7.55805e-06
0.165033,8.13294e-06
0.168301,8.74834e-06
0.171569,9.40691e-06
0.174837,1.01115e-05
0.178105,1.08651e-05
0.181373,1.1671e-05
0.184641,1.25325e-05
0.187908,1.34532e-05
0.191176,1.4437e-05
0.194444,1.54878e-05
0.197712,1.66099e-05
0.20098,1.78079e-05
0.204248,1.90866e-05
0.207516,2.04509e-05
0.210784,2.19063e-05
0.214052,2.34585e-05
0.21732,2.51133e-05
0.220588,2.68772e-05
0.223856,2.87568e-05
0.227124,3.07592e-05
0.230392,3.28918e-05
0.23366,3.51625e-05
0.236928,3.75796e-05
0.240196,4.01519e-05
0.243464,4.28885e-05
0.246732,4.57992e-05
0.25,4.88943e-05
0.253268,5.21845e-05
0.256536,5.56812e-05
0.259804,5.93963e-05
0.263072,6.33426e-05
0.26634,6.75332e-05
0.269608,7.1982e-05
0.272876,7.67038e-05
0.276144,8.17139e-05
0.279412,8.70285e-05
0.28268,9.26647e-05
0.285948,9.86402e-05
0.289216,0.000104974
0.292484,0.000111685
0.295752,0.000118795
0.29902,0.000126325
0.302288,0.000134298
0.305556,0.000142737
0.308824,0.000151668
0.312092,0.000161116
0.315359,0.000171109
0.318627,0.000181676
0.321895,0.000192846
0.325163,0.00020465
0.328431,0.000217123
0.331699,0.000230296
0.334967,0.000244208
0.338235,0.000258894
0.341503,0.000274394
0.344771,0.000290748
0.348039,0.000307999
0.351307,0.000326192
0.354575,0.000345373
0.357843,0.000365589
0.361111,0.000386891
0.364379,0.000409332
0.367647,0.000432966
0.370915,0.000457849
0.374183,0.000484042
0.377451,0.000511604
0.380719,0.000540601
0.383987,0.000571099
0.387255,0.000603167
0.390523,0.000636876
0.393791,0.000672302
0.397059,0.000709521
0.400327,0.000748615
0.403595,0.000789666
0.406863,0.000832761
0.410131,0.000877989
0.413399,0.000925445
0.416667,0.000975223
0.419935,0.00102742
0.423203,0.00108215
0.426471,0.00113951
0.429739,0.00119962
0.433007,0.00126258
0.436275,0.00132852
0.439542,0.00139755
0.44281,0.00146982
0.446078,0.00154543
0.449346,0.00162454
0.452614,0.00170728
0.455882,0.00179379
0.45915,0.00188422
0.462418,0.00197872
0.465686,0.00207745
0.468954,0.00218058
0.472222,0.00228826
0.47549,0.00240067
0.478758,0.00251799
0.482026,0.0026404
0.485294,0.00276808
0.488562,0.00290122
0.49183,0.00304003
0.495098,0.00318471
0.498366,0.00333545
0.501634,0.00349248
0.504902,0.00365602
0.50817,0.00382628
0.511438,0.0040035
0.514706,0.00418792
0.517974,0.00437976
0.521242,0.00457929
0.52451,0.00478674
0.527778,0.00500239
0.531046,0.00522648
0.534314,0.0054593
0.537582,0.00570112
0.54085,0.00595221
0.544118,0.00621286
0.547386,0.00648337
0.550654,0.00676403
0.553922,0.00705515
0.55719,0.00735704
0.560458,0.00767
0.563725,0.00799436
0.566993,0.00833045
0.570261,0.00867859
0.573529,0.00903913
0.576797,0.0094124
0.580065,0.00979875
0.583333,0.0101985
0.586601,0.0106121
0.589869,0.0110398
0.593137,0.011482
0.596405,0.0119392
0.599673,0.0124115
0.602941,0.0128996
0.606209,0.0134036
0.609477,0.0139241
0.612745,0.0144613
0.616013,0.0150158
0.619281,0.0155878
0.622549,0.0161779
0.625817,0.0167863
0.629085,0.0174135
0.632353,0.01806
0.635621,0.0187261
0.638889,0.0194122
0.642157,0.0201187
0.645425,0.0208462
0.648693,0.0215949
0.651961,0.0223653
0.655229,0.0231578
0.658497,0.0239728
0.661765,0.0248108
0.665033,0.0256722
0.668301,0.0265573
0.671569,0.0274667
0.674837,0.0284006
0.678105,0.0293596
0.681373,0.030344
0.684641,0.0313542
0.687908,0.0323906
0.691176,0.0334537
0.694444,0.0345437
0.697712,0.0356612
0.70098,0.0368065
0.704248,0.0379799
0.707516,0.0391819
0.710784,0.0404128
0.714052,0.0416729
0.71732,0.0429627
0.720588,0.0442824
0.723856,0.0456324
0.727124,0.047013
0.730392,0.0484246
0.73366,0.0498674
0.736928,0.0513417
0.740196,0.0528479
0.743464,0.0543862
0.746732,0.0559568
0.75,0.0575601
0.753268,0.0591962
0.756536,0.0608655
0.759804,0.062568
0.763072,0.0643041
0.76634,0.0660738
0.769608,0.0678774
0.772876,0.0697151
0.776144,0.0715869
0.779412,0.073493
0.78268,0.0754335
0.785948,0.0774085
0.789216,0.0794181
0.792484,0.0814623
0.795752,0.0835412
0.79902,0.0856548
0.802288,0.087803
0.805556,0.089986
0.808824,0.0922037
0.812092,0.0944559
0.815359,0.0967427
0.818627,0.0990639
0.821895,0.10142
0.825163,0.103809
0.828431,0.106233
0.831699,0.108691
0.834967,0.111182
0.838235,0.113707
0.841503,0.116265
0.844771,0.118856
0.848039,0.12148
0.851307,0.124137
0.854575,0.126825
0.857843,0.129545
0.861111,0.132297
0.864379,0.135079
0.867647,0.137893
0.870915,0.140736
0.874183,0.143609
0.877451,0.146512
0.880719,0.149443
0.883987,0.152403
0.887255,0.15539
0.890523,0.158405
0.893791,0.161446
0.897059,0.164513
0.900327,0.167606
0.903595,0.170724
0.906863,0.173866
0.910131,0.177032
0.913399,0.18022
0.916667,0.183431
0.919935,0.186663
0.923203,0.189916
0.926471,0.193189
0.929739,0.196482
0.933007,0.199792
0.936275,0.203121
0.939542,0.206466
0.94281,0.209828
0.946078,0.213205
0.949346,0.216596
0.952614,0.220001
0.955882,0.223419
0.95915,0.226849
0.962418,0.230289
0.965686,0.23374
0.968954,0.2372
0.972222,0.240668
0.97549,0.244144
0.978758,0.247626
0.982026,0.251114
0.985294,0.254606
0.988562,0.258102
0.99183,0.261601
0.995098,0.265102
0.998366,0.268604
1.00163,0.272106
1.0049,0.275606
1.00817,0.279105
1.01144,0.282602
1.01471,0.286094
1.01797,0.289582
1.02124,0.293064
1.02451,0.29654
1.02778,0.300008
1.03105,0.303468
1.03431,0.306919
1.03758,0.310359
1.04085,0.313789
1.04412,0.317206
1.04739,0.320611
1.05065,0.324003
1.05392,0.32738
1.05719,0.330741
1.06046,0.334087
1.06373,0.337415
1.06699,0.340726
1.07026,0.344018
1.07353,0.347291
1.0768,0.350544
1.08007,0.353777
1.08333,0.356987
1.0866,0.360176
1.08987,0.363341
1.09314,0.366483
1.09641,0.369601
1.09967,0.372694
1.10294,0.375762
1.10621,0.378803
1.10948,0.381818
1.11275,0.384805
1.11601,0.387765
1.11928,0.390696
1.12255,0.393598
1.12582,0.396472
1.12908,0.399315
1.13235,0.402128
1.13562,0.404911
1.13889,0.407662
1.14216,0.410383
1.14542,0.413071
1.14869,0.415727
1.15196,0.418351
1.15523,0.420942
1.1585,0.4235
1.16176,0.426025
1.16503,0.428517
1.1683,0.430975
1.17157,0.433398
1.17484,0.435788
1.1781,0.438144
1.18137,0.440465
1.18464,0.442752
1.18791,0.445004
1.19118,0.447222
1.19444,0.449405
1.19771,0.451553
1.20098,0.453666
1.20425,0.455745
1.20752,0.45779
1.21078,0.459799
1.21405,0.461774
1.21732,0.463715
1.22059,0.465621
1.22386,0.467493
1.22712,0.46933
1.23039,0.471134
1.23366,0.472904
1.23693,0.47464
1.2402,0.476342
1.24346,0.478011
1.24673,0.479648
1.25,0.481251
1.25327,0.482821
1.25654,0.48436
1.2598,0.485866
1.26307,0.48734
1.26634,0.488783
1.26961,0.490195
1.27288,0.491575
1.27614,0.492925
1.27941,0.494245
1.28268,0.495535
1.28595,0.496795
1.28922,0.498026
1.29248,0.499228
1.29575,0.500401
1.29902,0.501546
1.30229,0.502664
1.30556,0.503754
1.30882,0.504817
1.31209,0.505853
1.31536,0.506864
1.31863,0.507848
1.3219,0.508807
1.32516,0.509741
1.32843,0.51065
1.3317,0.511535
1.33497,0.512397
1.33824,0.513235
1.3415,0.51405
1.34477,0.514842
1.34804,0.515613
1.35131,0.516361
1.35458,0.517089
1.35784,0.517795
1.36111,0.518482
1.36438,0.519148
1.36765,0.519794
1.37092,0.520421
1.37418,0.52103
1.37745,0.52162
1.38072,0.522192
1.38399,0.522746
1.38725,0.523284
1.39052,0.523804
1.39379,0.524308
1.39706,0.524796
1.40033,0.525268
1.40359,0.525726
1.40686,0.526168
1.41013,0.526596
1.4134,0.527009
1.41667,0.527409
1.41993,0.527795
1.4232,0.528169
1.42647,0.528529
1.42974,0.528877
1.43301,0.529213
1.43627,0.529538
1.43954,0.529851
1.44281,0.530153
1.44608,0.530444
1.44935,0.530724
1.45261,0.530995
1.45588,0.531255
1.45915,0.531507
1.46242,0.531748
1.46569,0.531981
1.46895,0.532205
1.47222,0.532421
1.47549,0.532628
1.47876,0.532828
1.48203,0.53302
1.48529,0.533204
1.48856,0.533381
1.49183,0.533552
1.4951,0.533715
1.49837,0.533872
1.50163,0.534023
1.5049,0.534168
1.50817,0.534306
1.51144,0.53444
1.51471,0.534567
1.51797,0.53469
1.52124,0.534807
1.52451,0.534919
1.52778,0.535027
1.53105,0.53513
1.53431,0.535229
1.53758,0.535323
1.54085,0.535414
1.54412,0.5355
1.54739,0.535583
1.55065,0.535662
1.55392,0.535738
1.55719,0.53581
1.56046,0.535879
1.56373,0.535945
1.56699,0.536008
1.57026,0.536068
1.57353,0.536126
1.5768,0.53618
1.58007,0.536232
1.58333,0.536282
1.5866,0.53633
1.58987,0.536375
1.59314,0.536418
1.59641,0.536459
1.59967,0.536498
1.60294,0.536535
1.60621,0.536571
1.60948,0.536604
1.61275,0.536637
1.61601,0.536667
1.61928,0.536696
1.62255,0.536724
1.62582,0.53675
1.62908,0.536775
1.63235,0.536798
1.63562,0.536821
1.63889,0.536842
1.64216,0.536862
1.64542,0.536881
1.64869,0.5369
1.65196,0.536917
1.65523,0.536933
1.6585,0.536949
1.66176,0.536963
1.66503,0.536977
1.6683,0.536991
1.67157,0.537003
1.67484,0.537015
1.6781,0.537026
1.68137,0.537037
1.68464,0.537047
1.68791,0.537056
1.69118,0.537065
1.69444,0.537073
1.69771,0.537081
1.70098,0.537089
1.70425,0.537096
1.70752,0.537103
1.71078,0.537109
1.71405,0.537115
1.71732,0.537121
1.72059,0.537126
1.72386,0.537131
1.72712,0.537136
1.73039,0.53714
1.73366,0.537144
1.73693,0.537148
1.7402,0.537152
1.74346,0.537155
1.74673,0.537159
1.75,0.537162
1.75327,0.537165
1.75654,0.537168
1.7598,0.53717
1.76307,0.537172
1.76634,0.537175
1.76961,0.537177
1.77288,0.537179
1.77614,0.537181
1.77941,0.537183
1.78268,0.537184
1.78595,0.537186
1.78922,0.537187
1.79248,0.537189
1.79575,0.53719
1.79902,0.537191
1.80229,0.537192
1.80556,0.537193
1.80882,0.537194
1.81209,0.537195
1.81536,0.537196
1.81863,0.537197
1.8219,0.537198
1.82516,0.537198
1.82843,0.537199
1.8317,0.5372
1.83497,0.5372
1.83824,0.537201
1.8415,0.537201
1.84477,0.537202
1.84804,0.537202
1.85131,0.537202
1.85458,0.537203
1.85784,0.537203
1.86111,0.537204
1.86438,0.537204
1.86765,0.537204
1.87092,0.537204
1.87418,0.537205
1.87745,0.537205
1.88072,0.537205
1.88399,0.537205
1.88725,0.537205
1.89052,0.537206
1.89379,0.537206
1.89706,0.537206
1.90033,0.537206
1.90359,0.537206
1.90686,0.537206
1.91013,0.537206
1.9134,0.537207
1.91667,0.537207
1.91993,0.537207
1.9232,0.537207
1.92647,0.537207
1.92974,0.537207
1.93301,0.537207
1.93627,0.537207
1.93954,0.537207
1.94281,0.537207
1.94608,0.537207
1.94935,0.537207
1.95261,0.537207
1.95588,0.537207
1.95915,0.537207
1.96242,0.537207
1.96569,0.537207
1.96895,0.537208
1.97222,0.537208
1.97549,0.537208
1.97876,0.537208
1.98203,0.537208
1.98529,0.537208
1.98856,0.537208
1.99183,0.537208
1.9951,0.537208
1.99837,0.537208
