0.00121065,0
0.00363196,1.05865e-08
0.00605327,2.18304e-08
0.00847458,3.37706e-08
0.0108959,4.64485e-08
0.0133172,5.99077e-08
0.0157385,7.41942e-08
0.0181598,8.93566e-08
0.0205811,1.05446e-07
0.0230024,1.22518e-07
0.0254237,1.40628e-07
0.027845,1.59837e-07
0.0302663,1.80208e-07
0.0326877,2.0181e-07
0.035109,2.24713e-07
0.0375303,2.48992e-07
0.0399516,2.74725e-07
0.0423729,3.01996e-07
0.0447942,3.30893e-07
0.0472155,3.61507e-07
0.0496368,3.93937e-07
0.0520581,4.28284e-07
0.0544794,4.64657e-07
0.0569007,5.0317e-07
0.059322,5.43943e-07
0.0617433,5.87101e-07
0.0641646,6.32779e-07
0.066586,6.81114e-07
0.0690073,7.32256e-07
0.0714286,7.86359e-07
0.0738499,8.43586e-07
0.0762712,9.04108e-07
0.0786925,9.68106e-07
0.0811138,1.03577e-06
0.0835351,1.1073e-06
0.0859564,1.1829e-06
0.0883777,1.2628e-06
0.090799,1.34723e-06
0.0932203,1.43642e-06
0.0956416,1.53064e-06
0.098063,1.63016e-06
0.100484,1.73525e-06
0.102906,1.84622e-06
0.105327,1.96337e-06
0.107748,2.08703e-06
0.110169,2.21754e-06
0.112591,2.35526e-06
0.115012,2.50058e-06
0.117433,2.65388e-06
0.119855,2.81558e-06
0.122276,2.98612e-06
0.124697,3.16595e-06
0.127119,3.35555e-06
0.12954,3.55542e-06
0.131961,3.7661e-06
0.134383,3.98812e-06
0.136804,4.22207e-06
0.139225,4.46855e-06
0.141646,4.72819e-06
0.144068,5.00166e-06
0.146489,5.28966e-06
0.14891,5.5929e-06
0.151332,5.91215e-06
0.153753,6.2482e-06
0.156174,6.6019e-06
0.158596,6.9741e-06
0.161017,7.36571e-06
0.163438,7.77771e-06
0.16586,8.21107e-06
0.168281,8.66684e-06
0.170702,9.14611e-06
0.173123,9.65001e-06
0.175545,1.01797e-05
0.177966,1.07365e-05
0.180387,1.13217e-05
0.182809,1.19366e-05
0.18523,1.25826e-05
0.187651,1.32612e-05
0.190073,1.3974e-05
0.192494,1.47225e-05
0.194915,1.55085e-05
0.197337,1.63337e-05
0.199758,1.71999e-05
0.202179,1.8109e-05
0.2046,1.9063e-05
0.207022,2.0064e-05
0.209443,2.11142e-05
0.211864,2.22157e-05
0.214286,2.3371e-05
0.216707,2.45825e-05
0.219128,2.58527e-05
0.22155,2.71843e-05
0.223971,2.85801e-05
0.226392,3.00428e-05
0.228814,3.15756e-05
0.231235,3.31815e-05
0.233656,3.48638e-05
0.236077,3.66259e-05
0.238499,3.84712e-05
0.24092,4.04034e-05
0.243341,4.24263e-05
0.245763,4.45439e-05
0.248184,4.67602e-05
0.250605,4.90795e-05
0.253027,5.15064e-05
0.255448,5.40452e-05
0.257869,5.67009e-05
0.260291,5.94785e-05
0.262712,6.2383e-05
0.265133,6.54199e-05
0.267554,6.85947e-05
0.269976,7.19131e-05
0.272397,7.53813e-05
0.274818,7.90053e-05
0.27724,8.27917e-05
0.279661,8.67471e-05
0.282082,9.08785e-05
0.284504,9.51931e-05
0.286925,9.96984e-05
0.289346,0.000104402
0.291768,0.000109312
0.294189,0.000114437
0.29661,0.000119785
0.299031,0.000125365
0.301453,0.000131187
0.303874,0.000137259
0.306295,0.000143593
0.308717,0.000150198
0.311138,0.000157084
0.313559,0.000164263
0.315981,0.000171746
0.318402,0.000179545
0.320823,0.000187672
0.323245,0.00019614
0.325666,0.000204961
0.328087,0.000214148
0.330508,0.000223716
0.33293,0.00023368
0.335351,0.000244053
0.337772,0.000254851
0.340194,0.00026609
0.342615,0.000277786
0.345036,0.000289956
0.347458,0.000302617
0.349879,0.000315788
0.3523,0.000329486
0.354722,0.000343731
0.357143,0.000358542
0.359564,0.000373939
0.361985,0.000389945
0.364407,0.000406579
0.366828,0.000423864
0.369249,0.000441823
0.371671,0.00046048
0.374092,0.000479859
0.376513,0.000499985
0.378935,0.000520883
0.381356,0.00054258
0.383777,0.000565104
0.386199,0.000588482
0.38862,0.000612743
0.391041,0.000637917
0.393462,0.000664034
0.395884,0.000691126
0.398305,0.000719225
0.400726,0.000748364
0.403148,0.000778577
0.405569,0.0008099
0.40799,0.000842368
0.410412,0.000876018
0.412833,0.000910888
0.415254,0.000947017
0.417676,0.000984445
0.420097,0.00102321
0.422518,0.00106336
0.424939,0.00110494
0.427361,0.00114798
0.429782,0.00119254
0.432203,0.00123867
0.434625,0.0012864
0.437046,0.00133578
0.439467,0.00138688
0.441889,0.00143974
0.44431,0.00149441
0.446731,0.00155094
0.449153,0.0016094
0.451574,0.00166983
0.453995,0.0017323
0.456416,0.00179687
0.458838,0.00186359
0.461259,0.00193252
0.46368,0.00200374
0.466102,0.0020773
0.468523,0.00215327
0.470944,0.00223172
0.473366,0.00231271
0.475787,0.00239632
0.478208,0.00248263
0.48063,0.00257169
0.483051,0.0026636
0.485472,0.00275841
0.487893,0.00285622
0.490315,0.00295711
0.492736,0.00306114
0.495157,0.00316841
0.497579,0.00327901
0.5,0.00339301
0.502421,0.0035105
0.504843,0.00363158
0.507264,0.00375633
0.509685,0.00388485
0.512107,0.00401723
0.514528,0.00415357
0.516949,0.00429397
0.51937,0.00443852
0.521792,0.00458733
0.524213,0.00474049
0.526634,0.00489812
0.529056,0.00506032
0.531477,0.0052272
0.533898,0.00539887
0.53632,0.00557544
0.538741,0.00575702
0.541162,0.00594372
0.543584,0.00613568
0.546005,0.00633299
0.548426,0.00653579
0.550847,0.00674419
0.553269,0.00695832
0.55569,0.0071783
0.558111,0.00740426
0.560533,0.00763634
0.562954,0.00787465
0.565375,0.00811933
0.567797,0.00837052
0.570218,0.00862834
0.572639,0.00889294
0.575061,0.00916446
0.577482,0.00944303
0.579903,0.0097288
0.582324,0.0100219
0.584746,0.0103225
0.587167,0.0106307
0.589588,0.0109467
0.59201,0.0112706
0.594431,0.0116026
0.596852,0.0119428
0.599274,0.0122914
0.601695,0.0126486
0.604116,0.0130144
0.606538,0.0133891
0.608959,0.0137727
0.61138,0.0141655
0.613801,0.0145677
0.616223,0.0149793
0.618644,0.0154006
0.621065,0.0158317
0.623487,0.0162727
0.625908,0.0167239
0.628329,0.0171854
0.630751,0.0176574
0.633172,0.01814
0.635593,0.0186333
0.638015,0.0191377
0.640436,0.0196532
0.642857,0.02018
0.645278,0.0207182
0.6477,0.0212681
0.650121,0.0218299
0.652542,0.0224036
0.654964,0.0229894
0.657385,0.0235876
0.659806,0.0241982
0.662228,0.0248216
0.664649,0.0254577
0.66707,0.0261069
0.669492,0.0267692
0.671913,0.0274448
0.674334,0.028134
0.676755,0.0288368
0.679177,0.0295535
0.681598,0.0302841
0.684019,0.031029
0.686441,0.0317881
0.688862,0.0325617
0.691283,0.03335
0.693705,0.0341531
0.696126,0.0349712
0.698547,0.0358044
0.700969,0.0366529
0.70339,0.0375168
0.705811,0.0383963
0.708232,0.0392915
0.710654,0.0402027
0.713075,0.0411298
0.715496,0.0420731
0.717918,0.0430328
0.720339,0.0440089
0.72276,0.0450016
0.725182,0.046011
0.727603,0.0470373
0.730024,0.0480805
0.732446,0.0491409
0.734867,0.0502185
0.737288,0.0513135
0.739709,0.0524259
0.742131,0.0535559
0.744552,0.0547036
0.746973,0.0558691
0.749395,0.0570525
0.751816,0.0582539
0.754237,0.0594734
0.756659,0.0607111
0.75908,0.0619671
0.761501,0.0632414
0.763923,0.0645342
0.766344,0.0658455
0.768765,0.0671753
0.771186,0.0685238
0.773608,0.069891
0.776029,0.071277
0.77845,0.0726818
0.780872,0.0741054
0.783293,0.075548
0.785714,0.0770095
0.788136,0.0784899
0.790557,0.0799894
0.792978,0.0815079
0.7954,0.0830454
0.797821,0.084602
0.800242,0.0861776
0.802663,0.0877722
0.805085,0.089386
0.807506,0.0910187
0.809927,0.0926705
0.812349,0.0943412
0.81477,0.0960309
0.817191,0.0977396
0.819613,0.0994671
0.822034,0.101213
0.824455,0.102979
0.826877,0.104762
0.829298,0.106565
0.831719,0.108386
0.83414,0.110226
0.836562,0.112084
0.838983,0.11396
0.841404,0.115855
0.843826,0.117768
0.846247,0.119699
0.848668,0.121647
0.85109,0.123614
0.853511,0.125598
0.855932,0.1276
0.858354,0.129619
0.860775,0.131655
0.863196,0.133708
0.865617,0.135779
0.868039,0.137866
0.87046,0.139969
0.872881,0.142089
0.875303,0.144226
0.877724,0.146378
0.880145,0.148546
0.882567,0.15073
0.884988,0.152929
0.887409,0.155144
0.889831,0.157373
0.892252,0.159617
0.894673,0.161876
0.897094,0.164149
0.899516,0.166436
0.901937,0.168736
0.904358,0.171051
0.90678,0.173378
0.909201,0.175719
0.911622,0.178072
0.914044,0.180438
0.916465,0.182816
0.918886,0.185205
0.921308,0.187607
0.923729,0.190019
0.92615,0.192443
0.928571,0.194877
0.930993,0.197322
0.933414,0.199777
0.935835,0.202241
0.938257,0.204715
0.940678,0.207198
0.943099,0.20969
0.945521,0.21219
0.947942,0.214698
0.950363,0.217214
0.952785,0.219737
0.955206,0.222268
0.957627,0.224805
0.960048,0.227348
0.96247,0.229897
0.964891,0.232452
0.967312,0.235012
0.969734,0.237577
0.972155,0.240147
0.974576,0.242721
0.976998,0.245298
0.979419,0.247879
0.98184,0.250463
0.984262,0.25305
0.986683,0.255639
0.989104,0.258229
0.991525,0.260822
0.993947,0.263415
0.996368,0.266009
0.998789,0.268604
1.00121,0.271198
1.00363,0.273793
1.00605,0.276386
1.00847,0.278978
1.0109,0.281569
1.01332,0.284158
1.01574,0.286745
1.01816,0.289328
1.02058,0.291909
1.023,0.294487
1.02542,0.297061
1.02785,0.29963
1.03027,0.302195
1.03269,0.304755
1.03511,0.30731
1.03753,0.30986
1.03995,0.312403
1.04237,0.31494
1.04479,0.31747
1.04722,0.319994
1.04964,0.32251
1.05206,0.325018
1.05448,0.327518
1.0569,0.33001
1.05932,0.332493
1.06174,0.334967
1.06416,0.337431
1.06659,0.339886
1.06901,0.34233
1.07143,0.344765
1.07385,0.347188
1.07627,0.349601
1.07869,0.352002
1.08111,0.354392
1.08354,0.35677
1.08596,0.359136
1.08838,0.361489
1.0908,0.363829
1.09322,0.366157
1.09564,0.368471
1.09806,0.370772
1.10048,0.373059
1.10291,0.375332
1.10533,0.377591
1.10775,0.379835
1.11017,0.382064
1.11259,0.384278
1.11501,0.386478
1.11743,0.388661
1.11985,0.39083
1.12228,0.392982
1.1247,0.395118
1.12712,0.397238
1.12954,0.399342
1.13196,0.401429
1.13438,0.403499
1.1368,0.405553
1.13923,0.407589
1.14165,0.409608
1.14407,0.41161
1.14649,0.413594
1.14891,0.41556
1.15133,0.417509
1.15375,0.41944
1.15617,0.421353
1.1586,0.423247
1.16102,0.425124
1.16344,0.426982
1.16586,0.428822
1.16828,0.430643
1.1707,0.432445
1.17312,0.434229
1.17554,0.435994
1.17797,0.437741
1.18039,0.439468
1.18281,0.441177
1.18523,0.442866
1.18765,0.444537
1.19007,0.446189
1.19249,0.447822
1.19492,0.449435
1.19734,0.45103
1.19976,0.452606
1.20218,0.454162
1.2046,0.4557
1.20702,0.457218
1.20944,0.458718
1.21186,0.460198
1.21429,0.46166
1.21671,0.463102
1.21913,0.464526
1.22155,0.465931
1.22397,0.467317
1.22639,0.468684
1.22881,0.470032
1.23123,0.471362
1.23366,0.472673
1.23608,0.473966
1.2385,0.475241
1.24092,0.476497
1.24334,0.477734
1.24576,0.478954
1.24818,0.480155
1.25061,0.481339
1.25303,0.482504
1.25545,0.483652
1.25787,0.484782
1.26029,0.485894
1.26271,0.486989
1.26513,0.488067
1.26755,0.489127
1.26998,0.49017
1.2724,0.491197
1.27482,0.492206
1.27724,0.493199
1.27966,0.494175
1.28208,0.495135
1.2845,0.496078
1.28692,0.497005
1.28935,0.497916
1.29177,0.498811
1.29419,0.499691
1.29661,0.500555
1.29903,0.501403
1.30145,0.502236
1.30387,0.503055
1.3063,0.503858
1.30872,0.504646
1.31114,0.50542
1.31356,0.506179
1.31598,0.506924
1.3184,0.507654
1.32082,0.508371
1.32324,0.509074
1.32567,0.509763
1.32809,0.510438
1.33051,0.511101
1.33293,0.51175
1.33535,0.512386
1.33777,0.513009
1.34019,0.51362
1.34262,0.514218
1.34504,0.514804
1.34746,0.515378
1.34988,0.51594
1.3523,0.516489
1.35472,0.517028
1.35714,0.517554
1.35956,0.51807
1.36199,0.518574
1.36441,0.519068
1.36683,0.51955
1.36925,0.520022
1.37167,0.520484
1.37409,0.520935
1.37651,0.521376
1.37893,0.521807
1.38136,0.522228
1.38378,0.52264
1.3862,0.523042
1.38862,0.523435
1.39104,0.523819
1.39346,0.524193
1.39588,0.524559
1.39831,0.524916
1.40073,0.525265
1.40315,0.525605
1.40557,0.525937
1.40799,0.526261
1.41041,0.526577
1.41283,0.526885
1.41525,0.527186
1.41768,0.527479
1.4201,0.527765
1.42252,0.528043
1.42494,0.528315
1.42736,0.528579
1.42978,0.528837
1.4322,0.529088
1.43462,0.529333
1.43705,0.529571
1.43947,0.529803
1.44189,0.530029
1.44431,0.530249
1.44673,0.530463
1.44915,0.530672
1.45157,0.530875
1.454,0.531072
1.45642,0.531264
1.45884,0.531451
1.46126,0.531632
1.46368,0.531809
1.4661,0.53198
1.46852,0.532147
1.47094,0.53231
1.47337,0.532467
1.47579,0.53262
1.47821,0.532769
1.48063,0.532914
1.48305,0.533054
1.48547,0.53319
1.48789,0.533323
1.49031,0.533451
1.49274,0.533576
1.49516,0.533697
1.49758,0.533815
1.5,0.533929
1.50242,0.534039
1.50484,0.534147
1.50726,0.534251
1.50969,0.534351
1.51211,0.534449
1.51453,0.534544
1.51695,0.534636
1.51937,0.534725
1.52179,0.534811
1.52421,0.534895
1.52663,0.534976
1.52906,0.535054
1.53148,0.53513
1.5339,0.535204
1.53632,0.535275
1.53874,0.535344
1.54116,0.535411
1.54358,0.535475
1.546,0.535538
1.54843,0.535598
1.55085,0.535657
1.55327,0.535713
1.55569,0.535768
1.55811,0.535821
1.56053,0.535872
1.56295,0.535921
1.56538,0.535969
1.5678,0.536015
1.57022,0.53606
1.57264,0.536103
1.57506,0.536144
1.57748,0.536184
1.5799,0.536223
1.58232,0.536261
1.58475,0.536297
1.58717,0.536332
1.58959,0.536365
1.59201,0.536398
1.59443,0.536429
1.59685,0.536459
1.59927,0.536488
1.60169,0.536517
1.60412,0.536544
1.60654,0.53657
1.60896,0.536595
1.61138,0.536619
1.6138,0.536643
1.61622,0.536665
1.61864,0.536687
1.62107,0.536708
1.62349,0.536728
1.62591,0.536747
1.62833,0.536766
1.63075,0.536784
1.63317,0.536801
1.63559,0.536818
1.63801,0.536834
1.64044,0.536849
1.64286,0.536864
1.64528,0.536878
1.6477,0.536892
1.65012,0.536905
1.65254,0.536918
1.65496,0.53693
1.65738,0.536942
1.65981,0.536953
1.66223,0.536964
1.66465,0.536974
1.66707,0.536984
1.66949,0.536994
1.67191,0.537003
1.67433,0.537012
1.67676,0.53702
1.67918,0.537028
1.6816,0.537036
1.68402,0.537043
1.68644,0.537051
1.68886,0.537057
1.69128,0.537064
1.6937,0.53707
1.69613,0.537076
1.69855,0.537082
1.70097,0.537088
1.70339,0.537093
1.70581,0.537098
1.70823,0.537103
1.71065,0.537108
1.71308,0.537112
1.7155,0.537117
1.71792,0.537121
1.72034,0.537125
1.72276,0.537129
1.72518,0.537132
1.7276,0.537136
1.73002,0.537139
1.73245,0.537142
1.73487,0.537145
1.73729,0.537148
1.73971,0.537151
1.74213,0.537154
1.74455,0.537156
1.74697,0.537159
1.74939,0.537161
1.75182,0.537163
1.75424,0.537165
1.75666,0.537167
1.75908,0.537169
1.7615,0.537171
1.76392,0.537173
1.76634,0.537174
1.76877,0.537176
1.77119,0.537178
1.77361,0.537179
1.77603,0.53718
1.77845,0.537182
1.78087,0.537183
1.78329,0.537184
1.78571,0.537185
1.78814,0.537187
1.79056,0.537188
1.79298,0.537189
1.7954,0.53719
1.79782,0.53719
1.80024,0.537191
1.80266,0.537192
1.80508,0.537193
1.80751,0.537194
1.80993,0.537194
1.81235,0.537195
1.81477,0.537196
1.81719,0.537196
1.81961,0.537197
1.82203,0.537197
1.82446,0.537198
1.82688,0.537199
1.8293,0.537199
1.83172,0.537199
1.83414,0.5372
1.83656,0.5372
1.83898,0.537201
1.8414,0.537201
1.84383,0.537201
1.84625,0.537202
1.84867,0.537202
1.85109,0.537202
1.85351,0.537203
1.85593,0.537203
1.85835,0.537203
1.86077,0.537203
1.8632,0.537204
1.86562,0.537204
1.86804,0.537204
1.87046,0.537204
1.87288,0.537205
1.8753,0.537205
1.87772,0.537205
1.88015,0.537205
1.88257,0.537205
1.88499,0.537205
1.88741,0.537205
1.88983,0.537206
1.89225,0.537206
1.89467,0.537206
1.89709,0.537206
1.89952,0.537206
1.90194,0.537206
1.90436,0.537206
1.90678,0.537206
1.9092,0.537206
1.91162,0.537206
1.91404,0.537207
1.91646,0.537207
1.91889,0.537207
1.92131,0.537207
1.92373,0.537207
1.92615,0.537207
1.92857,0.537207
1.93099,0.537207
1.93341,0.537207
1.93584,0.537207
1.93826,0.537207
1.94068,0.537207
1.9431,0.537207
1.94552,0.537207
1.94794,0.537207
1.95036,0.537207
1.95278,0.537207
1.95521,0.537207
1.95763,0.537207
1.96005,0.537207
1.96247,0.537207
1.96489,0.537207
1.96731,0.537207
1.96973,0.537208
1.97215,0.537208
1.97458,0.537208
1.977,0.537208
1.97942,0.537208
1.98184,0.537208
1.98426,0.537208
1.98668,0.537208
1.9891,0.537208
1.99153,0.537208
1.99395,0.537208
1.99637,0.537208
1.99879,0.537208
