0.00142045,0
0.00426136,1.26173e-08
0.00710227,2.61579e-08
0.00994318,4.06863e-08
0.0127841,5.62716e-08
0.015625,7.29871e-08
0.0184659,9.09112e-08
0.0213068,1.10128e-07
0.0241477,1.30725e-07
0.0269886,1.52798e-07
0.0298295,1.76449e-07
0.0326705,2.01784e-07
0.0355114,2.28918e-07
0.0383523,2.57973e-07
0.0411932,2.89078e-07
0.0440341,3.22372e-07
0.046875,3.58002e-07
0.0497159,3.96123e-07
0.0525568,4.36901e-07
0.0553977,4.80514e-07
0.0582386,5.27148e-07
0.0610795,5.77003e-07
0.0639205,6.3029e-07
0.0667614,6.87235e-07
0.0696023,7.48076e-07
0.0724432,8.13067e-07
0.0752841,8.82476e-07
0.078125,9.5659e-07
0.0809659,1.03571e-06
0.0838068,1.12016e-06
0.0866477,1.21028e-06
0.0894886,1.30642e-06
0.0923295,1.40898e-06
0.0951705,1.51836e-06
0.0980114,1.63499e-06
0.100852,1.75931e-06
0.103693,1.89183e-06
0.106534,2.03304e-06
0.109375,2.18348e-06
0.112216,2.34374e-06
0.115057,2.5144e-06
0.117898,2.69612e-06
0.120739,2.88957e-06
0.12358,3.09546e-06
0.12642,3.31456e-06
0.129261,3.54765e-06
0.132102,3.79559e-06
0.134943,4.05927e-06
0.137784,4.33962e-06
0.140625,4.63765e-06
0.143466,4.95441e-06
0.146307,5.291e-06
0.149148,5.64859e-06
0.151989,6.02842e-06
0.15483,6.43179e-06
0.15767,6.86007e-06
0.160511,7.3147e-06
0.163352,7.79722e-06
0.166193,8.30923e-06
0.169034,8.85242e-06
0.171875,9.42858e-06
0.174716,1.00396e-05
0.177557,1.06874e-05
0.180398,1.13741e-05
0.183239,1.21019e-05
0.18608,1.28731e-05
0.18892,1.36901e-05
0.191761,1.45554e-05
0.194602,1.54718e-05
0.197443,1.64421e-05
0.200284,1.74691e-05
0.203125,1.85561e-05
0.205966,1.97062e-05
0.208807,2.0923e-05
0.211648,2.22099e-05
0.214489,2.35708e-05
0.21733,2.50097e-05
0.22017,2.65306e-05
0.223011,2.8138e-05
0.225852,2.98364e-05
0.228693,3.16307e-05
0.231534,3.35258e-05
0.234375,3.55269e-05
0.237216,3.76397e-05
0.240057,3.98699e-05
0.242898,4.22236e-05
0.245739,4.4707e-05
0.24858,4.73268e-05
0.25142,5.00899e-05
0.254261,5.30037e-05
0.257102,5.60756e-05
0.259943,5.93136e-05
0.262784,6.2726e-05
0.265625,6.63214e-05
0.268466,7.0109e-05
0.271307,7.40982e-05
0.274148,7.82989e-05
0.276989,8.27213e-05
0.27983,8.73763e-05
0.28267,9.22751e-05
0.285511,9.74294e-05
0.288352,0.000102851
0.291193,0.000108554
0.294034,0.00011455
0.296875,0.000120855
0.299716,0.000127481
0.302557,0.000134444
0.305398,0.000141761
0.308239,0.000149446
0.31108,0.000157518
0.31392,0.000165993
0.316761,0.000174891
0.319602,0.000184231
0.322443,0.000194032
0.325284,0.000204315
0.328125,0.000215101
0.330966,0.000226414
0.333807,0.000238276
0.336648,0.000250711
0.339489,0.000263746
0.34233,0.000277404
0.34517,0.000291715
0.348011,0.000306705
0.350852,0.000322404
0.353693,0.000338842
0.356534,0.00035605
0.359375,0.000374062
0.362216,0.00039291
0.365057,0.000412629
0.367898,0.000433256
0.370739,0.000454828
0.37358,0.000477383
0.37642,0.000500962
0.379261,0.000525607
0.382102,0.00055136
0.384943,0.000578265
0.387784,0.000606369
0.390625,0.000635718
0.393466,0.000666363
0.396307,0.000698354
0.399148,0.000731742
0.401989,0.000766583
0.40483,0.000802932
0.40767,0.000840846
0.410511,0.000880386
0.413352,0.000921612
0.416193,0.000964587
0.419034,0.00100938
0.421875,0.00105605
0.424716,0.00110467
0.427557,0.00115532
0.430398,0.00120806
0.433239,0.00126298
0.43608,0.00132014
0.43892,0.00137964
0.441761,0.00144154
0.444602,0.00150595
0.447443,0.00157293
0.450284,0.0016426
0.453125,0.00171503
0.455966,0.00179032
0.458807,0.00186856
0.461648,0.00194987
0.464489,0.00203434
0.46733,0.00212207
0.47017,0.00221317
0.473011,0.00230776
0.475852,0.00240595
0.478693,0.00250785
0.481534,0.00261358
0.484375,0.00272327
0.487216,0.00283704
0.490057,0.00295502
0.492898,0.00307733
0.495739,0.00320412
0.49858,0.00333552
0.50142,0.00347167
0.504261,0.00361271
0.507102,0.00375879
0.509943,0.00391006
0.512784,0.00406667
0.515625,0.00422878
0.518466,0.00439654
0.521307,0.00457013
0.524148,0.0047497
0.526989,0.00493542
0.52983,0.00512747
0.53267,0.00532602
0.535511,0.00553126
0.538352,0.00574335
0.541193,0.00596249
0.544034,0.00618886
0.546875,0.00642267
0.549716,0.00666409
0.552557,0.00691334
0.555398,0.00717061
0.558239,0.0074361
0.56108,0.00771003
0.56392,0.00799261
0.566761,0.00828404
0.569602,0.00858455
0.572443,0.00889436
0.575284,0.00921368
0.578125,0.00954276
0.580966,0.0098818
0.583807,0.0102311
0.586648,0.0105908
0.589489,0.0109611
0.59233,0.0113424
0.59517,0.0117349
0.598011,0.0121387
0.600852,0.0125543
0.603693,0.0129817
0.606534,0.0134213
0.609375,0.0138732
0.612216,0.0143379
0.615057,0.0148155
0.617898,0.0153063
0.620739,0.0158105
0.62358,0.0163284
0.62642,0.0168603
0.629261,0.0174065
0.632102,0.0179672
0.634943,0.0185426
0.637784,0.0191332
0.640625,0.019739
0.643466,0.0203605
0.646307,0.0209978
0.649148,0.0216513
0.651989,0.0223211
0.65483,0.0230077
0.65767,0.0237113
0.660511,0.0244321
0.663352,0.0251704
0.666193,0.0259265
0.669034,0.0267006
0.671875,0.0274931
0.674716,0.0283042
0.677557,0.0291342
0.680398,0.0299833
0.683239,0.0308518
0.68608,0.03174
0.68892,0.0326481
0.691761,0.0335764
0.694602,0.0345252
0.697443,0.0354947
0.700284,0.0364851
0.703125,0.0374967
0.705966,0.0385298
0.708807,0.0395846
0.711648,0.0406613
0.714489,0.0417602
0.71733,0.0428815
0.72017,0.0440254
0.723011,0.0451921
0.725852,0.046382
0.728693,0.047595
0.731534,0.0488316
0.734375,0.0500918
0.737216,0.0513759
0.740057,0.0526841
0.742898,0.0540165
0.745739,0.0553733
0.74858,0.0567547
0.75142,0.0581609
0.754261,0.0595919
0.757102,0.061048
0.759943,0.0625293
0.762784,0.0640359
0.765625,0.065568
0.768466,0.0671256
0.771307,0.0687088
0.774148,0.0703179
0.776989,0.0719528
0.77983,0.0736136
0.78267,0.0753004
0.785511,0.0770133
0.788352,0.0787524
0.791193,0.0805175
0.794034,0.0823089
0.796875,0.0841265
0.799716,0.0859703
0.802557,0.0878403
0.805398,0.0897366
0.808239,0.091659
0.81108,0.0936076
0.81392,0.0955824
0.816761,0.0975832
0.819602,0.09961
0.822443,0.101663
0.825284,0.103741
0.828125,0.105846
0.830966,0.107976
0.833807,0.110131
0.836648,0.112312
0.839489,0.114518
0.84233,0.116749
0.84517,0.119005
0.848011,0.121286
0.850852,0.123591
0.853693,0.125921
0.856534,0.128274
0.859375,0.130652
0.862216,0.133053
0.865057,0.135477
0.867898,0.137925
0.870739,0.140395
0.87358,0.142888
0.87642,0.145404
0.879261,0.147941
0.882102,0.1505
0.884943,0.153079
0.887784,0.15568
0.890625,0.158302
0.893466,0.160943
0.896307,0.163605
0.899148,0.166286
0.901989,0.168985
0.90483,0.171704
0.90767,0.17444
0.910511,0.177195
0.913352,0.179966
0.916193,0.182754
0.919034,0.185559
0.921875,0.18838
0.924716,0.191216
0.927557,0.194067
0.930398,0.196932
0.933239,0.199811
0.93608,0.202704
0.93892,0.20561
0.941761,0.208528
0.944602,0.211457
0.947443,0.214398
0.950284,0.21735
0.953125,0.220312
0.955966,0.223283
0.958807,0.226263
0.961648,0.229252
0.964489,0.232249
0.96733,0.235253
0.97017,0.238263
0.973011,0.24128
0.975852,0.244302
0.978693,0.247329
0.981534,0.25036
0.984375,0.253395
0.987216,0.256433
0.990057,0.259474
0.992898,0.262516
0.995739,0.26556
0.99858,0.268604
1.00142,0.271648
1.00426,0.274692
1.0071,0.277734
1.00994,0.280774
1.01278,0.283812
1.01562,0.286847
1.01847,0.289879
1.02131,0.292906
1.02415,0.295928
1.02699,0.298944
1.02983,0.301955
1.03267,0.304959
1.03551,0.307956
1.03835,0.310944
1.04119,0.313925
1.04403,0.316896
1.04687,0.319858
1.04972,0.322809
1.05256,0.32575
1.0554,0.32868
1.05824,0.331598
1.06108,0.334504
1.06392,0.337396
1.06676,0.340275
1.0696,0.343141
1.07244,0.345992
1.07528,0.348828
1.07812,0.351648
1.08097,0.354453
1.08381,0.357242
1.08665,0.360013
1.08949,0.362767
1.09233,0.365504
1.09517,0.368222
1.09801,0.370922
1.10085,0.373603
1.10369,0.376264
1.10653,0.378906
1.10937,0.381527
1.11222,0.384128
1.11506,0.386708
1.1179,0.389267
1.12074,0.391804
1.12358,0.394319
1.12642,0.396812
1.12926,0.399283
1.1321,0.40173
1.13494,0.404155
1.13778,0.406556
1.14063,0.408933
1.14347,0.411287
1.14631,0.413617
1.14915,0.415922
1.15199,0.418203
1.15483,0.420459
1.15767,0.42269
1.16051,0.424896
1.16335,0.427077
1.16619,0.429232
1.16903,0.431362
1.17188,0.433466
1.17472,0.435545
1.17756,0.437598
1.1804,0.439625
1.18324,0.441625
1.18608,0.4436
1.18892,0.445549
1.19176,0.447471
1.1946,0.449367
1.19744,0.451237
1.20028,0.453081
1.20313,0.454899
1.20597,0.45669
1.20881,0.458455
1.21165,0.460194
1.21449,0.461907
1.21733,0.463594
1.22017,0.465255
1.22301,0.46689
1.22585,0.468499
1.22869,0.470082
1.23153,0.47164
1.23438,0.473172
1.23722,0.474678
1.24006,0.47616
1.2429,0.477616
1.24574,0.479047
1.24858,0.480453
1.25142,0.481834
1.25426,0.483191
1.2571,0.484524
1.25994,0.485832
1.26278,0.487116
1.26563,0.488376
1.26847,0.489613
1.27131,0.490826
1.27415,0.492016
1.27699,0.493182
1.27983,0.494326
1.28267,0.495447
1.28551,0.496546
1.28835,0.497623
1.29119,0.498678
1.29403,0.499711
1.29688,0.500723
1.29972,0.501713
1.30256,0.502682
1.3054,0.503631
1.30824,0.50456
1.31108,0.505468
1.31392,0.506356
1.31676,0.507224
1.3196,0.508073
1.32244,0.508903
1.32528,0.509715
1.32813,0.510507
1.33097,0.511281
1.33381,0.512037
1.33665,0.512776
1.33949,0.513496
1.34233,0.5142
1.34517,0.514887
1.34801,0.515556
1.35085,0.51621
1.35369,0.516847
1.35653,0.517469
1.35938,0.518074
1.36222,0.518665
1.36506,0.51924
1.3679,0.519801
1.37074,0.520347
1.37358,0.520879
1.37642,0.521397
1.37926,0.521901
1.3821,0.522392
1.38494,0.52287
1.38778,0.523334
1.39063,0.523786
1.39347,0.524226
1.39631,0.524653
1.39915,0.525069
1.40199,0.525473
1.40483,0.525865
1.40767,0.526247
1.41051,0.526617
1.41335,0.526977
1.41619,0.527326
1.41903,0.527665
1.42188,0.527994
1.42472,0.528313
1.42756,0.528623
1.4304,0.528924
1.43324,0.529215
1.43608,0.529498
1.43892,0.529772
1.44176,0.530037
1.4446,0.530294
1.44744,0.530544
1.45028,0.530785
1.45313,0.531019
1.45597,0.531245
1.45881,0.531464
1.46165,0.531676
1.46449,0.531882
1.46733,0.53208
1.47017,0.532272
1.47301,0.532458
1.47585,0.532638
1.47869,0.532811
1.48153,0.532979
1.48438,0.533141
1.48722,0.533298
1.49006,0.533449
1.4929,0.533595
1.49574,0.533736
1.49858,0.533872
1.50142,0.534004
1.50426,0.53413
1.5071,0.534253
1.50994,0.534371
1.51278,0.534484
1.51563,0.534594
1.51847,0.5347
1.52131,0.534802
1.52415,0.5349
1.52699,0.534994
1.52983,0.535086
1.53267,0.535173
1.53551,0.535258
1.53835,0.535339
1.54119,0.535417
1.54403,0.535493
1.54688,0.535565
1.54972,0.535635
1.55256,0.535702
1.5554,0.535766
1.55824,0.535828
1.56108,0.535888
1.56392,0.535945
1.56676,0.536
1.5696,0.536052
1.57244,0.536103
1.57528,0.536152
1.57813,0.536198
1.58097,0.536243
1.58381,0.536286
1.58665,0.536327
1.58949,0.536367
1.59233,0.536405
1.59517,0.536441
1.59801,0.536476
1.60085,0.536509
1.60369,0.536541
1.60653,0.536572
1.60938,0.536601
1.61222,0.536629
1.61506,0.536656
1.6179,0.536682
1.62074,0.536707
1.62358,0.53673
1.62642,0.536753
1.62926,0.536774
1.6321,0.536795
1.63494,0.536815
1.63778,0.536834
1.64063,0.536852
1.64347,0.536869
1.64631,0.536885
1.64915,0.536901
1.65199,0.536916
1.65483,0.53693
1.65767,0.536944
1.66051,0.536957
1.66335,0.536969
1.66619,0.536981
1.66903,0.536993
1.67188,0.537003
1.67472,0.537014
1.67756,0.537023
1.6804,0.537033
1.68324,0.537042
1.68608,0.53705
1.68892,0.537058
1.69176,0.537066
1.6946,0.537073
1.69744,0.53708
1.70028,0.537087
1.70313,0.537093
1.70597,0.537099
1.70881,0.537105
1.71165,0.53711
1.71449,0.537115
1.71733,0.53712
1.72017,0.537125
1.72301,0.537129
1.72585,0.537134
1.72869,0.537138
1.73153,0.537141
1.73438,0.537145
1.73722,0.537148
1.74006,0.537152
1.7429,0.537155
1.74574,0.537158
1.74858,0.53716
1.75142,0.537163
1.75426,0.537165
1.7571,0.537168
1.75994,0.53717
1.76278,0.537172
1.76563,0.537174
1.76847,0.537176
1.77131,0.537178
1.77415,0.53718
1.77699,0.537181
1.77983,0.537183
1.78267,0.537184
1.78551,0.537185
1.78835,0.537187
1.79119,0.537188
1.79403,0.537189
1.79688,0.53719
1.79972,0.537191
1.80256,0.537192
1.8054,0.537193
1.80824,0.537194
1.81108,0.537195
1.81392,0.537196
1.81676,0.537196
1.8196,0.537197
1.82244,0.537198
1.82528,0.537198
1.82813,0.537199
1.83097,0.537199
1.83381,0.5372
1.83665,0.5372
1.83949,0.537201
1.84233,0.537201
1.84517,0.537202
1.84801,0.537202
1.85085,0.537202
1.85369,0.537203
1.85653,0.537203
1.85938,0.537203
1.86222,0.537204
1.86506,0.537204
1.8679,0.537204
1.87074,0.537204
1.87358,0.537205
1.87642,0.537205
1.87926,0.537205
1.8821,0.537205
1.88494,0.537205
1.88778,0.537205
1.89063,0.537206
1.89347,0.537206
1.89631,0.537206
1.89915,0.537206
1.90199,0.537206
1.90483,0.537206
1.90767,0.537206
1.91051,0.537206
1.91335,0.537207
1.91619,0.537207
1.91903,0.537207
1.92188,0.537207
1.92472,0.537207
1.92756,0.537207
1.9304,0.537207
1.93324,0.537207
1.93608,0.537207
1.93892,0.537207
1.94176,0.537207
1.9446,0.537207
1.94744,0.537207
1.95028,0.537207
1.95313,0.537207
1.95597,0.537207
1.95881,0.537207
1.96165,0.537207
1.96449,0.537207
1.96733,0.537207
1.97017,0.537208
1.97301,0.537208
1.97585,0.537208
1.97869,0.537208
1.98153,0.537208
1.98438,0.537208
1.98722,0.537208
1.99006,0.537208
1.9929,0.537208
1.99574,0.537208
1.99858,0.537208
