0.00154799,0
0.00464396,1.38817e-08
0.00773994,2.88734e-08
0.0108359,4.50598e-08
0.0139319,6.2532e-08
0.0170279,8.13877e-08
0.0201238,1.01732e-07
0.0232198,1.23676e-07
0.0263158,1.4734e-07
0.0294118,1.72854e-07
0.0325077,2.00355e-07
0.0356037,2.29991e-07
0.0386997,2.6192e-07
0.0417957,2.96311e-07
0.0448916,3.33346e-07
0.0479876,3.73217e-07
0.0510836,4.16131e-07
0.0541796,4.62311e-07
0.0572755,5.11992e-07
0.0603715,5.65427e-07
0.0634675,6.22887e-07
0.0665635,6.84659e-07
0.0696594,7.5105e-07
0.0727554,8.22391e-07
0.0758514,8.9903e-07
0.0789474,9.81342e-07
0.0820433,1.06973e-06
0.0851393,1.16461e-06
0.0882353,1.26644e-06
0.0913313,1.3757e-06
0.0944272,1.49291e-06
0.0975232,1.61861e-06
0.100619,1.7534e-06
0.103715,1.89788e-06
0.106811,2.05272e-06
0.109907,2.21863e-06
0.113003,2.39635e-06
0.116099,2.58667e-06
0.119195,2.79045e-06
0.122291,3.00858e-06
0.125387,3.24201e-06
0.128483,3.49176e-06
0.131579,3.75891e-06
0.134675,4.0446e-06
0.137771,4.35004e-06
0.140867,4.67652e-06
0.143963,5.02541e-06
0.147059,5.39815e-06
0.150155,5.79628e-06
0.153251,6.22143e-06
0.156347,6.67532e-06
0.159443,7.15978e-06
0.162539,7.67675e-06
0.165635,8.22826e-06
0.168731,8.8165e-06
0.171827,9.44376e-06
0.174923,1.01125e-05
0.178019,1.08252e-05
0.181115,1.15846e-05
0.184211,1.23936e-05
0.187307,1.32553e-05
0.190402,1.41728e-05
0.193498,1.51495e-05
0.196594,1.6189e-05
0.19969,1.7295e-05
0.202786,1.84716e-05
0.205882,1.97229e-05
0.208978,2.10534e-05
0.212074,2.24678e-05
0.21517,2.39708e-05
0.218266,2.55679e-05
0.221362,2.72643e-05
0.224458,2.90659e-05
0.227554,3.09787e-05
0.23065,3.30091e-05
0.233746,3.51639e-05
0.236842,3.745e-05
0.239938,3.9875e-05
0.243034,4.24466e-05
0.24613,4.5173e-05
0.249226,4.80629e-05
0.252322,5.11253e-05
0.255418,5.43698e-05
0.258514,5.78063e-05
0.26161,6.14454e-05
0.264706,6.52981e-05
0.267802,6.93759e-05
0.270898,7.3691e-05
0.273994,7.8256e-05
0.27709,8.30843e-05
0.280186,8.81899e-05
0.283282,9.35873e-05
0.286378,9.9292e-05
0.289474,0.00010532
0.29257,0.000111688
0.295666,0.000118413
0.298762,0.000125515
0.301858,0.000133011
0.304954,0.000140923
0.30805,0.000149271
0.311146,0.000158078
0.314241,0.000167365
0.317337,0.000177158
0.320433,0.000187481
0.323529,0.00019836
0.326625,0.000209822
0.329721,0.000221896
0.332817,0.000234612
0.335913,0.000248
0.339009,0.000262092
0.342105,0.000276922
0.345201,0.000292525
0.348297,0.000308938
0.351393,0.000326197
0.354489,0.000344343
0.357585,0.000363416
0.360681,0.000383459
0.363777,0.000404516
0.366873,0.000426634
0.369969,0.000449859
0.373065,0.000474242
0.376161,0.000499835
0.379257,0.00052669
0.382353,0.000554864
0.385449,0.000584413
0.388545,0.000615399
0.391641,0.000647882
0.394737,0.000681928
0.397833,0.000717602
0.400929,0.000754973
0.404025,0.000794114
0.407121,0.000835097
0.410217,0.000878
0.413313,0.000922901
0.416409,0.000969882
0.419505,0.00101903
0.422601,0.00107043
0.425697,0.00112417
0.428793,0.00118035
0.431889,0.00123906
0.434985,0.0013004
0.43808,0.00136447
0.441176,0.00143139
0.444272,0.00150125
0.447368,0.00157418
0.450464,0.00165029
0.45356,0.00172969
0.456656,0.00181251
0.459752,0.00189888
0.462848,0.00198893
0.465944,0.00208279
0.46904,0.0021806
0.472136,0.0022825
0.475232,0.00238863
0.478328,0.00249916
0.481424,0.00261422
0.48452,0.00273398
0.487616,0.0028586
0.490712,0.00298825
0.493808,0.00312309
0.496904,0.0032633
0.5,0.00340907
0.503096,0.00356056
0.506192,0.00371798
0.509288,0.00388151
0.512384,0.00405136
0.51548,0.00422771
0.518576,0.00441078
0.521672,0.00460078
0.524768,0.00479792
0.527864,0.00500242
0.53096,0.00521451
0.534056,0.00543441
0.537152,0.00566236
0.540248,0.0058986
0.543344,0.00614337
0.54644,0.00639691
0.549536,0.00665948
0.552632,0.00693133
0.555728,0.00721272
0.558824,0.00750393
0.56192,0.00780521
0.565015,0.00811685
0.568111,0.00843912
0.571207,0.00877231
0.574303,0.0091167
0.577399,0.00947258
0.580495,0.00984025
0.583591,0.01022
0.586687,0.0106122
0.589783,0.011017
0.592879,0.0114349
0.595975,0.0118661
0.599071,0.0123109
0.602167,0.0127697
0.605263,0.0132428
0.608359,0.0137305
0.611455,0.0142331
0.614551,0.014751
0.617647,0.0152846
0.620743,0.0158341
0.623839,0.0163999
0.626935,0.0169824
0.630031,0.0175819
0.633127,0.0181987
0.636223,0.0188331
0.639319,0.0194857
0.642415,0.0201566
0.645511,0.0208463
0.648607,0.021555
0.651703,0.0222832
0.654799,0.0230313
0.657895,0.0237995
0.660991,0.0245882
0.664087,0.0253977
0.667183,0.0262285
0.670279,0.0270809
0.673375,0.0279552
0.676471,0.0288518
0.679567,0.029771
0.682663,0.0307132
0.685759,0.0316787
0.688854,0.0326679
0.69195,0.033681
0.695046,0.0347185
0.698142,0.0357806
0.701238,0.0368677
0.704334,0.03798
0.70743,0.039118
0.710526,0.040282
0.713622,0.0414721
0.716718,0.0426888
0.719814,0.0439323
0.72291,0.0452029
0.726006,0.0465009
0.729102,0.0478266
0.732198,0.0491802
0.735294,0.0505619
0.73839,0.0519721
0.741486,0.053411
0.744582,0.0548788
0.747678,0.0563757
0.750774,0.057902
0.75387,0.0594577
0.756966,0.0610433
0.760062,0.0626587
0.763158,0.0643042
0.766254,0.06598
0.76935,0.0676861
0.772446,0.0694228
0.775542,0.0711901
0.778638,0.0729882
0.781734,0.0748171
0.78483,0.076677
0.787926,0.0785679
0.791022,0.0804898
0.794118,0.0824428
0.797214,0.084427
0.80031,0.0864423
0.803406,0.0884888
0.806502,0.0905664
0.809598,0.0926751
0.812693,0.0948148
0.815789,0.0969856
0.818885,0.0991872
0.821981,0.10142
0.825077,0.103683
0.828173,0.105977
0.831269,0.108301
0.834365,0.110655
0.837461,0.11304
0.840557,0.115454
0.843653,0.117898
0.846749,0.120372
0.849845,0.122874
0.852941,0.125406
0.856037,0.127967
0.859133,0.130555
0.862229,0.133172
0.865325,0.135817
0.868421,0.138489
0.871517,0.141188
0.874613,0.143914
0.877709,0.146665
0.880805,0.149443
0.883901,0.152246
0.886997,0.155074
0.890093,0.157927
0.893189,0.160804
0.896285,0.163704
0.899381,0.166627
0.902477,0.169573
0.905573,0.17254
0.908669,0.17553
0.911765,0.178539
0.914861,0.18157
0.917957,0.184619
0.921053,0.187688
0.924149,0.190776
0.927245,0.193881
0.930341,0.197003
0.933437,0.200142
0.936533,0.203297
0.939628,0.206467
0.942724,0.209651
0.94582,0.212849
0.948916,0.21606
0.952012,0.219283
0.955108,0.222518
0.958204,0.225764
0.9613,0.22902
0.964396,0.232286
0.967492,0.23556
0.970588,0.238842
0.973684,0.242131
0.97678,0.245426
0.979876,0.248727
0.982972,0.252032
0.986068,0.255342
0.989164,0.258655
0.99226,0.26197
0.995356,0.265286
0.998452,0.268604
1.00155,0.271921
1.00464,0.275238
1.00774,0.278553
1.01084,0.281866
1.01393,0.285175
1.01703,0.288481
1.02012,0.291782
1.02322,0.295077
1.02632,0.298366
1.02941,0.301648
1.03251,0.304922
1.0356,0.308187
1.0387,0.311443
1.0418,0.314689
1.04489,0.317924
1.04799,0.321148
1.05108,0.324359
1.05418,0.327557
1.05728,0.330741
1.06037,0.333911
1.06347,0.337066
1.06656,0.340204
1.06966,0.343327
1.07276,0.346432
1.07585,0.349519
1.07895,0.352588
1.08204,0.355638
1.08514,0.358668
1.08824,0.361678
1.09133,0.364667
1.09443,0.367635
1.09752,0.370581
1.10062,0.373504
1.10372,0.376404
1.10681,0.379281
1.10991,0.382133
1.113,0.384961
1.1161,0.387765
1.1192,0.390542
1.12229,0.393294
1.12539,0.39602
1.12848,0.398719
1.13158,0.401391
1.13467,0.404035
1.13777,0.406652
1.14087,0.409241
1.14396,0.411801
1.14706,0.414333
1.15015,0.416836
1.15325,0.41931
1.15635,0.421754
1.15944,0.424168
1.16254,0.426553
1.16563,0.428907
1.16873,0.431231
1.17183,0.433525
1.17492,0.435788
1.17802,0.43802
1.18111,0.440222
1.18421,0.442393
1.18731,0.444533
1.1904,0.446641
1.1935,0.448719
1.19659,0.450765
1.19969,0.452781
1.20279,0.454765
1.20588,0.456718
1.20898,0.45864
1.21207,0.460531
1.21517,0.462391
1.21827,0.464219
1.22136,0.466018
1.22446,0.467785
1.22755,0.469522
1.23065,0.471228
1.23375,0.472903
1.23684,0.474549
1.23994,0.476164
1.24303,0.47775
1.24613,0.479306
1.24923,0.480832
1.25232,0.482329
1.25542,0.483797
1.25851,0.485236
1.26161,0.486646
1.26471,0.488028
1.2678,0.489381
1.2709,0.490707
1.27399,0.492005
1.27709,0.493275
1.28019,0.494519
1.28328,0.495736
1.28638,0.496926
1.28947,0.49809
1.29257,0.499228
1.29567,0.50034
1.29876,0.501427
1.30186,0.502489
1.30495,0.503527
1.30805,0.50454
1.31115,0.505529
1.31424,0.506494
1.31734,0.507437
1.32043,0.508356
1.32353,0.509252
1.32663,0.510127
1.32972,0.510979
1.33282,0.51181
1.33591,0.512619
1.33901,0.513408
1.34211,0.514176
1.3452,0.514924
1.3483,0.515653
1.35139,0.516361
1.35449,0.517051
1.35759,0.517722
1.36068,0.518375
1.36378,0.519009
1.36687,0.519626
1.36997,0.520225
1.37307,0.520808
1.37616,0.521374
1.37926,0.521923
1.38235,0.522457
1.38545,0.522975
1.38854,0.523477
1.39164,0.523965
1.39474,0.524438
1.39783,0.524897
1.40093,0.525342
1.40402,0.525773
1.40712,0.526191
1.41022,0.526596
1.41331,0.526988
1.41641,0.527367
1.4195,0.527735
1.4226,0.528091
1.4257,0.528435
1.42879,0.528769
1.43189,0.529091
1.43498,0.529402
1.43808,0.529704
1.44118,0.529995
1.44427,0.530276
1.44737,0.530548
1.45046,0.530811
1.45356,0.531064
1.45666,0.531309
1.45975,0.531545
1.46285,0.531773
1.46594,0.531993
1.46904,0.532205
1.47214,0.53241
1.47523,0.532607
1.47833,0.532797
1.48142,0.53298
1.48452,0.533156
1.48762,0.533326
1.49071,0.53349
1.49381,0.533647
1.4969,0.533799
1.5,0.533944
1.5031,0.534085
1.50619,0.534219
1.50929,0.534349
1.51238,0.534474
1.51548,0.534593
1.51858,0.534709
1.52167,0.534819
1.52477,0.534925
1.52786,0.535027
1.53096,0.535125
1.53406,0.535219
1.53715,0.535309
1.54025,0.535395
1.54334,0.535478
1.54644,0.535557
1.54954,0.535633
1.55263,0.535706
1.55573,0.535776
1.55882,0.535843
1.56192,0.535907
1.56502,0.535969
1.56811,0.536027
1.57121,0.536083
1.5743,0.536137
1.5774,0.536189
1.5805,0.536238
1.58359,0.536285
1.58669,0.53633
1.58978,0.536373
1.59288,0.536414
1.59598,0.536453
1.59907,0.53649
1.60217,0.536526
1.60526,0.53656
1.60836,0.536592
1.61146,0.536623
1.61455,0.536653
1.61765,0.536681
1.62074,0.536708
1.62384,0.536733
1.62693,0.536758
1.63003,0.536781
1.63313,0.536803
1.63622,0.536824
1.63932,0.536844
1.64241,0.536863
1.64551,0.536881
1.64861,0.536899
1.6517,0.536915
1.6548,0.536931
1.65789,0.536946
1.66099,0.53696
1.66409,0.536973
1.66718,0.536986
1.67028,0.536998
1.67337,0.537009
1.67647,0.53702
1.67957,0.537031
1.68266,0.53704
1.68576,0.53705
1.68885,0.537058
1.69195,0.537067
1.69505,0.537075
1.69814,0.537082
1.70124,0.537089
1.70433,0.537096
1.70743,0.537102
1.71053,0.537108
1.71362,0.537114
1.71672,0.537119
1.71981,0.537125
1.72291,0.537129
1.72601,0.537134
1.7291,0.537138
1.7322,0.537142
1.73529,0.537146
1.73839,0.53715
1.74149,0.537153
1.74458,0.537157
1.74768,0.53716
1.75077,0.537162
1.75387,0.537165
1.75697,0.537168
1.76006,0.53717
1.76316,0.537172
1.76625,0.537175
1.76935,0.537177
1.77245,0.537179
1.77554,0.53718
1.77864,0.537182
1.78173,0.537184
1.78483,0.537185
1.78793,0.537187
1.79102,0.537188
1.79412,0.537189
1.79721,0.53719
1.80031,0.537191
1.80341,0.537193
1.8065,0.537193
1.8096,0.537194
1.81269,0.537195
1.81579,0.537196
1.81889,0.537197
1.82198,0.537198
1.82508,0.537198
1.82817,0.537199
1.83127,0.537199
1.83437,0.5372
1.83746,0.537201
1.84056,0.537201
1.84365,0.537201
1.84675,0.537202
1.84985,0.537202
1.85294,0.537203
1.85604,0.537203
1.85913,0.537203
1.86223,0.537204
1.86533,0.537204
1.86842,0.537204
1.87152,0.537204
1.87461,0.537205
1.87771,0.537205
1.8808,0.537205
1.8839,0.537205
1.887,0.537205
1.89009,0.537206
1.89319,0.537206
1.89628,0.537206
1.89938,0.537206
1.90248,0.537206
1.90557,0.537206
1.90867,0.537206
1.91176,0.537206
1.91486,0.537207
1.91796,0.537207
1.92105,0.537207
1.92415,0.537207
1.92724,0.537207
1.93034,0.537207
1.93344,0.537207
1.93653,0.537207
1.93963,0.537207
1.94272,0.537207
1.94582,0.537207
1.94892,0.537207
1.95201,0.537207
1.95511,0.537207
1.9582,0.537207
1.9613,0.537207
1.9644,0.537207
1.96749,0.537207
1.97059,0.537208
1.97368,0.537208
1.97678,0.537208
1.97988,0.537208
1.98297,0.537208
1.98607,0.537208
1.98916,0.537208
1.99226,0.537208
1.99536,0.537208
1.99845,0.537208
