0.00138889,0
0.00416667,1.23079e-08
0.00694444,2.54958e-08
0.00972222,3.96239e-08
0.0125,5.47563e-08
0.0152778,7.09613e-08
0.0180556,8.83115e-08
0.0208333,1.06884e-07
0.0236111,1.26762e-07
0.0263889,1.48032e-07
0.0291667,1.70788e-07
0.0319444,1.95129e-07
0.0347222,2.21159e-07
0.0375,2.48992e-07
0.0402778,2.78746e-07
0.0430556,3.10547e-07
0.0458333,3.44531e-07
0.0486111,3.80838e-07
0.0513889,4.19622e-07
0.0541667,4.61043e-07
0.0569444,5.05271e-07
0.0597222,5.52489e-07
0.0625,6.02887e-07
0.0652778,6.56671e-07
0.0680556,7.14056e-07
0.0708333,7.75272e-07
0.0736111,8.40562e-07
0.0763889,9.10183e-07
0.0791667,9.8441e-07
0.0819444,1.06353e-06
0.0847222,1.14785e-06
0.0875,1.2377e-06
0.0902778,1.33341e-06
0.0930556,1.43535e-06
0.0958333,1.54392e-06
0.0986111,1.6595e-06
0.101389,1.78254e-06
0.104167,1.91349e-06
0.106944,2.05284e-06
0.109722,2.20108e-06
0.1125,2.35877e-06
0.115278,2.52646e-06
0.118056,2.70476e-06
0.120833,2.8943e-06
0.123611,3.09576e-06
0.126389,3.30983e-06
0.129167,3.53728e-06
0.131944,3.77888e-06
0.134722,4.03547e-06
0.1375,4.30792e-06
0.140278,4.59716e-06
0.143056,4.90417e-06
0.145833,5.22997e-06
0.148611,5.57564e-06
0.151389,5.94234e-06
0.154167,6.33125e-06
0.156944,6.74366e-06
0.159722,7.18089e-06
0.1625,7.64435e-06
0.165278,8.13551e-06
0.168056,8.65593e-06
0.170833,9.20726e-06
0.173611,9.79121e-06
0.176389,1.04096e-05
0.179167,1.10643e-05
0.181944,1.17574e-05
0.184722,1.24908e-05
0.1875,1.3267e-05
0.190278,1.40881e-05
0.193056,1.49566e-05
0.195833,1.58751e-05
0.198611,1.68463e-05
0.201389,1.78729e-05
0.204167,1.8958e-05
0.206944,2.01046e-05
0.209722,2.13161e-05
0.2125,2.25957e-05
0.215278,2.39471e-05
0.218056,2.53741e-05
0.220833,2.68806e-05
0.223611,2.84707e-05
0.226389,3.01487e-05
0.229167,3.19192e-05
0.231944,3.37868e-05
0.234722,3.57566e-05
0.2375,3.78336e-05
0.240278,4.00234e-05
0.243056,4.23317e-05
0.245833,4.47642e-05
0.248611,4.73273e-05
0.251389,5.00275e-05
0.254167,5.28714e-05
0.256944,5.58663e-05
0.259722,5.90194e-05
0.2625,6.23385e-05
0.265278,6.58318e-05
0.268056,6.95075e-05
0.270833,7.33745e-05
0.273611,7.7442e-05
0.276389,8.17195e-05
0.279167,8.62171e-05
0.281944,9.0945e-05
0.284722,9.59142e-05
0.2875,0.000101136
0.290278,0.000106622
0.293056,0.000112385
0.295833,0.000118437
0.298611,0.000124792
0.301389,0.000131463
0.304167,0.000138465
0.306944,0.000145813
0.309722,0.000153523
0.3125,0.000161611
0.315278,0.000170093
0.318056,0.000178988
0.320833,0.000188313
0.323611,0.000198087
0.326389,0.00020833
0.329167,0.000219063
0.331944,0.000230307
0.334722,0.000242083
0.3375,0.000254416
0.340278,0.000267327
0.343056,0.000280843
0.345833,0.000294988
0.348611,0.000309789
0.351389,0.000325273
0.354167,0.000341469
0.356944,0.000358407
0.359722,0.000376116
0.3625,0.000394629
0.365278,0.000413978
0.368056,0.000434196
0.370833,0.00045532
0.373611,0.000477385
0.376389,0.000500429
0.379167,0.000524491
0.381944,0.00054961
0.384722,0.000575828
0.3875,0.000603188
0.390278,0.000631734
0.393056,0.000661512
0.395833,0.000692569
0.398611,0.000724953
0.401389,0.000758715
0.404167,0.000793907
0.406944,0.000830583
0.409722,0.000868796
0.4125,0.000908605
0.415278,0.000950067
0.418056,0.000993243
0.420833,0.0010382
0.423611,0.00108499
0.426389,0.00113369
0.429167,0.00118436
0.431944,0.00123708
0.434722,0.00129191
0.4375,0.00134894
0.440278,0.00140822
0.443056,0.00146986
0.445833,0.00153392
0.448611,0.00160048
0.451389,0.00166963
0.454167,0.00174147
0.456944,0.00181607
0.459722,0.00189353
0.4625,0.00197395
0.465278,0.00205741
0.468056,0.00214403
0.470833,0.0022339
0.473611,0.00232712
0.476389,0.0024238
0.479167,0.00252405
0.481944,0.00262799
0.484722,0.00273572
0.4875,0.00284736
0.490278,0.00296304
0.493056,0.00308288
0.495833,0.003207
0.498611,0.00333553
0.501389,0.0034686
0.504167,0.00360634
0.506944,0.0037489
0.509722,0.00389641
0.5125,0.00404901
0.515278,0.00420685
0.518056,0.00437008
0.520833,0.00453885
0.523611,0.00471331
0.526389,0.00489362
0.529167,0.00507995
0.531944,0.00527244
0.534722,0.00547128
0.5375,0.00567663
0.540278,0.00588866
0.543056,0.00610755
0.545833,0.00633347
0.548611,0.00656661
0.551389,0.00680715
0.554167,0.00705528
0.556944,0.00731118
0.559722,0.00757506
0.5625,0.0078471
0.565278,0.00812751
0.568056,0.00841648
0.570833,0.00871423
0.573611,0.00902095
0.576389,0.00933686
0.579167,0.00966217
0.581944,0.00999709
0.584722,0.0103419
0.5875,0.0106967
0.590278,0.0110617
0.593056,0.0114373
0.595833,0.0118236
0.598611,0.0122209
0.601389,0.0126294
0.604167,0.0130493
0.606944,0.0134808
0.609722,0.0139243
0.6125,0.0143798
0.615278,0.0148478
0.618056,0.0153284
0.620833,0.0158219
0.623611,0.0163284
0.626389,0.0168484
0.629167,0.0173819
0.631944,0.0179294
0.634722,0.0184909
0.6375,0.0190668
0.640278,0.0196574
0.643056,0.0202628
0.645833,0.0208833
0.648611,0.0215193
0.651389,0.0221709
0.654167,0.0228384
0.656944,0.023522
0.659722,0.0242221
0.6625,0.0249388
0.665278,0.0256725
0.668056,0.0264233
0.670833,0.0271916
0.673611,0.0279776
0.676389,0.0287815
0.679167,0.0296036
0.681944,0.0304441
0.684722,0.0313033
0.6875,0.0321815
0.690278,0.0330788
0.693056,0.0339956
0.695833,0.034932
0.698611,0.0358884
0.701389,0.0368648
0.704167,0.0378616
0.706944,0.038879
0.709722,0.0399173
0.7125,0.0409765
0.715278,0.0420571
0.718056,0.0431591
0.720833,0.0442827
0.723611,0.0454283
0.726389,0.0465959
0.729167,0.0477859
0.731944,0.0489983
0.734722,0.0502334
0.7375,0.0514913
0.740278,0.0527722
0.743056,0.0540763
0.745833,0.0554038
0.748611,0.0567548
0.751389,0.0581294
0.754167,0.0595278
0.756944,0.0609502
0.759722,0.0623967
0.7625,0.0638673
0.765278,0.0653623
0.768056,0.0668816
0.770833,0.0684255
0.773611,0.0699941
0.776389,0.0715873
0.779167,0.0732053
0.781944,0.0748481
0.784722,0.0765159
0.7875,0.0782086
0.790278,0.0799263
0.793056,0.081669
0.795833,0.0834368
0.798611,0.0852297
0.801389,0.0870476
0.804167,0.0888906
0.806944,0.0907587
0.809722,0.0926517
0.8125,0.0945698
0.815278,0.0965129
0.818056,0.0984808
0.820833,0.100474
0.823611,0.102491
0.826389,0.104533
0.829167,0.1066
0.831944,0.108691
0.834722,0.110807
0.8375,0.112947
0.840278,0.11511
0.843056,0.117298
0.845833,0.11951
0.848611,0.121745
0.851389,0.124003
0.854167,0.126285
0.856944,0.12859
0.859722,0.130917
0.8625,0.133268
0.865278,0.13564
0.868056,0.138034
0.870833,0.140451
0.873611,0.142889
0.876389,0.145348
0.879167,0.147828
0.881944,0.150328
0.884722,0.152849
0.8875,0.15539
0.890278,0.157951
0.893056,0.160531
0.895833,0.16313
0.898611,0.165748
0.901389,0.168384
0.904167,0.171038
0.906944,0.173709
0.909722,0.176397
0.9125,0.179102
0.915278,0.181823
0.918056,0.18456
0.920833,0.187312
0.923611,0.19008
0.926389,0.192861
0.929167,0.195657
0.931944,0.198466
0.934722,0.201288
0.9375,0.204123
0.940278,0.20697
0.943056,0.209828
0.945833,0.212698
0.948611,0.215578
0.951389,0.218468
0.954167,0.221367
0.956944,0.224275
0.959722,0.227192
0.9625,0.230117
0.965278,0.233049
0.968056,0.235988
0.970833,0.238933
0.973611,0.241884
0.976389,0.24484
0.979167,0.2478
0.981944,0.250765
0.984722,0.253733
0.9875,0.256703
0.990278,0.259677
0.993056,0.262651
0.995833,0.265627
0.998611,0.268604
1.00139,0.27158
1.00417,0.274556
1.00694,0.277531
1.00972,0.280504
1.0125,0.283475
1.01528,0.286443
1.01806,0.289407
1.02083,0.292368
1.02361,0.295324
1.02639,0.298275
1.02917,0.30122
1.03194,0.304159
1.03472,0.307091
1.0375,0.310015
1.04028,0.312932
1.04306,0.315841
1.04583,0.31874
1.04861,0.32163
1.05139,0.32451
1.05417,0.327379
1.05694,0.330238
1.05972,0.333085
1.0625,0.335919
1.06528,0.338742
1.06806,0.341551
1.07083,0.344346
1.07361,0.347128
1.07639,0.349895
1.07917,0.352648
1.08194,0.355384
1.08472,0.358106
1.0875,0.360811
1.09028,0.363499
1.09306,0.36617
1.09583,0.368824
1.09861,0.37146
1.10139,0.374077
1.10417,0.376676
1.10694,0.379257
1.10972,0.381817
1.1125,0.384358
1.11528,0.386879
1.11806,0.38938
1.12083,0.39186
1.12361,0.394319
1.12639,0.396757
1.12917,0.399173
1.13194,0.401568
1.13472,0.40394
1.1375,0.40629
1.14028,0.408618
1.14306,0.410923
1.14583,0.413204
1.14861,0.415463
1.15139,0.417698
1.15417,0.419909
1.15694,0.422097
1.15972,0.424261
1.1625,0.426401
1.16528,0.428516
1.16806,0.430608
1.17083,0.432674
1.17361,0.434717
1.17639,0.436734
1.17917,0.438727
1.18194,0.440695
1.18472,0.442638
1.1875,0.444556
1.19028,0.446449
1.19306,0.448317
1.19583,0.45016
1.19861,0.451978
1.20139,0.453771
1.20417,0.455539
1.20694,0.457281
1.20972,0.458999
1.2125,0.460692
1.21528,0.46236
1.21806,0.464002
1.22083,0.46562
1.22361,0.467214
1.22639,0.468782
1.22917,0.470326
1.23194,0.471845
1.23472,0.47334
1.2375,0.474811
1.24028,0.476257
1.24306,0.47768
1.24583,0.479078
1.24861,0.480453
1.25139,0.481804
1.25417,0.483131
1.25694,0.484435
1.25972,0.485716
1.2625,0.486974
1.26528,0.488209
1.26806,0.489422
1.27083,0.490612
1.27361,0.491779
1.27639,0.492925
1.27917,0.494049
1.28194,0.495151
1.28472,0.496231
1.2875,0.49729
1.29028,0.498329
1.29306,0.499346
1.29583,0.500343
1.29861,0.501319
1.30139,0.502276
1.30417,0.503212
1.30694,0.504129
1.30972,0.505026
1.3125,0.505904
1.31528,0.506764
1.31806,0.507604
1.32083,0.508426
1.32361,0.50923
1.32639,0.510016
1.32917,0.510784
1.33194,0.511535
1.33472,0.512269
1.3375,0.512986
1.34028,0.513686
1.34306,0.514369
1.34583,0.515037
1.34861,0.515688
1.35139,0.516324
1.35417,0.516945
1.35694,0.51755
1.35972,0.518141
1.3625,0.518717
1.36528,0.519278
1.36806,0.519826
1.37083,0.520359
1.37361,0.520879
1.37639,0.521386
1.37917,0.521879
1.38194,0.52236
1.38472,0.522828
1.3875,0.523283
1.39028,0.523727
1.39306,0.524158
1.39583,0.524578
1.39861,0.524987
1.40139,0.525384
1.40417,0.52577
1.40694,0.526146
1.40972,0.526511
1.4125,0.526866
1.41528,0.527211
1.41806,0.527545
1.42083,0.527871
1.42361,0.528187
1.42639,0.528493
1.42917,0.528791
1.43194,0.52908
1.43472,0.529361
1.4375,0.529633
1.44028,0.529896
1.44306,0.530152
1.44583,0.530401
1.44861,0.530641
1.45139,0.530874
1.45417,0.5311
1.45694,0.531319
1.45972,0.531531
1.4625,0.531736
1.46528,0.531935
1.46806,0.532128
1.47083,0.532314
1.47361,0.532494
1.47639,0.532669
1.47917,0.532838
1.48194,0.533001
1.48472,0.533159
1.4875,0.533311
1.49028,0.533459
1.49306,0.533601
1.49583,0.533739
1.49861,0.533872
1.50139,0.534001
1.50417,0.534125
1.50694,0.534245
1.50972,0.53436
1.5125,0.534472
1.51528,0.53458
1.51806,0.534684
1.52083,0.534784
1.52361,0.534881
1.52639,0.534974
1.52917,0.535064
1.53194,0.53515
1.53472,0.535234
1.5375,0.535314
1.54028,0.535392
1.54306,0.535466
1.54583,0.535538
1.54861,0.535607
1.55139,0.535674
1.55417,0.535738
1.55694,0.535799
1.55972,0.535859
1.5625,0.535916
1.56528,0.535971
1.56806,0.536023
1.57083,0.536074
1.57361,0.536123
1.57639,0.536169
1.57917,0.536214
1.58194,0.536258
1.58472,0.536299
1.5875,0.536339
1.59028,0.536377
1.59306,0.536414
1.59583,0.536449
1.59861,0.536483
1.60139,0.536515
1.60417,0.536546
1.60694,0.536576
1.60972,0.536604
1.6125,0.536632
1.61528,0.536658
1.61806,0.536683
1.62083,0.536707
1.62361,0.53673
1.62639,0.536752
1.62917,0.536773
1.63194,0.536794
1.63472,0.536813
1.6375,0.536832
1.64028,0.536849
1.64306,0.536866
1.64583,0.536882
1.64861,0.536898
1.65139,0.536913
1.65417,0.536927
1.65694,0.53694
1.65972,0.536953
1.6625,0.536966
1.66528,0.536977
1.66806,0.536989
1.67083,0.536999
1.67361,0.53701
1.67639,0.537019
1.67917,0.537029
1.68194,0.537038
1.68472,0.537046
1.6875,0.537054
1.69028,0.537062
1.69306,0.537069
1.69583,0.537076
1.69861,0.537083
1.70139,0.537089
1.70417,0.537095
1.70694,0.537101
1.70972,0.537107
1.7125,0.537112
1.71528,0.537117
1.71806,0.537121
1.72083,0.537126
1.72361,0.53713
1.72639,0.537134
1.72917,0.537138
1.73194,0.537142
1.73472,0.537145
1.7375,0.537149
1.74028,0.537152
1.74306,0.537155
1.74583,0.537158
1.74861,0.53716
1.75139,0.537163
1.75417,0.537165
1.75694,0.537168
1.75972,0.53717
1.7625,0.537172
1.76528,0.537174
1.76806,0.537176
1.77083,0.537178
1.77361,0.537179
1.77639,0.537181
1.77917,0.537182
1.78194,0.537184
1.78472,0.537185
1.7875,0.537186
1.79028,0.537188
1.79306,0.537189
1.79583,0.53719
1.79861,0.537191
1.80139,0.537192
1.80417,0.537193
1.80694,0.537194
1.80972,0.537194
1.8125,0.537195
1.81528,0.537196
1.81806,0.537197
1.82083,0.537197
1.82361,0.537198
1.82639,0.537198
1.82917,0.537199
1.83194,0.5372
1.83472,0.5372
1.8375,0.5372
1.84028,0.537201
1.84306,0.537201
1.84583,0.537202
1.84861,0.537202
1.85139,0.537202
1.85417,0.537203
1.85694,0.537203
1.85972,0.537203
1.8625,0.537204
1.86528,0.537204
1.86806,0.537204
1.87083,0.537204
1.87361,0.537205
1.87639,0.537205
1.87917,0.537205
1.88194,0.537205
1.88472,0.537205
1.8875,0.537205
1.89028,0.537206
1.89306,0.537206
1.89583,0.537206
1.89861,0.537206
1.90139,0.537206
1.90417,0.537206
1.90694,0.537206
1.90972,0.537206
1.9125,0.537207
1.91528,0.537207
1.91806,0.537207
1.92083,0.537207
1.92361,0.537207
1.92639,0.537207
1.92917,0.537207
1.93194,0.537207
1.93472,0.537207
1.9375,0.537207
1.94028,0.537207
1.94306,0.537207
1.94583,0.537207
1.94861,0.537207
1.95139,0.537207
1.95417,0.537207
1.95694,0.537207
1.95972,0.537207
1.9625,0.537207
1.96528,0.537207
1.96806,0.537207
1.97083,0.537208
1.97361,0.537208
1.97639,0.537208
1.97917,0.537208
1.98194,0.537208
1.98472,0.537208
1.9875,0.537208
1.99028,0.537208
1.99306,0.537208
1.99583,0.537208
1.99861,0.537208
