0.00355872,0
0.0106762,3.70648e-08
0.0177936,8.12358e-08
0.024911,1.33809e-07
0.0320285,1.96303e-07
0.0391459,2.70497e-07
0.0462633,3.58469e-07
0.0533808,4.62646e-07
0.0604982,5.85856e-07
0.0676157,7.31393e-07
0.0747331,9.03085e-07
0.0818505,1.10538e-06
0.088968,1.34342e-06
0.0960854,1.62317e-06
0.103203,1.95154e-06
0.11032,2.33647e-06
0.117438,2.78714e-06
0.124555,3.31411e-06
0.131673,3.92951e-06
0.13879,4.64729e-06
0.145907,5.4834e-06
0.153025,6.45613e-06
0.160142,7.58636e-06
0.16726,8.89793e-06
0.174377,1.0418e-05
0.181495,1.21776e-05
0.188612,1.42117e-05
0.19573,1.65602e-05
0.202847,1.92684e-05
0.209964,2.23873e-05
0.217082,2.59746e-05
0.224199,3.00956e-05
0.231317,3.48237e-05
0.238434,4.02413e-05
0.245552,4.64411e-05
0.252669,5.35272e-05
0.259786,6.16161e-05
0.266904,7.08378e-05
0.274021,8.13377e-05
0.281139,9.32779e-05
0.288256,0.000106839
0.295374,0.000122221
0.302491,0.000139647
0.309609,0.000159363
0.316726,0.000181642
0.323843,0.000206785
0.330961,0.000235124
0.338078,0.000267027
0.345196,0.000302894
0.352313,0.000343168
0.359431,0.000388333
0.366548,0.000438918
0.373665,0.000495503
0.380783,0.00055872
0.3879,0.000629254
0.395018,0.000707856
0.402135,0.000795335
0.409253,0.000892572
0.41637,0.00100052
0.423488,0.0011202
0.430605,0.00125273
0.437722,0.0013993
0.44484,0.00156118
0.451957,0.00173977
0.459075,0.00193652
0.466192,0.00215301
0.47331,0.00239092
0.480427,0.00265204
0.487544,0.00293827
0.494662,0.00325163
0.501779,0.00359425
0.508897,0.0039684
0.516014,0.00437646
0.523132,0.00482093
0.530249,0.00530446
0.537367,0.00582981
0.544484,0.00639987
0.551601,0.00701767
0.558719,0.00768636
0.565836,0.00840921
0.572954,0.00918963
0.580071,0.0100311
0.587189,0.0109373
0.594306,0.011912
0.601423,0.0129589
0.608541,0.0140821
0.615658,0.0152856
0.622776,0.0165734
0.629893,0.0179498
0.637011,0.0194189
0.644128,0.020985
0.651246,0.0226525
0.658363,0.0244256
0.66548,0.0263086
0.672598,0.0283059
0.679715,0.0304216
0.686833,0.03266
0.69395,0.0350252
0.701068,0.0375211
0.708185,0.0401518
0.715302,0.0429209
0.72242,0.045832
0.729537,0.0488886
0.736655,0.0520938
0.743772,0.0554507
0.75089,0.058962
0.758007,0.0626301
0.765125,0.0664572
0.772242,0.070445
0.779359,0.0745952
0.786477,0.0789088
0.793594,0.0833866
0.800712,0.088029
0.807829,0.0928359
0.814947,0.0978069
0.822064,0.102941
0.829181,0.108237
0.836299,0.113693
0.843416,0.119307
0.850534,0.125075
0.857651,0.130995
0.864769,0.137064
0.871886,0.143276
0.879004,0.149627
0.886121,0.156113
0.893238,0.162727
0.900356,0.169464
0.907473,0.176316
0.914591,0.183279
0.921708,0.190343
0.928826,0.197502
0.935943,0.204747
0.94306,0.212071
0.950178,0.219465
0.957295,0.22692
0.964413,0.234427
0.97153,0.241977
0.978648,0.249561
0.985765,0.257168
0.992883,0.26479
1,0.272417
1.00712,0.280039
1.01423,0.287647
1.02135,0.29523
1.02847,0.30278
1.03559,0.310287
1.0427,0.317742
1.04982,0.325136
1.05694,0.33246
1.06406,0.339706
1.07117,0.346865
1.07829,0.353929
1.08541,0.360891
1.09253,0.367744
1.09964,0.374481
1.10676,0.381095
1.11388,0.38758
1.121,0.393932
1.12811,0.400144
1.13523,0.406212
1.14235,0.412132
1.14947,0.417901
1.15658,0.423515
1.1637,0.428971
1.17082,0.434267
1.17794,0.439401
1.18505,0.444372
1.19217,0.449179
1.19929,0.453821
1.20641,0.458299
1.21352,0.462612
1.22064,0.466763
1.22776,0.47075
1.23488,0.474578
1.24199,0.478246
1.24911,0.481757
1.25623,0.485114
1.26335,0.488319
1.27046,0.491376
1.27758,0.494287
1.2847,0.497056
1.29181,0.499687
1.29893,0.502182
1.30605,0.504548
1.31317,0.506786
1.32028,0.508902
1.3274,0.510899
1.33452,0.512782
1.34164,0.514555
1.34875,0.516223
1.35587,0.517789
1.36299,0.519258
1.37011,0.520634
1.37722,0.521922
1.38434,0.523125
1.39146,0.524249
1.39858,0.525296
1.40569,0.52627
1.41281,0.527177
1.41993,0.528018
1.42705,0.528798
1.43416,0.529521
1.44128,0.53019
1.4484,0.530808
1.45552,0.531378
1.46263,0.531903
1.46975,0.532387
1.47687,0.532831
1.48399,0.533239
1.4911,0.533613
1.49822,0.533956
1.50534,0.534269
1.51246,0.534556
1.51957,0.534817
1.52669,0.535055
1.53381,0.535271
1.54093,0.535468
1.54804,0.535646
1.55516,0.535808
1.56228,0.535955
1.5694,0.536087
1.57651,0.536207
1.58363,0.536315
1.59075,0.536412
1.59786,0.5365
1.60498,0.536578
1.6121,0.536649
1.61922,0.536712
1.62633,0.536769
1.63345,0.536819
1.64057,0.536864
1.64769,0.536905
1.6548,0.536941
1.66192,0.536973
1.66904,0.537001
1.67616,0.537026
1.68327,0.537048
1.69039,0.537068
1.69751,0.537085
1.70463,0.537101
1.71174,0.537114
1.71886,0.537126
1.72598,0.537137
1.7331,0.537146
1.74021,0.537154
1.74733,0.537161
1.75445,0.537167
1.76157,0.537173
1.76868,0.537178
1.7758,0.537182
1.78292,0.537185
1.79004,0.537188
1.79715,0.537191
1.80427,0.537193
1.81139,0.537195
1.81851,0.537197
1.82562,0.537199
1.83274,0.5372
1.83986,0.537201
1.84698,0.537202
1.85409,0.537203
1.86121,0.537204
1.86833,0.537204
1.87544,0.537205
1.88256,0.537205
1.88968,0.537206
1.8968,0.537206
1.90391,0.537206
1.91103,0.537207
1.91815,0.537207
1.92527,0.537207
1.93238,0.537207
1.9395,0.537207
1.94662,0.537207
1.95374,0.537207
1.96085,0.537207
1.96797,0.537207
1.97509,0.537208
1.98221,0.537208
1.98932,0.537208
1.99644,0.537208
