0.00126904,0
0.00380711,1.11456e-08
0.00634518,2.30174e-08
0.00888325,3.56609e-08
0.0114213,4.91239e-08
0.0139594,6.34573e-08
0.0164975,7.87149e-08
0.0190355,9.49537e-08
0.0215736,1.12234e-07
0.0241117,1.3062e-07
0.0266497,1.50178e-07
0.0291878,1.70981e-07
0.0317259,1.93104e-07
0.034264,2.16627e-07
0.036802,2.41634e-07
0.0393401,2.68215e-07
0.0418782,2.96464e-07
0.0444162,3.26482e-07
0.0469543,3.58374e-07
0.0494924,3.92251e-07
0.0520305,4.28231e-07
0.0545685,4.66439e-07
0.0571066,5.07005e-07
0.0596447,5.50069e-07
0.0621827,5.95778e-07
0.0647208,6.44285e-07
0.0672589,6.95753e-07
0.069797,7.50355e-07
0.072335,8.08272e-07
0.0748731,8.69696e-07
0.0774112,9.34828e-07
0.0799492,1.00388e-06
0.0824873,1.07708e-06
0.0850254,1.15466e-06
0.0875635,1.23687e-06
0.0901015,1.32398e-06
0.0926396,1.41625e-06
0.0951777,1.51398e-06
0.0977157,1.61748e-06
0.100254,1.72708e-06
0.102792,1.8431e-06
0.10533,1.9659e-06
0.107868,2.09587e-06
0.110406,2.2334e-06
0.112944,2.3789e-06
0.115482,2.53282e-06
0.11802,2.6956e-06
0.120558,2.86775e-06
0.123096,3.04975e-06
0.125635,3.24216e-06
0.128173,3.44553e-06
0.130711,3.66044e-06
0.133249,3.88753e-06
0.135787,4.12743e-06
0.138325,4.38084e-06
0.140863,4.64846e-06
0.143401,4.93106e-06
0.145939,5.22942e-06
0.148477,5.54436e-06
0.151015,5.87677e-06
0.153553,6.22754e-06
0.156091,6.59764e-06
0.158629,6.98807e-06
0.161168,7.39987e-06
0.163706,7.83415e-06
0.166244,8.29206e-06
0.168782,8.77481e-06
0.17132,9.28366e-06
0.173858,9.81995e-06
0.176396,1.0385e-05
0.178934,1.09804e-05
0.181472,1.16076e-05
0.18401,1.22681e-05
0.186548,1.29637e-05
0.189086,1.3696e-05
0.191624,1.4467e-05
0.194162,1.52785e-05
0.196701,1.61325e-05
0.199239,1.70311e-05
0.201777,1.79764e-05
0.204315,1.89708e-05
0.206853,2.00165e-05
0.209391,2.11162e-05
0.211929,2.22724e-05
0.214467,2.34877e-05
0.217005,2.4765e-05
0.219543,2.61073e-05
0.222081,2.75176e-05
0.224619,2.89992e-05
0.227157,3.05553e-05
0.229695,3.21896e-05
0.232234,3.39055e-05
0.234772,3.5707e-05
0.23731,3.7598e-05
0.239848,3.95825e-05
0.242386,4.1665e-05
0.244924,4.38498e-05
0.247462,4.61417e-05
0.25,4.85455e-05
0.252538,5.10662e-05
0.255076,5.37091e-05
0.257614,5.64798e-05
0.260152,5.93838e-05
0.26269,6.24272e-05
0.265228,6.56161e-05
0.267766,6.89569e-05
0.270305,7.24563e-05
0.272843,7.61213e-05
0.275381,7.9959e-05
0.277919,8.3977e-05
0.280457,8.8183e-05
0.282995,9.25851e-05
0.285533,9.71917e-05
0.288071,0.000102012
0.290609,0.000107054
0.293147,0.000112328
0.295685,0.000117843
0.298223,0.00012361
0.300761,0.000129639
0.303299,0.000135942
0.305838,0.000142528
0.308376,0.000149411
0.310914,0.000156601
0.313452,0.000164113
0.31599,0.000171958
0.318528,0.000180151
0.321066,0.000188705
0.323604,0.000197635
0.326142,0.000206955
0.32868,0.000216682
0.331218,0.000226832
0.333756,0.00023742
0.336294,0.000248465
0.338832,0.000259984
0.341371,0.000271996
0.343909,0.000284519
0.346447,0.000297574
0.348985,0.00031118
0.351523,0.000325359
0.354061,0.000340133
0.356599,0.000355523
0.359137,0.000371553
0.361675,0.000388247
0.364213,0.00040563
0.366751,0.000423727
0.369289,0.000442564
0.371827,0.000462169
0.374365,0.000482569
0.376904,0.000503794
0.379442,0.000525873
0.38198,0.000548837
0.384518,0.000572718
0.387056,0.000597547
0.389594,0.000623359
0.392132,0.000650189
0.39467,0.000678071
0.397208,0.000707042
0.399746,0.000737141
0.402284,0.000768405
0.404822,0.000800876
0.40736,0.000834594
0.409898,0.0008696
0.412437,0.00090594
0.414975,0.000943657
0.417513,0.000982797
0.420051,0.00102341
0.422589,0.00106554
0.425127,0.00110923
0.427665,0.00115455
0.430203,0.00120154
0.432741,0.00125026
0.435279,0.00130076
0.437817,0.00135309
0.440355,0.00140732
0.442893,0.00146351
0.445431,0.00152171
0.44797,0.001582
0.450508,0.00164443
0.453046,0.00170906
0.455584,0.00177598
0.458122,0.00184524
0.46066,0.00191692
0.463198,0.00199109
0.465736,0.00206782
0.468274,0.00214719
0.470812,0.00222928
0.47335,0.00231416
0.475888,0.00240192
0.478426,0.00249265
0.480964,0.00258641
0.483503,0.00268331
0.486041,0.00278343
0.488579,0.00288686
0.491117,0.00299369
0.493655,0.00310402
0.496193,0.00321795
0.498731,0.00333556
0.501269,0.00345696
0.503807,0.00358226
0.506345,0.00371156
0.508883,0.00384496
0.511421,0.00398257
0.513959,0.0041245
0.516497,0.00427086
0.519036,0.00442178
0.521574,0.00457735
0.524112,0.00473771
0.52665,0.00490298
0.529188,0.00507326
0.531726,0.0052487
0.534264,0.00542941
0.536802,0.00561553
0.53934,0.00580719
0.541878,0.00600451
0.544416,0.00620764
0.546954,0.00641671
0.549492,0.00663185
0.55203,0.00685322
0.554569,0.00708096
0.557107,0.0073152
0.559645,0.0075561
0.562183,0.0078038
0.564721,0.00805847
0.567259,0.00832024
0.569797,0.00858928
0.572335,0.00886574
0.574873,0.00914978
0.577411,0.00944157
0.579949,0.00974126
0.582487,0.010049
0.585025,0.010365
0.587563,0.0106894
0.590102,0.0110224
0.59264,0.0113641
0.595178,0.0117148
0.597716,0.0120745
0.600254,0.0124435
0.602792,0.012822
0.60533,0.0132101
0.607868,0.013608
0.610406,0.0140159
0.612944,0.0144339
0.615482,0.0148624
0.61802,0.0153013
0.620558,0.015751
0.623096,0.0162117
0.625635,0.0166834
0.628173,0.0171664
0.630711,0.017661
0.633249,0.0181672
0.635787,0.0186853
0.638325,0.0192154
0.640863,0.0197578
0.643401,0.0203127
0.645939,0.0208803
0.648477,0.0214606
0.651015,0.0220541
0.653553,0.0226607
0.656091,0.0232808
0.658629,0.0239145
0.661168,0.0245621
0.663706,0.0252237
0.666244,0.0258994
0.668782,0.0265896
0.67132,0.0272944
0.673858,0.028014
0.676396,0.0287486
0.678934,0.0294984
0.681472,0.0302635
0.68401,0.0310442
0.686548,0.0318406
0.689086,0.032653
0.691624,0.0334814
0.694162,0.0343262
0.696701,0.0351875
0.699239,0.0360654
0.701777,0.0369602
0.704315,0.037872
0.706853,0.038801
0.709391,0.0397473
0.711929,0.0407112
0.714467,0.0416928
0.717005,0.0426923
0.719543,0.0437098
0.722081,0.0447454
0.724619,0.0457994
0.727157,0.046872
0.729695,0.0479631
0.732234,0.049073
0.734772,0.0502019
0.73731,0.0513498
0.739848,0.0525169
0.742386,0.0537034
0.744924,0.0549093
0.747462,0.0561348
0.75,0.05738
0.752538,0.058645
0.755076,0.0599299
0.757614,0.0612348
0.760152,0.0625599
0.76269,0.0639051
0.765228,0.0652707
0.767766,0.0666566
0.770305,0.068063
0.772843,0.0694899
0.775381,0.0709375
0.777919,0.0724057
0.780457,0.0738946
0.782995,0.0754043
0.785533,0.0769347
0.788071,0.0784861
0.790609,0.0800583
0.793147,0.0816514
0.795685,0.0832654
0.798223,0.0849003
0.800761,0.0865562
0.803299,0.088233
0.805838,0.0899308
0.808376,0.0916494
0.810914,0.0933889
0.813452,0.0951493
0.81599,0.0969305
0.818528,0.0987325
0.821066,0.100555
0.823604,0.102399
0.826142,0.104263
0.82868,0.106147
0.831218,0.108052
0.833756,0.109977
0.836294,0.111923
0.838832,0.113888
0.841371,0.115874
0.843909,0.11788
0.846447,0.119905
0.848985,0.12195
0.851523,0.124015
0.854061,0.126099
0.856599,0.128202
0.859137,0.130325
0.861675,0.132466
0.864213,0.134626
0.866751,0.136804
0.869289,0.139001
0.871827,0.141216
0.874365,0.143449
0.876904,0.145699
0.879442,0.147967
0.88198,0.150252
0.884518,0.152554
0.887056,0.154873
0.889594,0.157208
0.892132,0.15956
0.89467,0.161927
0.897208,0.164311
0.899746,0.166709
0.902284,0.169123
0.904822,0.171552
0.90736,0.173995
0.909898,0.176452
0.912437,0.178923
0.914975,0.181408
0.917513,0.183906
0.920051,0.186417
0.922589,0.18894
0.925127,0.191476
0.927665,0.194023
0.930203,0.196582
0.932741,0.199153
0.935279,0.201734
0.937817,0.204325
0.940355,0.206927
0.942893,0.209538
0.945431,0.212158
0.94797,0.214787
0.950508,0.217425
0.953046,0.220071
0.955584,0.222724
0.958122,0.225385
0.96066,0.228053
0.963198,0.230727
0.965736,0.233407
0.968274,0.236093
0.970812,0.238783
0.97335,0.241479
0.975888,0.244179
0.978426,0.246883
0.980964,0.249591
0.983503,0.252301
0.986041,0.255014
0.988579,0.257729
0.991117,0.260447
0.993655,0.263165
0.996193,0.265884
0.998731,0.268604
1.00127,0.271324
1.00381,0.274043
1.00635,0.276761
1.00888,0.279478
1.01142,0.282193
1.01396,0.284907
1.0165,0.287617
1.01904,0.290325
1.02157,0.293028
1.02411,0.295729
1.02665,0.298424
1.02919,0.301115
1.03173,0.303801
1.03426,0.306481
1.0368,0.309155
1.03934,0.311823
1.04188,0.314483
1.04442,0.317137
1.04695,0.319783
1.04949,0.32242
1.05203,0.32505
1.05457,0.32767
1.05711,0.330281
1.05964,0.332883
1.06218,0.335474
1.06472,0.338055
1.06726,0.340625
1.0698,0.343184
1.07234,0.345732
1.07487,0.348267
1.07741,0.350791
1.07995,0.353302
1.08249,0.3558
1.08503,0.358285
1.08756,0.360756
1.0901,0.363213
1.09264,0.365656
1.09518,0.368085
1.09772,0.370498
1.10025,0.372897
1.10279,0.37528
1.10533,0.377648
1.10787,0.379999
1.11041,0.382335
1.11294,0.384654
1.11548,0.386956
1.11802,0.389241
1.12056,0.391509
1.1231,0.393759
1.12563,0.395992
1.12817,0.398207
1.13071,0.400403
1.13325,0.402582
1.13579,0.404742
1.13832,0.406883
1.14086,0.409005
1.1434,0.411109
1.14594,0.413193
1.14848,0.415257
1.15102,0.417302
1.15355,0.419328
1.15609,0.421333
1.15863,0.423319
1.16117,0.425285
1.16371,0.42723
1.16624,0.429156
1.16878,0.431061
1.17132,0.432945
1.17386,0.434809
1.1764,0.436652
1.17893,0.438475
1.18147,0.440277
1.18401,0.442058
1.18655,0.443819
1.18909,0.445558
1.19162,0.447277
1.19416,0.448975
1.1967,0.450651
1.19924,0.452307
1.20178,0.453942
1.20431,0.455556
1.20685,0.457149
1.20939,0.458722
1.21193,0.460273
1.21447,0.461803
1.21701,0.463313
1.21954,0.464802
1.22208,0.46627
1.22462,0.467718
1.22716,0.469145
1.2297,0.470551
1.23223,0.471937
1.23477,0.473303
1.23731,0.474648
1.23985,0.475973
1.24239,0.477278
1.24492,0.478563
1.24746,0.479828
1.25,0.481073
1.25254,0.482298
1.25508,0.483504
1.25761,0.484691
1.26015,0.485858
1.26269,0.487006
1.26523,0.488135
1.26777,0.489245
1.2703,0.490336
1.27284,0.491408
1.27538,0.492462
1.27792,0.493498
1.28046,0.494515
1.28299,0.495515
1.28553,0.496496
1.28807,0.49746
1.29061,0.498407
1.29315,0.499336
1.29569,0.500247
1.29822,0.501142
1.30076,0.50202
1.3033,0.502881
1.30584,0.503726
1.30838,0.504555
1.31091,0.505367
1.31345,0.506164
1.31599,0.506944
1.31853,0.507709
1.32107,0.508459
1.3236,0.509194
1.32614,0.509913
1.32868,0.510618
1.33122,0.511308
1.33376,0.511984
1.33629,0.512646
1.33883,0.513293
1.34137,0.513927
1.34391,0.514547
1.34645,0.515154
1.34898,0.515747
1.35152,0.516327
1.35406,0.516895
1.3566,0.51745
1.35914,0.517992
1.36168,0.518522
1.36421,0.51904
1.36675,0.519547
1.36929,0.520041
1.37183,0.520524
1.37437,0.520996
1.3769,0.521457
1.37944,0.521906
1.38198,0.522345
1.38452,0.522774
1.38706,0.523192
1.38959,0.5236
1.39213,0.523998
1.39467,0.524386
1.39721,0.524764
1.39975,0.525133
1.40228,0.525493
1.40482,0.525844
1.40736,0.526185
1.4099,0.526518
1.41244,0.526843
1.41497,0.527159
1.41751,0.527466
1.42005,0.527766
1.42259,0.528058
1.42513,0.528342
1.42766,0.528618
1.4302,0.528887
1.43274,0.529149
1.43528,0.529404
1.43782,0.529652
1.44036,0.529892
1.44289,0.530127
1.44543,0.530354
1.44797,0.530576
1.45051,0.530791
1.45305,0.531
1.45558,0.531203
1.45812,0.5314
1.46066,0.531592
1.4632,0.531778
1.46574,0.531959
1.46827,0.532134
1.47081,0.532305
1.47335,0.53247
1.47589,0.53263
1.47843,0.532786
1.48096,0.532937
1.4835,0.533083
1.48604,0.533225
1.48858,0.533363
1.49112,0.533496
1.49365,0.533625
1.49619,0.533751
1.49873,0.533872
1.50127,0.53399
1.50381,0.534104
1.50635,0.534214
1.50888,0.534321
1.51142,0.534424
1.51396,0.534524
1.5165,0.534621
1.51904,0.534715
1.52157,0.534806
1.52411,0.534894
1.52665,0.534978
1.52919,0.53506
1.53173,0.53514
1.53426,0.535217
1.5368,0.535291
1.53934,0.535362
1.54188,0.535432
1.54442,0.535499
1.54695,0.535563
1.54949,0.535626
1.55203,0.535686
1.55457,0.535744
1.55711,0.5358
1.55964,0.535855
1.56218,0.535907
1.56472,0.535957
1.56726,0.536006
1.5698,0.536053
1.57234,0.536098
1.57487,0.536142
1.57741,0.536184
1.57995,0.536225
1.58249,0.536264
1.58503,0.536302
1.58756,0.536338
1.5901,0.536373
1.59264,0.536407
1.59518,0.536439
1.59772,0.536471
1.60025,0.536501
1.60279,0.53653
1.60533,0.536557
1.60787,0.536584
1.61041,0.53661
1.61294,0.536635
1.61548,0.536659
1.61802,0.536682
1.62056,0.536704
1.6231,0.536725
1.62563,0.536745
1.62817,0.536765
1.63071,0.536784
1.63325,0.536802
1.63579,0.536819
1.63832,0.536836
1.64086,0.536852
1.6434,0.536868
1.64594,0.536882
1.64848,0.536896
1.65102,0.53691
1.65355,0.536923
1.65609,0.536936
1.65863,0.536948
1.66117,0.536959
1.66371,0.53697
1.66624,0.536981
1.66878,0.536991
1.67132,0.537001
1.67386,0.53701
1.6764,0.537019
1.67893,0.537028
1.68147,0.537036
1.68401,0.537044
1.68655,0.537051
1.68909,0.537058
1.69162,0.537065
1.69416,0.537072
1.6967,0.537078
1.69924,0.537084
1.70178,0.53709
1.70431,0.537095
1.70685,0.537101
1.70939,0.537106
1.71193,0.53711
1.71447,0.537115
1.71701,0.537119
1.71954,0.537124
1.72208,0.537128
1.72462,0.537132
1.72716,0.537135
1.7297,0.537139
1.73223,0.537142
1.73477,0.537145
1.73731,0.537148
1.73985,0.537151
1.74239,0.537154
1.74492,0.537157
1.74746,0.537159
1.75,0.537162
1.75254,0.537164
1.75508,0.537166
1.75761,0.537168
1.76015,0.53717
1.76269,0.537172
1.76523,0.537174
1.76777,0.537175
1.7703,0.537177
1.77284,0.537179
1.77538,0.53718
1.77792,0.537182
1.78046,0.537183
1.78299,0.537184
1.78553,0.537185
1.78807,0.537187
1.79061,0.537188
1.79315,0.537189
1.79569,0.53719
1.79822,0.537191
1.80076,0.537192
1.8033,0.537192
1.80584,0.537193
1.80838,0.537194
1.81091,0.537195
1.81345,0.537195
1.81599,0.537196
1.81853,0.537197
1.82107,0.537197
1.8236,0.537198
1.82614,0.537198
1.82868,0.537199
1.83122,0.537199
1.83376,0.5372
1.83629,0.5372
1.83883,0.537201
1.84137,0.537201
1.84391,0.537201
1.84645,0.537202
1.84898,0.537202
1.85152,0.537202
1.85406,0.537203
1.8566,0.537203
1.85914,0.537203
1.86168,0.537204
1.86421,0.537204
1.86675,0.537204
1.86929,0.537204
1.87183,0.537204
1.87437,0.537205
1.8769,0.537205
1.87944,0.537205
1.88198,0.537205
1.88452,0.537205
1.88706,0.537205
1.88959,0.537206
1.89213,0.537206
1.89467,0.537206
1.89721,0.537206
1.89975,0.537206
1.90228,0.537206
1.90482,0.537206
1.90736,0.537206
1.9099,0.537206
1.91244,0.537207
1.91497,0.537207
1.91751,0.537207
1.92005,0.537207
1.92259,0.537207
1.92513,0.537207
1.92766,0.537207
1.9302,0.537207
1.93274,0.537207
1.93528,0.537207
1.93782,0.537207
1.94036,0.537207
1.94289,0.537207
1.94543,0.537207
1.94797,0.537207
1.95051,0.537207
1.95305,0.537207
1.95558,0.537207
1.95812,0.537207
1.96066,0.537207
1.9632,0.537207
1.96574,0.537207
1.96827,0.537207
1.97081,0.537208
1.97335,0.537208
1.97589,0.537208
1.97843,0.537208
1.98096,0.537208
1.9835,0.537208
1.98604,0.537208
1.98858,0.537208
1.99112,0.537208
1.99365,0.537208
1.99619,0.537208
1.99873,0.537208
