0.0010929,0
0.00327869,9.47305e-09
0.00546448,1.94758e-08
0.00765027,3.00365e-08
0.00983607,4.11851e-08
0.0120219,5.29528e-08
0.0142077,6.53725e-08
0.0163934,7.84788e-08
0.0185792,9.23081e-08
0.020765,1.06898e-07
0.0229508,1.2229e-07
0.0251366,1.38524e-07
0.0273224,1.55646e-07
0.0295082,1.73701e-07
0.031694,1.92739e-07
0.0338798,2.12809e-07
0.0360656,2.33967e-07
0.0382514,2.56268e-07
0.0404372,2.7977e-07
0.042623,3.04536e-07
0.0448087,3.30631e-07
0.0469945,3.58123e-07
0.0491803,3.87082e-07
0.0513661,4.17584e-07
0.0535519,4.49707e-07
0.0557377,4.83533e-07
0.0579235,5.19148e-07
0.0601093,5.56642e-07
0.0622951,5.9611e-07
0.0644809,6.3765e-07
0.0666667,6.81367e-07
0.0688525,7.27368e-07
0.0710383,7.75768e-07
0.073224,8.26685e-07
0.0754098,8.80244e-07
0.0775956,9.36575e-07
0.0797814,9.95815e-07
0.0819672,1.05811e-06
0.084153,1.1236e-06
0.0863388,1.19245e-06
0.0885246,1.26481e-06
0.0907104,1.34087e-06
0.0928962,1.4208e-06
0.095082,1.50479e-06
0.0972678,1.59303e-06
0.0994536,1.68573e-06
0.101639,1.78309e-06
0.103825,1.88535e-06
0.106011,1.99273e-06
0.108197,2.10549e-06
0.110383,2.22386e-06
0.112568,2.34813e-06
0.114754,2.47857e-06
0.11694,2.61546e-06
0.119126,2.7591e-06
0.121311,2.90983e-06
0.123497,3.06796e-06
0.125683,3.23383e-06
0.127869,3.40782e-06
0.130055,3.59028e-06
0.13224,3.78162e-06
0.134426,3.98223e-06
0.136612,4.19255e-06
0.138798,4.41302e-06
0.140984,4.6441e-06
0.143169,4.88627e-06
0.145355,5.14003e-06
0.147541,5.40591e-06
0.149727,5.68445e-06
0.151913,5.97622e-06
0.154098,6.28181e-06
0.156284,6.60184e-06
0.15847,6.93695e-06
0.160656,7.28781e-06
0.162842,7.65511e-06
0.165027,8.03959e-06
0.167213,8.44198e-06
0.169399,8.86309e-06
0.171585,9.30373e-06
0.17377,9.76474e-06
0.175956,1.0247e-05
0.178142,1.07515e-05
0.180328,1.12791e-05
0.182514,1.18308e-05
0.184699,1.24077e-05
0.186885,1.30109e-05
0.189071,1.36414e-05
0.191257,1.43004e-05
0.193443,1.49892e-05
0.195628,1.5709e-05
0.197814,1.64611e-05
0.2,1.72468e-05
0.202186,1.80676e-05
0.204372,1.89249e-05
0.206557,1.98203e-05
0.208743,2.07553e-05
0.210929,2.17315e-05
0.213115,2.27507e-05
0.215301,2.38146e-05
0.217486,2.49251e-05
0.219672,2.6084e-05
0.221858,2.72933e-05
0.224044,2.8555e-05
0.22623,2.98714e-05
0.228415,3.12445e-05
0.230601,3.26766e-05
0.232787,3.41702e-05
0.234973,3.57276e-05
0.237158,3.73514e-05
0.239344,3.90443e-05
0.24153,4.08088e-05
0.243716,4.26479e-05
0.245902,4.45646e-05
0.248087,4.65617e-05
0.250273,4.86424e-05
0.252459,5.08101e-05
0.254645,5.3068e-05
0.256831,5.54196e-05
0.259016,5.78686e-05
0.261202,6.04185e-05
0.263388,6.30734e-05
0.265574,6.58372e-05
0.26776,6.87139e-05
0.269945,7.17079e-05
0.272131,7.48236e-05
0.274317,7.80655e-05
0.276503,8.14384e-05
0.278689,8.4947e-05
0.280874,8.85966e-05
0.28306,9.23921e-05
0.285246,9.63391e-05
0.287432,0.000100443
0.289617,0.00010471
0.291803,0.000109145
0.293989,0.000113755
0.296175,0.000118546
0.298361,0.000123524
0.300546,0.000128697
0.302732,0.000134071
0.304918,0.000139654
0.307104,0.000145452
0.30929,0.000151474
0.311475,0.000157726
0.313661,0.000164219
0.315847,0.000170958
0.318033,0.000177955
0.320219,0.000185216
0.322404,0.000192752
0.32459,0.000200572
0.326776,0.000208685
0.328962,0.000217101
0.331148,0.000225832
0.333333,0.000234887
0.335519,0.000244277
0.337705,0.000254014
0.339891,0.000264109
0.342077,0.000274574
0.344262,0.000285422
0.346448,0.000296665
0.348634,0.000308316
0.35082,0.000320389
0.353005,0.000332896
0.355191,0.000345853
0.357377,0.000359274
0.359563,0.000373174
0.361749,0.000387568
0.363934,0.000402471
0.36612,0.000417902
0.368306,0.000433875
0.370492,0.000450407
0.372678,0.000467518
0.374863,0.000485224
0.377049,0.000503545
0.379235,0.000522498
0.381421,0.000542105
0.383607,0.000562384
0.385792,0.000583357
0.387978,0.000605044
0.390164,0.000627468
0.39235,0.00065065
0.394536,0.000674613
0.396721,0.000699381
0.398907,0.000724978
0.401093,0.000751427
0.403279,0.000778755
0.405464,0.000806987
0.40765,0.00083615
0.409836,0.00086627
0.412022,0.000897375
0.414208,0.000929495
0.416393,0.000962657
0.418579,0.000996891
0.420765,0.00103223
0.422951,0.0010687
0.425137,0.00110634
0.427322,0.00114518
0.429508,0.00118524
0.431694,0.00122658
0.43388,0.00126922
0.436066,0.00131319
0.438251,0.00135854
0.440437,0.00140529
0.442623,0.0014535
0.444809,0.0015032
0.446995,0.00155442
0.44918,0.00160721
0.451366,0.00166161
0.453552,0.00171766
0.455738,0.00177541
0.457923,0.0018349
0.460109,0.00189617
0.462295,0.00195928
0.464481,0.00202426
0.466667,0.00209116
0.468852,0.00216005
0.471038,0.00223095
0.473224,0.00230393
0.47541,0.00237904
0.477596,0.00245633
0.479781,0.00253585
0.481967,0.00261766
0.484153,0.00270181
0.486339,0.00278837
0.488525,0.00287738
0.49071,0.00296891
0.492896,0.00306302
0.495082,0.00315976
0.497268,0.00325921
0.499454,0.00336142
0.501639,0.00346645
0.503825,0.00357439
0.506011,0.00368528
0.508197,0.0037992
0.510383,0.00391621
0.512568,0.00403639
0.514754,0.00415981
0.51694,0.00428653
0.519126,0.00441664
0.521311,0.0045502
0.523497,0.0046873
0.525683,0.004828
0.527869,0.00497239
0.530055,0.00512055
0.53224,0.00527255
0.534426,0.00542847
0.536612,0.00558841
0.538798,0.00575243
0.540984,0.00592063
0.543169,0.0060931
0.545355,0.00626991
0.547541,0.00645116
0.549727,0.00663693
0.551913,0.00682732
0.554098,0.00702242
0.556284,0.00722232
0.55847,0.00742712
0.560656,0.0076369
0.562842,0.00785177
0.565027,0.00807182
0.567213,0.00829714
0.569399,0.00852785
0.571585,0.00876404
0.57377,0.0090058
0.575956,0.00925325
0.578142,0.00950648
0.580328,0.00976561
0.582514,0.0100307
0.584699,0.0103019
0.586885,0.0105794
0.589071,0.0108631
0.591257,0.0111533
0.593443,0.01145
0.595628,0.0117534
0.597814,0.0120635
0.6,0.0123805
0.602186,0.0127044
0.604372,0.0130355
0.606557,0.0133738
0.608743,0.0137194
0.610929,0.0140725
0.613115,0.0144331
0.615301,0.0148014
0.617486,0.0151776
0.619672,0.0155616
0.621858,0.0159537
0.624044,0.0163539
0.62623,0.0167624
0.628415,0.0171794
0.630601,0.0176048
0.632787,0.0180389
0.634973,0.0184818
0.637158,0.0189336
0.639344,0.0193944
0.64153,0.0198643
0.643716,0.0203435
0.645902,0.0208321
0.648087,0.0213303
0.650273,0.021838
0.652459,0.0223555
0.654645,0.022883
0.656831,0.0234204
0.659016,0.023968
0.661202,0.0245258
0.663388,0.025094
0.665574,0.0256728
0.66776,0.0262621
0.669945,0.0268623
0.672131,0.0274733
0.674317,0.0280953
0.676503,0.0287285
0.678689,0.0293729
0.680874,0.0300287
0.68306,0.030696
0.685246,0.0313749
0.687432,0.0320656
0.689617,0.0327681
0.691803,0.0334825
0.693989,0.0342091
0.696175,0.0349479
0.698361,0.035699
0.700546,0.0364625
0.702732,0.0372386
0.704918,0.0380273
0.707104,0.0388289
0.70929,0.0396433
0.711475,0.0404707
0.713661,0.0413111
0.715847,0.0421648
0.718033,0.0430318
0.720219,0.0439123
0.722404,0.0448062
0.72459,0.0457137
0.726776,0.046635
0.728962,0.04757
0.731148,0.0485189
0.733333,0.0494819
0.735519,0.0504589
0.737705,0.05145
0.739891,0.0524554
0.742077,0.0534752
0.744262,0.0545093
0.746448,0.055558
0.748634,0.0566212
0.75082,0.0576991
0.753005,0.0587916
0.755191,0.059899
0.757377,0.0610212
0.759563,0.0621583
0.761749,0.0633103
0.763934,0.0644774
0.76612,0.0656596
0.768306,0.0668569
0.770492,0.0680694
0.772678,0.0692972
0.774863,0.0705401
0.777049,0.0717985
0.779235,0.0730721
0.781421,0.0743612
0.783607,0.0756656
0.785792,0.0769855
0.787978,0.0783208
0.790164,0.0796717
0.79235,0.081038
0.794536,0.0824198
0.796721,0.0838172
0.798907,0.0852301
0.801093,0.0866585
0.803279,0.0881024
0.805464,0.0895618
0.80765,0.0910368
0.809836,0.0925272
0.812022,0.0940332
0.814208,0.0955546
0.816393,0.0970914
0.818579,0.0986436
0.820765,0.100211
0.822951,0.101794
0.825137,0.103392
0.827322,0.105006
0.829508,0.106635
0.831694,0.108278
0.83388,0.109937
0.836066,0.111611
0.838251,0.1133
0.840437,0.115004
0.842623,0.116722
0.844809,0.118456
0.846995,0.120204
0.84918,0.121966
0.851366,0.123743
0.853552,0.125535
0.855738,0.127341
0.857923,0.129161
0.860109,0.130994
0.862295,0.132842
0.864481,0.134704
0.866667,0.13658
0.868852,0.138469
0.871038,0.140371
0.873224,0.142287
0.87541,0.144217
0.877596,0.146159
0.879781,0.148114
0.881967,0.150082
0.884153,0.152062
0.886339,0.154055
0.888525,0.15606
0.89071,0.158078
0.892896,0.160107
0.895082,0.162148
0.897268,0.164201
0.899454,0.166265
0.901639,0.168341
0.903825,0.170427
0.906011,0.172525
0.908197,0.174633
0.910383,0.176751
0.912568,0.17888
0.914754,0.181019
0.91694,0.183168
0.919126,0.185326
0.921311,0.187494
0.923497,0.189671
0.925683,0.191857
0.927869,0.194051
0.930055,0.196255
0.93224,0.198466
0.934426,0.200686
0.936612,0.202914
0.938798,0.205149
0.940984,0.207391
0.943169,0.209641
0.945355,0.211897
0.947541,0.21416
0.949727,0.21643
0.951913,0.218705
0.954098,0.220986
0.956284,0.223273
0.95847,0.225566
0.960656,0.227863
0.962842,0.230165
0.965027,0.232472
0.967213,0.234783
0.969399,0.237098
0.971585,0.239417
0.97377,0.241739
0.975956,0.244064
0.978142,0.246392
0.980328,0.248723
0.982514,0.251057
0.984699,0.253392
0.986885,0.255729
0.989071,0.258068
0.991257,0.260408
0.993443,0.262749
0.995628,0.265091
0.997814,0.267433
1,0.269775
1.00219,0.272117
1.00437,0.274459
1.00656,0.2768
1.00874,0.27914
1.01093,0.281478
1.01311,0.283816
1.0153,0.286151
1.01749,0.288484
1.01967,0.290815
1.02186,0.293144
1.02404,0.295469
1.02623,0.297791
1.02842,0.30011
1.0306,0.302425
1.03279,0.304736
1.03497,0.307043
1.03716,0.309345
1.03934,0.311642
1.04153,0.313934
1.04372,0.316221
1.0459,0.318503
1.04809,0.320778
1.05027,0.323048
1.05246,0.325311
1.05464,0.327567
1.05683,0.329817
1.05902,0.332059
1.0612,0.334294
1.06339,0.336522
1.06557,0.338741
1.06776,0.340953
1.06995,0.343156
1.07213,0.345351
1.07432,0.347537
1.0765,0.349714
1.07869,0.351882
1.08087,0.35404
1.08306,0.356189
1.08525,0.358328
1.08743,0.360456
1.08962,0.362575
1.0918,0.364683
1.09399,0.36678
1.09617,0.368867
1.09836,0.370942
1.10055,0.373007
1.10273,0.375059
1.10492,0.3771
1.1071,0.37913
1.10929,0.381147
1.11148,0.383152
1.11366,0.385145
1.11585,0.387126
1.11803,0.389094
1.12022,0.391049
1.1224,0.392991
1.12459,0.39492
1.12678,0.396836
1.12896,0.398739
1.13115,0.400628
1.13333,0.402503
1.13552,0.404365
1.1377,0.406213
1.13989,0.408047
1.14208,0.409867
1.14426,0.411673
1.14645,0.413464
1.14863,0.415241
1.15082,0.417004
1.15301,0.418752
1.15519,0.420485
1.15738,0.422204
1.15956,0.423908
1.16175,0.425597
1.16393,0.42727
1.16612,0.428929
1.16831,0.430573
1.17049,0.432202
1.17268,0.433815
1.17486,0.435414
1.17705,0.436996
1.17923,0.438564
1.18142,0.440116
1.18361,0.441653
1.18579,0.443174
1.18798,0.44468
1.19016,0.446171
1.19235,0.447646
1.19454,0.449105
1.19672,0.450549
1.19891,0.451978
1.20109,0.45339
1.20328,0.454788
1.20546,0.45617
1.20765,0.457536
1.20984,0.458887
1.21202,0.460222
1.21421,0.461542
1.21639,0.462847
1.21858,0.464136
1.22077,0.465409
1.22295,0.466668
1.22514,0.467911
1.22732,0.469138
1.22951,0.470351
1.23169,0.471548
1.23388,0.47273
1.23607,0.473897
1.23825,0.475049
1.24044,0.476187
1.24262,0.477309
1.24481,0.478416
1.24699,0.479509
1.24918,0.480586
1.25137,0.48165
1.25355,0.482698
1.25574,0.483732
1.25792,0.484752
1.26011,0.485758
1.2623,0.486749
1.26448,0.487726
1.26667,0.488689
1.26885,0.489638
1.27104,0.490573
1.27322,0.491494
1.27541,0.492401
1.2776,0.493295
1.27978,0.494176
1.28197,0.495043
1.28415,0.495897
1.28634,0.496737
1.28852,0.497564
1.29071,0.498379
1.2929,0.49918
1.29508,0.499969
1.29727,0.500745
1.29945,0.501509
1.30164,0.50226
1.30383,0.502999
1.30601,0.503725
1.3082,0.50444
1.31038,0.505142
1.31257,0.505833
1.31475,0.506512
1.31694,0.507179
1.31913,0.507835
1.32131,0.508479
1.3235,0.509112
1.32568,0.509734
1.32787,0.510345
1.33005,0.510946
1.33224,0.511535
1.33443,0.512114
1.33661,0.512682
1.3388,0.51324
1.34098,0.513787
1.34317,0.514325
1.34536,0.514852
1.34754,0.51537
1.34973,0.515877
1.35191,0.516376
1.3541,0.516864
1.35628,0.517343
1.35847,0.517813
1.36066,0.518274
1.36284,0.518726
1.36503,0.519169
1.36721,0.519603
1.3694,0.520028
1.37158,0.520445
1.37377,0.520854
1.37596,0.521254
1.37814,0.521646
1.38033,0.52203
1.38251,0.522406
1.3847,0.522775
1.38689,0.523135
1.38907,0.523488
1.39126,0.523834
1.39344,0.524172
1.39563,0.524503
1.39781,0.524827
1.4,0.525144
1.40219,0.525454
1.40437,0.525758
1.40656,0.526054
1.40874,0.526345
1.41093,0.526628
1.41311,0.526906
1.4153,0.527177
1.41749,0.527442
1.41967,0.527701
1.42186,0.527954
1.42404,0.528202
1.42623,0.528444
1.42842,0.52868
1.4306,0.528911
1.43279,0.529136
1.43497,0.529356
1.43716,0.529571
1.43934,0.529781
1.44153,0.529985
1.44372,0.530185
1.4459,0.53038
1.44809,0.530571
1.45027,0.530757
1.45246,0.530938
1.45464,0.531115
1.45683,0.531287
1.45902,0.531455
1.4612,0.531619
1.46339,0.531779
1.46557,0.531935
1.46776,0.532087
1.46995,0.532235
1.47213,0.53238
1.47432,0.53252
1.4765,0.532657
1.47869,0.532791
1.48087,0.532921
1.48306,0.533048
1.48525,0.533171
1.48743,0.533291
1.48962,0.533408
1.4918,0.533522
1.49399,0.533633
1.49617,0.533741
1.49836,0.533846
1.50055,0.533948
1.50273,0.534048
1.50492,0.534145
1.5071,0.534239
1.50929,0.53433
1.51148,0.534419
1.51366,0.534506
1.51585,0.53459
1.51803,0.534672
1.52022,0.534751
1.5224,0.534829
1.52459,0.534904
1.52678,0.534977
1.52896,0.535048
1.53115,0.535117
1.53333,0.535183
1.53552,0.535248
1.5377,0.535311
1.53989,0.535373
1.54208,0.535432
1.54426,0.53549
1.54645,0.535546
1.54863,0.5356
1.55082,0.535653
1.55301,0.535704
1.55519,0.535754
1.55738,0.535802
1.55956,0.535849
1.56175,0.535894
1.56393,0.535938
1.56612,0.535981
1.56831,0.536022
1.57049,0.536062
1.57268,0.536101
1.57486,0.536139
1.57705,0.536175
1.57923,0.536211
1.58142,0.536245
1.58361,0.536278
1.58579,0.53631
1.58798,0.536341
1.59016,0.536372
1.59235,0.536401
1.59454,0.536429
1.59672,0.536456
1.59891,0.536483
1.60109,0.536508
1.60328,0.536533
1.60546,0.536557
1.60765,0.53658
1.60984,0.536603
1.61202,0.536624
1.61421,0.536645
1.61639,0.536666
1.61858,0.536685
1.62077,0.536704
1.62295,0.536722
1.62514,0.53674
1.62732,0.536757
1.62951,0.536774
1.63169,0.53679
1.63388,0.536805
1.63607,0.53682
1.63825,0.536834
1.64044,0.536848
1.64262,0.536862
1.64481,0.536875
1.64699,0.536887
1.64918,0.536899
1.65137,0.536911
1.65355,0.536922
1.65574,0.536933
1.65792,0.536944
1.66011,0.536954
1.6623,0.536963
1.66448,0.536973
1.66667,0.536982
1.66885,0.536991
1.67104,0.536999
1.67322,0.537007
1.67541,0.537015
1.6776,0.537022
1.67978,0.53703
1.68197,0.537037
1.68415,0.537043
1.68634,0.53705
1.68852,0.537056
1.69071,0.537062
1.6929,0.537068
1.69508,0.537074
1.69727,0.537079
1.69945,0.537084
1.70164,0.537089
1.70383,0.537094
1.70601,0.537099
1.7082,0.537103
1.71038,0.537107
1.71257,0.537111
1.71475,0.537115
1.71694,0.537119
1.71913,0.537123
1.72131,0.537126
1.7235,0.53713
1.72568,0.537133
1.72787,0.537136
1.73005,0.537139
1.73224,0.537142
1.73443,0.537145
1.73661,0.537147
1.7388,0.53715
1.74098,0.537152
1.74317,0.537155
1.74536,0.537157
1.74754,0.537159
1.74973,0.537161
1.75191,0.537163
1.7541,0.537165
1.75628,0.537167
1.75847,0.537169
1.76066,0.53717
1.76284,0.537172
1.76503,0.537173
1.76721,0.537175
1.7694,0.537176
1.77158,0.537178
1.77377,0.537179
1.77596,0.53718
1.77814,0.537182
1.78033,0.537183
1.78251,0.537184
1.7847,0.537185
1.78689,0.537186
1.78907,0.537187
1.79126,0.537188
1.79344,0.537189
1.79563,0.53719
1.79781,0.53719
1.8,0.537191
1.80219,0.537192
1.80437,0.537193
1.80656,0.537193
1.80874,0.537194
1.81093,0.537195
1.81311,0.537195
1.8153,0.537196
1.81749,0.537196
1.81967,0.537197
1.82186,0.537197
1.82404,0.537198
1.82623,0.537198
1.82842,0.537199
1.8306,0.537199
1.83279,0.5372
1.83497,0.5372
1.83716,0.5372
1.83934,0.537201
1.84153,0.537201
1.84372,0.537201
1.8459,0.537202
1.84809,0.537202
1.85027,0.537202
1.85246,0.537203
1.85464,0.537203
1.85683,0.537203
1.85902,0.537203
1.8612,0.537203
1.86339,0.537204
1.86557,0.537204
1.86776,0.537204
1.86995,0.537204
1.87213,0.537204
1.87432,0.537205
1.8765,0.537205
1.87869,0.537205
1.88087,0.537205
1.88306,0.537205
1.88525,0.537205
1.88743,0.537205
1.88962,0.537206
1.8918,0.537206
1.89399,0.537206
1.89617,0.537206
1.89836,0.537206
1.90055,0.537206
1.90273,0.537206
1.90492,0.537206
1.9071,0.537206
1.90929,0.537206
1.91148,0.537206
1.91366,0.537207
1.91585,0.537207
1.91803,0.537207
1.92022,0.537207
1.9224,0.537207
1.92459,0.537207
1.92678,0.537207
1.92896,0.537207
1.93115,0.537207
1.93333,0.537207
1.93552,0.537207
1.9377,0.537207
1.93989,0.537207
1.94208,0.537207
1.94426,0.537207
1.94645,0.537207
1.94863,0.537207
1.95082,0.537207
1.95301,0.537207
1.95519,0.537207
1.95738,0.537207
1.95956,0.537207
1.96175,0.537207
1.96393,0.537207
1.96612,0.537207
1.96831,0.537207
1.97049,0.537208
1.97268,0.537208
1.97486,0.537208
1.97705,0.537208
1.97923,0.537208
1.98142,0.537208
1.98361,0.537208
1.98579,0.537208
1.98798,0.537208
1.99016,0.537208
1.99235,0.537208
1.99454,0.537208
1.99672,0.537208
1.99891,0.537208
