0.00141044,0
0.00423131,1.2519e-08
0.00705219,2.59474e-08
0.00987306,4.03483e-08
0.0126939,5.57892e-08
0.0155148,7.23419e-08
0.0183357,9.00829e-08
0.0211566,1.09094e-07
0.0239774,1.29461e-07
0.0267983,1.51278e-07
0.0296192,1.74642e-07
0.0324401,1.99658e-07
0.0352609,2.26439e-07
0.0380818,2.55101e-07
0.0409027,2.85773e-07
0.0437236,3.18588e-07
0.0465444,3.53689e-07
0.0493653,3.91227e-07
0.0521862,4.31364e-07
0.0550071,4.74271e-07
0.0578279,5.20131e-07
0.0606488,5.69136e-07
0.0634697,6.21492e-07
0.0662906,6.77418e-07
0.0691114,7.37144e-07
0.0719323,8.00916e-07
0.0747532,8.68995e-07
0.077574,9.41656e-07
0.0803949,1.01919e-06
0.0832158,1.10192e-06
0.0860367,1.19016e-06
0.0888575,1.28427e-06
0.0916784,1.38461e-06
0.0944993,1.49158e-06
0.0973202,1.60559e-06
0.100141,1.72708e-06
0.102962,1.85652e-06
0.105783,1.9944e-06
0.108604,2.14124e-06
0.111425,2.2976e-06
0.114245,2.46404e-06
0.117066,2.6412e-06
0.119887,2.82972e-06
0.122708,3.03029e-06
0.125529,3.24364e-06
0.12835,3.47054e-06
0.131171,3.7118e-06
0.133992,3.96829e-06
0.136812,4.24089e-06
0.139633,4.53058e-06
0.142454,4.83836e-06
0.145275,5.16529e-06
0.148096,5.5125e-06
0.150917,5.88117e-06
0.153738,6.27255e-06
0.156559,6.68796e-06
0.159379,7.12879e-06
0.1622,7.59649e-06
0.165021,8.09261e-06
0.167842,8.61877e-06
0.170663,9.17667e-06
0.173484,9.76812e-06
0.176305,1.0395e-05
0.179126,1.10593e-05
0.181946,1.17631e-05
0.184767,1.25087e-05
0.187588,1.32983e-05
0.190409,1.41344e-05
0.19323,1.50195e-05
0.196051,1.59563e-05
0.198872,1.69477e-05
0.201693,1.79966e-05
0.204513,1.91062e-05
0.207334,2.02796e-05
0.210155,2.15204e-05
0.212976,2.28321e-05
0.215797,2.42186e-05
0.218618,2.56837e-05
0.221439,2.72317e-05
0.22426,2.88669e-05
0.22708,3.05939e-05
0.229901,3.24174e-05
0.232722,3.43426e-05
0.235543,3.63745e-05
0.238364,3.85188e-05
0.241185,4.07812e-05
0.244006,4.31677e-05
0.246827,4.56847e-05
0.249647,4.83387e-05
0.252468,5.11366e-05
0.255289,5.40858e-05
0.25811,5.71936e-05
0.260931,6.0468e-05
0.263752,6.39173e-05
0.266573,6.755e-05
0.269394,7.13752e-05
0.272214,7.54022e-05
0.275035,7.9641e-05
0.277856,8.41016e-05
0.280677,8.87947e-05
0.283498,9.37317e-05
0.286319,9.89239e-05
0.28914,0.000104384
0.291961,0.000110124
0.294781,0.000116157
0.297602,0.000122497
0.300423,0.000129158
0.303244,0.000136156
0.306065,0.000143505
0.308886,0.000151222
0.311707,0.000159324
0.314528,0.000167828
0.317348,0.000176752
0.320169,0.000186116
0.32299,0.000195938
0.325811,0.000206239
0.328632,0.000217042
0.331453,0.000228366
0.334274,0.000240237
0.337094,0.000252676
0.339915,0.00026571
0.342736,0.000279363
0.345557,0.000293663
0.348378,0.000308636
0.351199,0.000324313
0.35402,0.000340721
0.356841,0.000357893
0.359661,0.000375859
0.362482,0.000394654
0.365303,0.000414311
0.368124,0.000434866
0.370945,0.000456355
0.373766,0.000478817
0.376587,0.000502291
0.379408,0.000526817
0.382228,0.000552438
0.385049,0.000579197
0.38787,0.000607139
0.390691,0.000636312
0.393512,0.000666762
0.396333,0.000698539
0.399154,0.000731695
0.401975,0.000766283
0.404795,0.000802357
0.407616,0.000839974
0.410437,0.000879192
0.413258,0.00092007
0.416079,0.000962672
0.4189,0.00100706
0.421721,0.0010533
0.424542,0.00110146
0.427362,0.00115161
0.430183,0.00120382
0.433004,0.00125817
0.435825,0.00131472
0.438646,0.00137357
0.441467,0.00143479
0.444288,0.00149846
0.447109,0.00156467
0.449929,0.00163351
0.45275,0.00170506
0.455571,0.00177941
0.458392,0.00185668
0.461213,0.00193694
0.464034,0.0020203
0.466855,0.00210686
0.469676,0.00219673
0.472496,0.00229002
0.475317,0.00238683
0.478138,0.00248729
0.480959,0.00259149
0.48378,0.00269958
0.486601,0.00281166
0.489422,0.00292785
0.492243,0.0030483
0.495063,0.00317313
0.497884,0.00330247
0.500705,0.00343645
0.503526,0.00357523
0.506347,0.00371893
0.509168,0.00386771
0.511989,0.00402172
0.51481,0.0041811
0.51763,0.00434602
0.520451,0.00451662
0.523272,0.00469308
0.526093,0.00487555
0.528914,0.0050642
0.531735,0.0052592
0.534556,0.00546074
0.537377,0.00566897
0.540197,0.0058841
0.543018,0.00610628
0.545839,0.00633573
0.54866,0.00657262
0.551481,0.00681714
0.554302,0.0070695
0.557123,0.00732989
0.559944,0.00759851
0.562764,0.00787557
0.565585,0.00816128
0.568406,0.00845585
0.571227,0.0087595
0.574048,0.00907243
0.576869,0.00939488
0.57969,0.00972705
0.582511,0.0100692
0.585331,0.0104215
0.588152,0.0107843
0.590973,0.0111577
0.593794,0.0115419
0.596615,0.0119374
0.599436,0.0123442
0.602257,0.0127625
0.605078,0.0131928
0.607898,0.0136352
0.610719,0.0140899
0.61354,0.0145572
0.616361,0.0150374
0.619182,0.0155307
0.622003,0.0160374
0.624824,0.0165578
0.627645,0.017092
0.630465,0.0176404
0.633286,0.0182032
0.636107,0.0187807
0.638928,0.0193731
0.641749,0.0199808
0.64457,0.020604
0.647391,0.0212429
0.650212,0.0218978
0.653032,0.022569
0.655853,0.0232568
0.658674,0.0239614
0.661495,0.0246831
0.664316,0.0254222
0.667137,0.0261789
0.669958,0.0269535
0.672779,0.0277462
0.675599,0.0285574
0.67842,0.0293873
0.681241,0.0302361
0.684062,0.0311041
0.686883,0.0319916
0.689704,0.0328988
0.692525,0.033826
0.695346,0.0347735
0.698166,0.0357414
0.700987,0.03673
0.703808,0.0377396
0.706629,0.0387704
0.70945,0.0398227
0.712271,0.0408966
0.715092,0.0419924
0.717913,0.0431104
0.720733,0.0442507
0.723554,0.0454136
0.726375,0.0465992
0.729196,0.0478079
0.732017,0.0490397
0.734838,0.0502949
0.737659,0.0515736
0.74048,0.0528762
0.7433,0.0542026
0.746121,0.0555531
0.748942,0.0569279
0.751763,0.0583271
0.754584,0.0597509
0.757405,0.0611994
0.760226,0.0626727
0.763047,0.064171
0.765867,0.0656944
0.768688,0.0672431
0.771509,0.068817
0.77433,0.0704163
0.777151,0.0720412
0.779972,0.0736916
0.782793,0.0753676
0.785614,0.0770694
0.788434,0.0787969
0.791255,0.0805502
0.794076,0.0823293
0.796897,0.0841342
0.799718,0.0859651
0.802539,0.0878217
0.80536,0.0897043
0.808181,0.0916126
0.811001,0.0935468
0.813822,0.0955067
0.816643,0.0974923
0.819464,0.0995036
0.822285,0.10154
0.825106,0.103603
0.827927,0.10569
0.830748,0.107803
0.833568,0.109942
0.836389,0.112105
0.83921,0.114293
0.842031,0.116505
0.844852,0.118743
0.847673,0.121005
0.850494,0.123291
0.853315,0.1256
0.856135,0.127934
0.858956,0.130291
0.861777,0.132672
0.864598,0.135076
0.867419,0.137502
0.87024,0.139951
0.873061,0.142423
0.875882,0.144916
0.878702,0.147431
0.881523,0.149967
0.884344,0.152525
0.887165,0.155103
0.889986,0.157701
0.892807,0.160319
0.895628,0.162957
0.898449,0.165615
0.901269,0.168291
0.90409,0.170985
0.906911,0.173697
0.909732,0.176428
0.912553,0.179175
0.915374,0.181939
0.918195,0.184719
0.921016,0.187515
0.923836,0.190326
0.926657,0.193152
0.929478,0.195993
0.932299,0.198847
0.93512,0.201715
0.937941,0.204596
0.940762,0.207489
0.943583,0.210394
0.946403,0.21331
0.949224,0.216237
0.952045,0.219174
0.954866,0.222121
0.957687,0.225077
0.960508,0.228041
0.963329,0.231014
0.96615,0.233993
0.96897,0.23698
0.971791,0.239973
0.974612,0.242971
0.977433,0.245975
0.980254,0.248983
0.983075,0.251995
0.985896,0.25501
0.988717,0.258028
0.991537,0.261048
0.994358,0.26407
0.997179,0.267092
1,0.270115
1.00282,0.273138
1.00564,0.276159
1.00846,0.279179
1.01128,0.282197
1.0141,0.285213
1.01693,0.288225
1.01975,0.291233
1.02257,0.294236
1.02539,0.297235
1.02821,0.300228
1.03103,0.303214
1.03385,0.306194
1.03667,0.309166
1.03949,0.312131
1.04231,0.315087
1.04513,0.318034
1.04795,0.320971
1.05078,0.323898
1.0536,0.326814
1.05642,0.329719
1.05924,0.332612
1.06206,0.335492
1.06488,0.33836
1.0677,0.341215
1.07052,0.344055
1.07334,0.346881
1.07616,0.349693
1.07898,0.352489
1.08181,0.355269
1.08463,0.358033
1.08745,0.36078
1.09027,0.36351
1.09309,0.366223
1.09591,0.368917
1.09873,0.371593
1.10155,0.37425
1.10437,0.376888
1.10719,0.379507
1.11001,0.382105
1.11283,0.384683
1.11566,0.38724
1.11848,0.389777
1.1213,0.392292
1.12412,0.394785
1.12694,0.397256
1.12976,0.399705
1.13258,0.402132
1.1354,0.404536
1.13822,0.406916
1.14104,0.409274
1.14386,0.411607
1.14669,0.413917
1.14951,0.416203
1.15233,0.418465
1.15515,0.420702
1.15797,0.422915
1.16079,0.425103
1.16361,0.427266
1.16643,0.429404
1.16925,0.431517
1.17207,0.433605
1.17489,0.435667
1.17772,0.437704
1.18054,0.439715
1.18336,0.441701
1.18618,0.443661
1.189,0.445595
1.19182,0.447503
1.19464,0.449386
1.19746,0.451243
1.20028,0.453073
1.2031,0.454878
1.20592,0.456658
1.20874,0.458411
1.21157,0.460138
1.21439,0.46184
1.21721,0.463516
1.22003,0.465167
1.22285,0.466791
1.22567,0.468391
1.22849,0.469965
1.23131,0.471513
1.23413,0.473037
1.23695,0.474535
1.23977,0.476008
1.2426,0.477457
1.24542,0.478881
1.24824,0.48028
1.25106,0.481655
1.25388,0.483005
1.2567,0.484332
1.25952,0.485634
1.26234,0.486913
1.26516,0.488168
1.26798,0.4894
1.2708,0.490608
1.27362,0.491794
1.27645,0.492957
1.27927,0.494097
1.28209,0.495215
1.28491,0.496311
1.28773,0.497385
1.29055,0.498437
1.29337,0.499468
1.29619,0.500478
1.29901,0.501466
1.30183,0.502434
1.30465,0.503382
1.30748,0.504309
1.3103,0.505216
1.31312,0.506104
1.31594,0.506972
1.31876,0.50782
1.32158,0.50865
1.3244,0.509461
1.32722,0.510254
1.33004,0.511029
1.33286,0.511785
1.33568,0.512525
1.3385,0.513246
1.34133,0.513951
1.34415,0.514639
1.34697,0.51531
1.34979,0.515965
1.35261,0.516604
1.35543,0.517227
1.35825,0.517835
1.36107,0.518427
1.36389,0.519004
1.36671,0.519567
1.36953,0.520116
1.37236,0.52065
1.37518,0.52117
1.378,0.521677
1.38082,0.52217
1.38364,0.52265
1.38646,0.523118
1.38928,0.523572
1.3921,0.524015
1.39492,0.524445
1.39774,0.524864
1.40056,0.52527
1.40339,0.525666
1.40621,0.52605
1.40903,0.526423
1.41185,0.526786
1.41467,0.527138
1.41749,0.527481
1.42031,0.527813
1.42313,0.528135
1.42595,0.528448
1.42877,0.528752
1.43159,0.529046
1.43441,0.529332
1.43724,0.529609
1.44006,0.529878
1.44288,0.530138
1.4457,0.530391
1.44852,0.530635
1.45134,0.530872
1.45416,0.531101
1.45698,0.531324
1.4598,0.531539
1.46262,0.531747
1.46544,0.531948
1.46827,0.532143
1.47109,0.532332
1.47391,0.532515
1.47673,0.532691
1.47955,0.532862
1.48237,0.533027
1.48519,0.533186
1.48801,0.53334
1.49083,0.533489
1.49365,0.533632
1.49647,0.533771
1.49929,0.533905
1.50212,0.534035
1.50494,0.534159
1.50776,0.53428
1.51058,0.534396
1.5134,0.534508
1.51622,0.534616
1.51904,0.53472
1.52186,0.534821
1.52468,0.534918
1.5275,0.535011
1.53032,0.535101
1.53315,0.535187
1.53597,0.535271
1.53879,0.535351
1.54161,0.535428
1.54443,0.535503
1.54725,0.535574
1.55007,0.535643
1.55289,0.535709
1.55571,0.535773
1.55853,0.535834
1.56135,0.535893
1.56417,0.535949
1.567,0.536004
1.56982,0.536056
1.57264,0.536106
1.57546,0.536154
1.57828,0.536201
1.5811,0.536245
1.58392,0.536288
1.58674,0.536328
1.58956,0.536368
1.59238,0.536405
1.5952,0.536441
1.59803,0.536476
1.60085,0.536509
1.60367,0.536541
1.60649,0.536571
1.60931,0.536601
1.61213,0.536628
1.61495,0.536655
1.61777,0.536681
1.62059,0.536705
1.62341,0.536729
1.62623,0.536751
1.62906,0.536773
1.63188,0.536793
1.6347,0.536813
1.63752,0.536832
1.64034,0.53685
1.64316,0.536867
1.64598,0.536883
1.6488,0.536899
1.65162,0.536914
1.65444,0.536928
1.65726,0.536942
1.66008,0.536955
1.66291,0.536967
1.66573,0.536979
1.66855,0.536991
1.67137,0.537001
1.67419,0.537012
1.67701,0.537022
1.67983,0.537031
1.68265,0.53704
1.68547,0.537048
1.68829,0.537056
1.69111,0.537064
1.69394,0.537072
1.69676,0.537079
1.69958,0.537085
1.7024,0.537092
1.70522,0.537098
1.70804,0.537103
1.71086,0.537109
1.71368,0.537114
1.7165,0.537119
1.71932,0.537124
1.72214,0.537128
1.72496,0.537132
1.72779,0.537136
1.73061,0.53714
1.73343,0.537144
1.73625,0.537147
1.73907,0.53715
1.74189,0.537154
1.74471,0.537157
1.74753,0.537159
1.75035,0.537162
1.75317,0.537164
1.75599,0.537167
1.75882,0.537169
1.76164,0.537171
1.76446,0.537173
1.76728,0.537175
1.7701,0.537177
1.77292,0.537179
1.77574,0.53718
1.77856,0.537182
1.78138,0.537183
1.7842,0.537185
1.78702,0.537186
1.78984,0.537187
1.79267,0.537189
1.79549,0.53719
1.79831,0.537191
1.80113,0.537192
1.80395,0.537193
1.80677,0.537194
1.80959,0.537194
1.81241,0.537195
1.81523,0.537196
1.81805,0.537197
1.82087,0.537197
1.8237,0.537198
1.82652,0.537198
1.82934,0.537199
1.83216,0.5372
1.83498,0.5372
1.8378,0.537201
1.84062,0.537201
1.84344,0.537201
1.84626,0.537202
1.84908,0.537202
1.8519,0.537202
1.85472,0.537203
1.85755,0.537203
1.86037,0.537203
1.86319,0.537204
1.86601,0.537204
1.86883,0.537204
1.87165,0.537204
1.87447,0.537205
1.87729,0.537205
1.88011,0.537205
1.88293,0.537205
1.88575,0.537205
1.88858,0.537206
1.8914,0.537206
1.89422,0.537206
1.89704,0.537206
1.89986,0.537206
1.90268,0.537206
1.9055,0.537206
1.90832,0.537206
1.91114,0.537206
1.91396,0.537207
1.91678,0.537207
1.91961,0.537207
1.92243,0.537207
1.92525,0.537207
1.92807,0.537207
1.93089,0.537207
1.93371,0.537207
1.93653,0.537207
1.93935,0.537207
1.94217,0.537207
1.94499,0.537207
1.94781,0.537207
1.95063,0.537207
1.95346,0.537207
1.95628,0.537207
1.9591,0.537207
1.96192,0.537207
1.96474,0.537207
1.96756,0.537207
1.97038,0.537208
1.9732,0.537208
1.97602,0.537208
1.97884,0.537208
1.98166,0.537208
1.98449,0.537208
1.98731,0.537208
1.99013,0.537208
1.99295,0.537208
1.99577,0.537208
1.99859,0.537208
