0.00102881,0
0.00308642,8.87491e-09
0.00514403,1.82163e-08
0.00720165,2.80477e-08
0.00925926,3.83937e-08
0.0113169,4.928e-08
0.0133745,6.07337e-08
0.0154321,7.27831e-08
0.0174897,8.54577e-08
0.0195473,9.87887e-08
0.0216049,1.12809e-07
0.0236626,1.27551e-07
0.0257202,1.43053e-07
0.0277778,1.5935e-07
0.0298354,1.76482e-07
0.031893,1.94489e-07
0.0339506,2.13415e-07
0.0360082,2.33305e-07
0.0380658,2.54204e-07
0.0401235,2.76163e-07
0.0421811,2.99231e-07
0.0442387,3.23464e-07
0.0462963,3.48916e-07
0.0483539,3.75646e-07
0.0504115,4.03717e-07
0.0524691,4.3319e-07
0.0545267,4.64135e-07
0.0565844,4.9662e-07
0.058642,5.30718e-07
0.0606996,5.66506e-07
0.0627572,6.04064e-07
0.0648148,6.43475e-07
0.0668724,6.84826e-07
0.06893,7.28208e-07
0.0709877,7.73716e-07
0.0730453,8.21449e-07
0.0751029,8.71511e-07
0.0771605,9.24009e-07
0.0792181,9.79056e-07
0.0812757,1.03677e-06
0.0833333,1.09728e-06
0.0853909,1.1607e-06
0.0874486,1.22717e-06
0.0895062,1.29684e-06
0.0915638,1.36984e-06
0.0936214,1.44633e-06
0.095679,1.52646e-06
0.0977366,1.61041e-06
0.0997942,1.69834e-06
0.101852,1.79044e-06
0.103909,1.88688e-06
0.105967,1.98787e-06
0.108025,2.0936e-06
0.110082,2.2043e-06
0.11214,2.32017e-06
0.114198,2.44145e-06
0.116255,2.56838e-06
0.118313,2.70121e-06
0.12037,2.84019e-06
0.122428,2.98559e-06
0.124486,3.1377e-06
0.126543,3.29682e-06
0.128601,3.46323e-06
0.130658,3.63726e-06
0.132716,3.81925e-06
0.134774,4.00952e-06
0.136831,4.20845e-06
0.138889,4.4164e-06
0.140947,4.63375e-06
0.143004,4.86091e-06
0.145062,5.0983e-06
0.147119,5.34635e-06
0.149177,5.60551e-06
0.151235,5.87624e-06
0.153292,6.15905e-06
0.15535,6.45443e-06
0.157407,6.76291e-06
0.159465,7.08504e-06
0.161523,7.42138e-06
0.16358,7.77253e-06
0.165638,8.1391e-06
0.167695,8.52172e-06
0.169753,8.92106e-06
0.171811,9.3378e-06
0.173868,9.77266e-06
0.175926,1.02264e-05
0.177984,1.06997e-05
0.180041,1.11935e-05
0.182099,1.17084e-05
0.184156,1.22455e-05
0.186214,1.28056e-05
0.188272,1.33896e-05
0.190329,1.39985e-05
0.192387,1.46332e-05
0.194444,1.52948e-05
0.196502,1.59844e-05
0.19856,1.67031e-05
0.200617,1.74519e-05
0.202675,1.82321e-05
0.204733,1.9045e-05
0.20679,1.98917e-05
0.208848,2.07737e-05
0.210905,2.16923e-05
0.212963,2.26488e-05
0.215021,2.36449e-05
0.217078,2.46819e-05
0.219136,2.57615e-05
0.221193,2.68852e-05
0.223251,2.80549e-05
0.225309,2.92721e-05
0.227366,3.05388e-05
0.229424,3.18568e-05
0.231481,3.32279e-05
0.233539,3.46543e-05
0.235597,3.6138e-05
0.237654,3.76811e-05
0.239712,3.92859e-05
0.24177,4.09545e-05
0.243827,4.26894e-05
0.245885,4.44931e-05
0.247942,4.6368e-05
0.25,4.83167e-05
0.252058,5.0342e-05
0.254115,5.24466e-05
0.256173,5.46334e-05
0.25823,5.69054e-05
0.260288,5.92656e-05
0.262346,6.17173e-05
0.264403,6.42636e-05
0.266461,6.6908e-05
0.268519,6.96539e-05
0.270576,7.2505e-05
0.272634,7.54649e-05
0.274691,7.85375e-05
0.276749,8.17267e-05
0.278807,8.50366e-05
0.280864,8.84715e-05
0.282922,9.20356e-05
0.284979,9.57335e-05
0.287037,9.95697e-05
0.289095,0.000103549
0.291152,0.000107676
0.29321,0.000111957
0.295267,0.000116395
0.297325,0.000120997
0.299383,0.000125769
0.30144,0.000130715
0.303498,0.000135842
0.305556,0.000141155
0.307613,0.000146662
0.309671,0.000152368
0.311728,0.00015828
0.313786,0.000164404
0.315844,0.000170748
0.317901,0.00017732
0.319959,0.000184125
0.322016,0.000191173
0.324074,0.00019847
0.326132,0.000206025
0.328189,0.000213846
0.330247,0.000221941
0.332305,0.00023032
0.334362,0.000238991
0.33642,0.000247964
0.338477,0.000257248
0.340535,0.000266853
0.342593,0.000276788
0.34465,0.000287065
0.346708,0.000297694
0.348765,0.000308685
0.350823,0.00032005
0.352881,0.0003318
0.354938,0.000343948
0.356996,0.000356505
0.359053,0.000369483
0.361111,0.000382895
0.363169,0.000396755
0.365226,0.000411076
0.367284,0.000425872
0.369342,0.000441156
0.371399,0.000456943
0.373457,0.000473248
0.375514,0.000490086
0.377572,0.000507473
0.37963,0.000525425
0.381687,0.000543958
0.383745,0.000563089
0.385802,0.000582834
0.38786,0.000603213
0.389918,0.000624243
0.391975,0.000645941
0.394033,0.000668328
0.396091,0.000691423
0.398148,0.000715245
0.400206,0.000739815
0.402263,0.000765153
0.404321,0.000791281
0.406379,0.000818221
0.408436,0.000845995
0.410494,0.000874625
0.412551,0.000904135
0.414609,0.000934549
0.416667,0.000965891
0.418724,0.000998186
0.420782,0.00103146
0.42284,0.00106574
0.424897,0.00110105
0.426955,0.00113741
0.429012,0.00117487
0.43107,0.00121343
0.433128,0.00125315
0.435185,0.00129403
0.437243,0.00133612
0.4393,0.00137944
0.441358,0.00142402
0.443416,0.00146991
0.445473,0.00151712
0.447531,0.0015657
0.449588,0.00161567
0.451646,0.00166708
0.453704,0.00171995
0.455761,0.00177433
0.457819,0.00183025
0.459877,0.00188775
0.461934,0.00194687
0.463992,0.00200764
0.466049,0.00207011
0.468107,0.00213431
0.470165,0.00220029
0.472222,0.00226809
0.47428,0.00233775
0.476337,0.00240932
0.478395,0.00248284
0.480453,0.00255835
0.48251,0.00263591
0.484568,0.00271555
0.486626,0.00279733
0.488683,0.00288129
0.490741,0.00296749
0.492798,0.00305597
0.494856,0.00314678
0.496914,0.00323998
0.498971,0.00333562
0.501029,0.00343374
0.503086,0.00353442
0.505144,0.00363769
0.507202,0.00374363
0.509259,0.00385227
0.511317,0.00396369
0.513374,0.00407794
0.515432,0.00419508
0.51749,0.00431517
0.519547,0.00443827
0.521605,0.00456444
0.523663,0.00469375
0.52572,0.00482626
0.527778,0.00496204
0.529835,0.00510115
0.531893,0.00524365
0.533951,0.00538962
0.536008,0.00553913
0.538066,0.00569223
0.540123,0.00584902
0.542181,0.00600954
0.544239,0.00617388
0.546296,0.00634212
0.548354,0.00651431
0.550412,0.00669054
0.552469,0.00687089
0.554527,0.00705543
0.556584,0.00724423
0.558642,0.00743738
0.5607,0.00763496
0.562757,0.00783704
0.564815,0.00804371
0.566872,0.00825504
0.56893,0.00847112
0.570988,0.00869204
0.573045,0.00891787
0.575103,0.00914871
0.57716,0.00938464
0.579218,0.00962574
0.581276,0.0098721
0.583333,0.0101238
0.585391,0.010381
0.587449,0.0106436
0.589506,0.010912
0.591564,0.011186
0.593621,0.0114658
0.595679,0.0117515
0.597737,0.0120432
0.599794,0.012341
0.601852,0.0126449
0.603909,0.0129552
0.605967,0.0132718
0.608025,0.0135949
0.610082,0.0139245
0.61214,0.0142608
0.614198,0.0146038
0.616255,0.0149538
0.618313,0.0153106
0.62037,0.0156745
0.622428,0.0160456
0.624486,0.016424
0.626543,0.0168097
0.628601,0.0172028
0.630658,0.0176036
0.632716,0.0180119
0.634774,0.0184281
0.636831,0.0188521
0.638889,0.0192841
0.640947,0.0197242
0.643004,0.0201724
0.645062,0.020629
0.647119,0.0210939
0.649177,0.0215673
0.651235,0.0220493
0.653292,0.02254
0.65535,0.0230395
0.657407,0.023548
0.659465,0.0240654
0.661523,0.0245919
0.66358,0.0251277
0.665638,0.0256728
0.667695,0.0262273
0.669753,0.0267914
0.671811,0.0273651
0.673868,0.0279485
0.675926,0.0285417
0.677984,0.0291449
0.680041,0.0297582
0.682099,0.0303816
0.684156,0.0310152
0.686214,0.0316592
0.688272,0.0323136
0.690329,0.0329786
0.692387,0.0336542
0.694444,0.0343405
0.696502,0.0350377
0.69856,0.0357458
0.700617,0.0364649
0.702675,0.0371952
0.704733,0.0379367
0.70679,0.0386895
0.708848,0.0394536
0.710905,0.0402293
0.712963,0.0410166
0.715021,0.0418155
0.717078,0.0426262
0.719136,0.0434487
0.721193,0.0442831
0.723251,0.0451296
0.725309,0.0459881
0.727366,0.0468589
0.729424,0.0477418
0.731481,0.0486371
0.733539,0.0495448
0.735597,0.050465
0.737654,0.0513977
0.739712,0.0523431
0.74177,0.0533011
0.743827,0.0542719
0.745885,0.0552556
0.747942,0.0562521
0.75,0.0572616
0.752058,0.058284
0.754115,0.0593196
0.756173,0.0603683
0.75823,0.0614301
0.760288,0.0625052
0.762346,0.0635936
0.764403,0.0646953
0.766461,0.0658104
0.768519,0.0669388
0.770576,0.0680808
0.772634,0.0692362
0.774691,0.0704052
0.776749,0.0715877
0.778807,0.0727839
0.780864,0.0739936
0.782922,0.075217
0.784979,0.0764541
0.787037,0.0777049
0.789095,0.0789694
0.791152,0.0802476
0.79321,0.0815395
0.795267,0.0828452
0.797325,0.0841647
0.799383,0.0854979
0.80144,0.0868448
0.803498,0.0882056
0.805556,0.08958
0.807613,0.0909682
0.809671,0.0923702
0.811728,0.0937858
0.813786,0.0952152
0.815844,0.0966583
0.817901,0.098115
0.819959,0.0995853
0.822016,0.101069
0.824074,0.102567
0.826132,0.104078
0.828189,0.105602
0.830247,0.10714
0.832305,0.108692
0.834362,0.110256
0.83642,0.111835
0.838477,0.113426
0.840535,0.11503
0.842593,0.116648
0.84465,0.118279
0.846708,0.119922
0.848765,0.121579
0.850823,0.123248
0.852881,0.124931
0.854938,0.126626
0.856996,0.128333
0.859053,0.130053
0.861111,0.131786
0.863169,0.13353
0.865226,0.135287
0.867284,0.137057
0.869342,0.138838
0.871399,0.140631
0.873457,0.142436
0.875514,0.144252
0.877572,0.146081
0.87963,0.14792
0.881687,0.149771
0.883745,0.151633
0.885802,0.153507
0.88786,0.155391
0.889918,0.157286
0.891975,0.159191
0.894033,0.161107
0.896091,0.163034
0.898148,0.164971
0.900206,0.166918
0.902263,0.168874
0.904321,0.170841
0.906379,0.172817
0.908436,0.174802
0.910494,0.176797
0.912551,0.178801
0.914609,0.180814
0.916667,0.182835
0.918724,0.184865
0.920782,0.186904
0.92284,0.188951
0.924897,0.191006
0.926955,0.193068
0.929012,0.195138
0.93107,0.197216
0.933128,0.199301
0.935185,0.201393
0.937243,0.203492
0.9393,0.205598
0.941358,0.20771
0.943416,0.209828
0.945473,0.211953
0.947531,0.214083
0.949588,0.216219
0.951646,0.218361
0.953704,0.220507
0.955761,0.222659
0.957819,0.224815
0.959877,0.226976
0.961934,0.229141
0.963992,0.231311
0.966049,0.233484
0.968107,0.235661
0.970165,0.237842
0.972222,0.240025
0.97428,0.242212
0.976337,0.244402
0.978395,0.246594
0.980453,0.248788
0.98251,0.250985
0.984568,0.253183
0.986626,0.255383
0.988683,0.257584
0.990741,0.259787
0.992798,0.26199
0.994856,0.264194
0.996914,0.266399
0.998971,0.268604
1.00103,0.270809
1.00309,0.273013
1.00514,0.275217
1.0072,0.277421
1.00926,0.279623
1.01132,0.281825
1.01337,0.284025
1.01543,0.286223
1.01749,0.28842
1.01955,0.290614
1.0216,0.292806
1.02366,0.294996
1.02572,0.297182
1.02778,0.299366
1.02984,0.301546
1.03189,0.303724
1.03395,0.305897
1.03601,0.308066
1.03807,0.310232
1.04012,0.312393
1.04218,0.314549
1.04424,0.316701
1.0463,0.318847
1.04835,0.320989
1.05041,0.323124
1.05247,0.325255
1.05453,0.327379
1.05658,0.329498
1.05864,0.33161
1.0607,0.333715
1.06276,0.335814
1.06481,0.337906
1.06687,0.339991
1.06893,0.342069
1.07099,0.344139
1.07305,0.346202
1.0751,0.348257
1.07716,0.350304
1.07922,0.352342
1.08128,0.354372
1.08333,0.356394
1.08539,0.358407
1.08745,0.360411
1.08951,0.362405
1.09156,0.364391
1.09362,0.366367
1.09568,0.368333
1.09774,0.37029
1.09979,0.372237
1.10185,0.374174
1.10391,0.3761
1.10597,0.378016
1.10802,0.379922
1.11008,0.381817
1.11214,0.383701
1.1142,0.385574
1.11626,0.387436
1.11831,0.389287
1.12037,0.391127
1.12243,0.392955
1.12449,0.394772
1.12654,0.396577
1.1286,0.39837
1.13066,0.400151
1.13272,0.40192
1.13477,0.403677
1.13683,0.405422
1.13889,0.407155
1.14095,0.408875
1.143,0.410582
1.14506,0.412277
1.14712,0.413959
1.14918,0.415629
1.15123,0.417285
1.15329,0.418929
1.15535,0.42056
1.15741,0.422177
1.15947,0.423782
1.16152,0.425373
1.16358,0.426951
1.16564,0.428516
1.1677,0.430067
1.16975,0.431605
1.17181,0.43313
1.17387,0.434641
1.17593,0.436138
1.17798,0.437622
1.18004,0.439093
1.1821,0.440549
1.18416,0.441992
1.18621,0.443422
1.18827,0.444837
1.19033,0.446239
1.19239,0.447628
1.19444,0.449002
1.1965,0.450363
1.19856,0.45171
1.20062,0.453043
1.20267,0.454362
1.20473,0.455668
1.20679,0.45696
1.20885,0.458238
1.21091,0.459503
1.21296,0.460754
1.21502,0.461991
1.21708,0.463214
1.21914,0.464424
1.22119,0.46562
1.22325,0.466802
1.22531,0.467971
1.22737,0.469127
1.22942,0.470269
1.23148,0.471397
1.23354,0.472512
1.2356,0.473614
1.23765,0.474702
1.23971,0.475778
1.24177,0.476839
1.24383,0.477888
1.24588,0.478924
1.24794,0.479946
1.25,0.480956
1.25206,0.481952
1.25412,0.482936
1.25617,0.483907
1.25823,0.484865
1.26029,0.48581
1.26235,0.486743
1.2644,0.487663
1.26646,0.488571
1.26852,0.489466
1.27058,0.490349
1.27263,0.49122
1.27469,0.492078
1.27675,0.492925
1.27881,0.493759
1.28086,0.494581
1.28292,0.495392
1.28498,0.496191
1.28704,0.496978
1.28909,0.497754
1.29115,0.498518
1.29321,0.499271
1.29527,0.500012
1.29733,0.500743
1.29938,0.501462
1.30144,0.50217
1.3035,0.502867
1.30556,0.503554
1.30761,0.504229
1.30967,0.504894
1.31173,0.505548
1.31379,0.506192
1.31584,0.506826
1.3179,0.507449
1.31996,0.508063
1.32202,0.508666
1.32407,0.509259
1.32613,0.509843
1.32819,0.510416
1.33025,0.51098
1.3323,0.511535
1.33436,0.51208
1.33642,0.512616
1.33848,0.513142
1.34053,0.51366
1.34259,0.514168
1.34465,0.514668
1.34671,0.515158
1.34877,0.51564
1.35082,0.516114
1.35288,0.516579
1.35494,0.517035
1.357,0.517483
1.35905,0.517924
1.36111,0.518356
1.36317,0.51878
1.36523,0.519196
1.36728,0.519604
1.36934,0.520005
1.3714,0.520398
1.37346,0.520784
1.37551,0.521162
1.37757,0.521533
1.37963,0.521897
1.38169,0.522254
1.38374,0.522604
1.3858,0.522947
1.38786,0.523283
1.38992,0.523613
1.39198,0.523936
1.39403,0.524252
1.39609,0.524563
1.39815,0.524867
1.40021,0.525164
1.40226,0.525456
1.40432,0.525742
1.40638,0.526022
1.40844,0.526296
1.41049,0.526564
1.41255,0.526827
1.41461,0.527084
1.41667,0.527336
1.41872,0.527582
1.42078,0.527823
1.42284,0.528059
1.4249,0.52829
1.42695,0.528516
1.42901,0.528737
1.43107,0.528953
1.43313,0.529164
1.43519,0.529371
1.43724,0.529573
1.4393,0.52977
1.44136,0.529963
1.44342,0.530152
1.44547,0.530337
1.44753,0.530517
1.44959,0.530693
1.45165,0.530866
1.4537,0.531034
1.45576,0.531198
1.45782,0.531359
1.45988,0.531515
1.46193,0.531669
1.46399,0.531818
1.46605,0.531964
1.46811,0.532107
1.47016,0.532246
1.47222,0.532381
1.47428,0.532514
1.47634,0.532643
1.4784,0.532769
1.48045,0.532893
1.48251,0.533013
1.48457,0.53313
1.48663,0.533244
1.48868,0.533355
1.49074,0.533464
1.4928,0.53357
1.49486,0.533673
1.49691,0.533774
1.49897,0.533872
1.50103,0.533968
1.50309,0.534061
1.50514,0.534152
1.5072,0.53424
1.50926,0.534326
1.51132,0.53441
1.51337,0.534492
1.51543,0.534572
1.51749,0.534649
1.51955,0.534725
1.5216,0.534798
1.52366,0.53487
1.52572,0.53494
1.52778,0.535007
1.52984,0.535073
1.53189,0.535138
1.53395,0.5352
1.53601,0.535261
1.53807,0.53532
1.54012,0.535377
1.54218,0.535433
1.54424,0.535488
1.5463,0.535541
1.54835,0.535592
1.55041,0.535642
1.55247,0.535691
1.55453,0.535738
1.55658,0.535784
1.55864,0.535828
1.5607,0.535872
1.56276,0.535914
1.56481,0.535955
1.56687,0.535994
1.56893,0.536033
1.57099,0.53607
1.57305,0.536107
1.5751,0.536142
1.57716,0.536176
1.57922,0.536209
1.58128,0.536242
1.58333,0.536273
1.58539,0.536304
1.58745,0.536333
1.58951,0.536362
1.59156,0.536389
1.59362,0.536416
1.59568,0.536443
1.59774,0.536468
1.59979,0.536492
1.60185,0.536516
1.60391,0.536539
1.60597,0.536562
1.60802,0.536583
1.61008,0.536604
1.61214,0.536625
1.6142,0.536645
1.61626,0.536664
1.61831,0.536682
1.62037,0.5367
1.62243,0.536718
1.62449,0.536734
1.62654,0.536751
1.6286,0.536767
1.63066,0.536782
1.63272,0.536797
1.63477,0.536811
1.63683,0.536825
1.63889,0.536838
1.64095,0.536851
1.643,0.536864
1.64506,0.536876
1.64712,0.536888
1.64918,0.536899
1.65123,0.53691
1.65329,0.536921
1.65535,0.536931
1.65741,0.536941
1.65947,0.53695
1.66152,0.53696
1.66358,0.536969
1.66564,0.536977
1.6677,0.536986
1.66975,0.536994
1.67181,0.537002
1.67387,0.537009
1.67593,0.537016
1.67798,0.537024
1.68004,0.53703
1.6821,0.537037
1.68416,0.537043
1.68621,0.537049
1.68827,0.537055
1.69033,0.537061
1.69239,0.537067
1.69444,0.537072
1.6965,0.537077
1.69856,0.537082
1.70062,0.537087
1.70267,0.537091
1.70473,0.537096
1.70679,0.5371
1.70885,0.537104
1.71091,0.537108
1.71296,0.537112
1.71502,0.537116
1.71708,0.537119
1.71914,0.537123
1.72119,0.537126
1.72325,0.537129
1.72531,0.537132
1.72737,0.537135
1.72942,0.537138
1.73148,0.537141
1.73354,0.537143
1.7356,0.537146
1.73765,0.537148
1.73971,0.537151
1.74177,0.537153
1.74383,0.537155
1.74588,0.537157
1.74794,0.537159
1.75,0.537161
1.75206,0.537163
1.75412,0.537165
1.75617,0.537167
1.75823,0.537168
1.76029,0.53717
1.76235,0.537172
1.7644,0.537173
1.76646,0.537174
1.76852,0.537176
1.77058,0.537177
1.77263,0.537178
1.77469,0.53718
1.77675,0.537181
1.77881,0.537182
1.78086,0.537183
1.78292,0.537184
1.78498,0.537185
1.78704,0.537186
1.78909,0.537187
1.79115,0.537188
1.79321,0.537189
1.79527,0.537189
1.79733,0.53719
1.79938,0.537191
1.80144,0.537192
1.8035,0.537192
1.80556,0.537193
1.80761,0.537194
1.80967,0.537194
1.81173,0.537195
1.81379,0.537195
1.81584,0.537196
1.8179,0.537196
1.81996,0.537197
1.82202,0.537197
1.82407,0.537198
1.82613,0.537198
1.82819,0.537199
1.83025,0.537199
1.8323,0.5372
1.83436,0.5372
1.83642,0.5372
1.83848,0.537201
1.84053,0.537201
1.84259,0.537201
1.84465,0.537202
1.84671,0.537202
1.84877,0.537202
1.85082,0.537202
1.85288,0.537203
1.85494,0.537203
1.857,0.537203
1.85905,0.537203
1.86111,0.537203
1.86317,0.537204
1.86523,0.537204
1.86728,0.537204
1.86934,0.537204
1.8714,0.537204
1.87346,0.537205
1.87551,0.537205
1.87757,0.537205
1.87963,0.537205
1.88169,0.537205
1.88374,0.537205
1.8858,0.537205
1.88786,0.537205
1.88992,0.537206
1.89198,0.537206
1.89403,0.537206
1.89609,0.537206
1.89815,0.537206
1.90021,0.537206
1.90226,0.537206
1.90432,0.537206
1.90638,0.537206
1.90844,0.537206
1.91049,0.537206
1.91255,0.537207
1.91461,0.537207
1.91667,0.537207
1.91872,0.537207
1.92078,0.537207
1.92284,0.537207
1.9249,0.537207
1.92695,0.537207
1.92901,0.537207
1.93107,0.537207
1.93313,0.537207
1.93519,0.537207
1.93724,0.537207
1.9393,0.537207
1.94136,0.537207
1.94342,0.537207
1.94547,0.537207
1.94753,0.537207
1.94959,0.537207
1.95165,0.537207
1.9537,0.537207
1.95576,0.537207
1.95782,0.537207
1.95988,0.537207
1.96193,0.537207
1.96399,0.537207
1.96605,0.537207
1.96811,0.537207
1.97016,0.537208
1.97222,0.537208
1.97428,0.537208
1.97634,0.537208
1.9784,0.537208
1.98045,0.537208
1.98251,0.537208
1.98457,0.537208
1.98663,0.537208
1.98868,0.537208
1.99074,0.537208
1.9928,0.537208
1.99486,0.537208
1.99691,0.537208
1.99897,0.537208
