0.0011274,0
0.00338219,9.79732e-09
0.00563698,2.01601e-08
0.00789177,3.11197e-08
0.0101466,4.27089e-08
0.0124014,5.49624e-08
0.0146561,6.79165e-08
0.0169109,8.16097e-08
0.0191657,9.60822e-08
0.0214205,1.11376e-07
0.0236753,1.27537e-07
0.0259301,1.44611e-07
0.0281849,1.62647e-07
0.0304397,1.81698e-07
0.0326945,2.01818e-07
0.0349493,2.23063e-07
0.0372041,2.45496e-07
0.0394589,2.69177e-07
0.0417136,2.94175e-07
0.0439684,3.20559e-07
0.0462232,3.48402e-07
0.048478,3.7778e-07
0.0507328,4.08776e-07
0.0529876,4.41473e-07
0.0552424,4.75961e-07
0.0574972,5.12333e-07
0.059752,5.50688e-07
0.0620068,5.91127e-07
0.0642616,6.3376e-07
0.0665163,6.78698e-07
0.0687711,7.26062e-07
0.0710259,7.75975e-07
0.0732807,8.28569e-07
0.0755355,8.83979e-07
0.0777903,9.4235e-07
0.0800451,1.00383e-06
0.0822999,1.06858e-06
0.0845547,1.13676e-06
0.0868095,1.20855e-06
0.0890643,1.28413e-06
0.0913191,1.36368e-06
0.0935738,1.44741e-06
0.0958286,1.53553e-06
0.0980834,1.62824e-06
0.100338,1.72579e-06
0.102593,1.8284e-06
0.104848,1.93633e-06
0.107103,2.04984e-06
0.109357,2.1692e-06
0.111612,2.29469e-06
0.113867,2.42663e-06
0.116122,2.56531e-06
0.118377,2.71107e-06
0.120631,2.86424e-06
0.122886,3.02519e-06
0.125141,3.19429e-06
0.127396,3.37192e-06
0.129651,3.5585e-06
0.131905,3.75444e-06
0.13416,3.96021e-06
0.136415,4.17624e-06
0.13867,4.40305e-06
0.140924,4.64111e-06
0.143179,4.89098e-06
0.145434,5.15319e-06
0.147689,5.42833e-06
0.149944,5.71699e-06
0.152198,6.0198e-06
0.154453,6.33741e-06
0.156708,6.67051e-06
0.158963,7.0198e-06
0.161218,7.38602e-06
0.163472,7.76996e-06
0.165727,8.1724e-06
0.167982,8.5942e-06
0.170237,9.03622e-06
0.172492,9.49938e-06
0.174746,9.98462e-06
0.177001,1.04929e-05
0.179256,1.10254e-05
0.181511,1.1583e-05
0.183766,1.21669e-05
0.18602,1.27782e-05
0.188275,1.34182e-05
0.19053,1.40881e-05
0.192785,1.47893e-05
0.195039,1.55231e-05
0.197294,1.62908e-05
0.199549,1.70941e-05
0.201804,1.79344e-05
0.204059,1.88133e-05
0.206313,1.97324e-05
0.208568,2.06936e-05
0.210823,2.16985e-05
0.213078,2.27491e-05
0.215333,2.38473e-05
0.217587,2.49951e-05
0.219842,2.61945e-05
0.222097,2.74478e-05
0.224352,2.87572e-05
0.226607,3.01251e-05
0.228861,3.15537e-05
0.231116,3.30458e-05
0.233371,3.46039e-05
0.235626,3.62306e-05
0.23788,3.79289e-05
0.240135,3.97016e-05
0.24239,4.15518e-05
0.244645,4.34826e-05
0.2469,4.54972e-05
0.249154,4.75991e-05
0.251409,4.97917e-05
0.253664,5.20787e-05
0.255919,5.44638e-05
0.258174,5.69508e-05
0.260428,5.9544e-05
0.262683,6.22473e-05
0.264938,6.50652e-05
0.267193,6.80021e-05
0.269448,7.10627e-05
0.271702,7.42518e-05
0.273957,7.75743e-05
0.276212,8.10353e-05
0.278467,8.46403e-05
0.280722,8.83947e-05
0.282976,9.23042e-05
0.285231,9.63747e-05
0.287486,0.000100612
0.289741,0.000105023
0.291995,0.000109614
0.29425,0.000114391
0.296505,0.000119362
0.29876,0.000124534
0.301015,0.000129914
0.303269,0.00013551
0.305524,0.00014133
0.307779,0.000147381
0.310034,0.000153673
0.312289,0.000160214
0.314543,0.000167014
0.316798,0.00017408
0.319053,0.000181424
0.321308,0.000189054
0.323563,0.000196982
0.325817,0.000205217
0.328072,0.000213771
0.330327,0.000222654
0.332582,0.000231878
0.334837,0.000241456
0.337091,0.000251399
0.339346,0.000261719
0.341601,0.000272431
0.343856,0.000283547
0.34611,0.000295081
0.348365,0.000307047
0.35062,0.00031946
0.352875,0.000332335
0.35513,0.000345688
0.357384,0.000359534
0.359639,0.00037389
0.361894,0.000388773
0.364149,0.0004042
0.366404,0.000420189
0.368658,0.000436758
0.370913,0.000453926
0.373168,0.000471713
0.375423,0.000490138
0.377678,0.000509223
0.379932,0.000528988
0.382187,0.000549454
0.384442,0.000570644
0.386697,0.000592581
0.388952,0.000615289
0.391206,0.00063879
0.393461,0.000663111
0.395716,0.000688276
0.397971,0.000714311
0.400225,0.000741243
0.40248,0.0007691
0.404735,0.000797909
0.40699,0.000827699
0.409245,0.0008585
0.411499,0.000890342
0.413754,0.000923256
0.416009,0.000957273
0.418264,0.000992427
0.420519,0.00102875
0.422773,0.00106628
0.425028,0.00110504
0.427283,0.00114508
0.429538,0.00118643
0.431793,0.00122913
0.434047,0.00127322
0.436302,0.00131873
0.438557,0.00136571
0.440812,0.0014142
0.443067,0.00146424
0.445321,0.00151587
0.447576,0.00156913
0.449831,0.00162408
0.452086,0.00168075
0.45434,0.0017392
0.456595,0.00179947
0.45885,0.00186161
0.461105,0.00192567
0.46336,0.00199171
0.465614,0.00205976
0.467869,0.0021299
0.470124,0.00220216
0.472379,0.00227661
0.474634,0.00235331
0.476888,0.0024323
0.479143,0.00251365
0.481398,0.00259742
0.483653,0.00268367
0.485908,0.00277247
0.488162,0.00286387
0.490417,0.00295793
0.492672,0.00305473
0.494927,0.00315434
0.497182,0.00325681
0.499436,0.00336223
0.501691,0.00347065
0.503946,0.00358216
0.506201,0.00369682
0.508455,0.0038147
0.51071,0.0039359
0.512965,0.00406047
0.51522,0.00418851
0.517475,0.00432008
0.519729,0.00445527
0.521984,0.00459416
0.524239,0.00473684
0.526494,0.00488339
0.528749,0.00503389
0.531003,0.00518843
0.533258,0.0053471
0.535513,0.00550999
0.537768,0.0056772
0.540023,0.0058488
0.542277,0.00602491
0.544532,0.0062056
0.546787,0.00639098
0.549042,0.00658115
0.551297,0.0067762
0.553551,0.00697623
0.555806,0.00718135
0.558061,0.00739166
0.560316,0.00760726
0.56257,0.00782825
0.564825,0.00805475
0.56708,0.00828685
0.569335,0.00852468
0.57159,0.00876833
0.573844,0.00901793
0.576099,0.00927357
0.578354,0.00953538
0.580609,0.00980347
0.582864,0.010078
0.585118,0.010359
0.587373,0.0106466
0.589628,0.010941
0.591883,0.0112422
0.594138,0.0115505
0.596392,0.0118658
0.598647,0.0121884
0.600902,0.0125184
0.603157,0.0128558
0.605411,0.0132009
0.607666,0.0135537
0.609921,0.0139143
0.612176,0.014283
0.614431,0.0146597
0.616685,0.0150448
0.61894,0.0154382
0.621195,0.0158401
0.62345,0.0162507
0.625705,0.01667
0.627959,0.0170983
0.630214,0.0175356
0.632469,0.0179821
0.634724,0.018438
0.636979,0.0189032
0.639233,0.0193781
0.641488,0.0198627
0.643743,0.0203572
0.645998,0.0208616
0.648253,0.0213762
0.650507,0.0219011
0.652762,0.0224363
0.655017,0.0229821
0.657272,0.0235386
0.659526,0.0241059
0.661781,0.0246842
0.664036,0.0252736
0.666291,0.0258742
0.668546,0.0264861
0.6708,0.0271096
0.673055,0.0277447
0.67531,0.0283916
0.677565,0.0290503
0.67982,0.0297212
0.682074,0.0304042
0.684329,0.0310995
0.686584,0.0318072
0.688839,0.0325275
0.691094,0.0332605
0.693348,0.0340063
0.695603,0.0347651
0.697858,0.035537
0.700113,0.0363221
0.702368,0.0371205
0.704622,0.0379324
0.706877,0.0387578
0.709132,0.039597
0.711387,0.0404499
0.713641,0.0413168
0.715896,0.0421978
0.718151,0.0430929
0.720406,0.0440023
0.722661,0.0449261
0.724915,0.0458644
0.72717,0.0468173
0.729425,0.0477848
0.73168,0.0487672
0.733935,0.0497645
0.736189,0.0507769
0.738444,0.0518043
0.740699,0.0528469
0.742954,0.0539048
0.745209,0.054978
0.747463,0.0560668
0.749718,0.057171
0.751973,0.0582909
0.754228,0.0594265
0.756483,0.0605778
0.758737,0.061745
0.760992,0.0629281
0.763247,0.0641271
0.765502,0.0653422
0.767756,0.0665734
0.770011,0.0678207
0.772266,0.0690842
0.774521,0.070364
0.776776,0.0716601
0.77903,0.0729724
0.781285,0.0743012
0.78354,0.0756463
0.785795,0.0770079
0.78805,0.0783859
0.790304,0.0797804
0.792559,0.0811914
0.794814,0.0826189
0.797069,0.0840629
0.799324,0.0855234
0.801578,0.0870005
0.803833,0.0884941
0.806088,0.0900041
0.808343,0.0915307
0.810598,0.0930738
0.812852,0.0946333
0.815107,0.0962093
0.817362,0.0978017
0.819617,0.0994104
0.821871,0.101036
0.824126,0.102677
0.826381,0.104335
0.828636,0.106008
0.830891,0.107698
0.833145,0.109404
0.8354,0.111126
0.837655,0.112864
0.83991,0.114618
0.842165,0.116388
0.844419,0.118173
0.846674,0.119974
0.848929,0.121791
0.851184,0.123623
0.853439,0.12547
0.855693,0.127332
0.857948,0.12921
0.860203,0.131102
0.862458,0.13301
0.864713,0.134932
0.866967,0.136868
0.869222,0.13882
0.871477,0.140785
0.873732,0.142765
0.875986,0.144758
0.878241,0.146766
0.880496,0.148787
0.882751,0.150822
0.885006,0.15287
0.88726,0.154931
0.889515,0.157005
0.89177,0.159092
0.894025,0.161192
0.89628,0.163304
0.898534,0.165428
0.900789,0.167565
0.903044,0.169713
0.905299,0.171873
0.907554,0.174045
0.909808,0.176227
0.912063,0.178421
0.914318,0.180625
0.916573,0.18284
0.918828,0.185065
0.921082,0.1873
0.923337,0.189545
0.925592,0.1918
0.927847,0.194064
0.930101,0.196337
0.932356,0.198619
0.934611,0.200909
0.936866,0.203208
0.939121,0.205515
0.941375,0.207829
0.94363,0.210151
0.945885,0.212481
0.94814,0.214817
0.950395,0.21716
0.952649,0.219509
0.954904,0.221865
0.957159,0.224226
0.959414,0.226593
0.961669,0.228965
0.963923,0.231343
0.966178,0.233724
0.968433,0.236111
0.970688,0.238501
0.972943,0.240895
0.975197,0.243293
0.977452,0.245694
0.979707,0.248098
0.981962,0.250504
0.984216,0.252913
0.986471,0.255323
0.988726,0.257736
0.990981,0.260149
0.993236,0.262564
0.99549,0.26498
0.997745,0.267396
1,0.269812
1.00225,0.272228
1.00451,0.274644
1.00676,0.277058
1.00902,0.279472
1.01127,0.281884
1.01353,0.284295
1.01578,0.286704
1.01804,0.28911
1.02029,0.291514
1.02255,0.293915
1.0248,0.296312
1.02706,0.298707
1.02931,0.301097
1.03157,0.303483
1.03382,0.305865
1.03608,0.308242
1.03833,0.310614
1.04059,0.312981
1.04284,0.315343
1.0451,0.317698
1.04735,0.320048
1.04961,0.322391
1.05186,0.324727
1.05411,0.327056
1.05637,0.329378
1.05862,0.331693
1.06088,0.334
1.06313,0.336299
1.06539,0.338589
1.06764,0.340871
1.0699,0.343144
1.07215,0.345408
1.07441,0.347662
1.07666,0.349907
1.07892,0.352143
1.08117,0.354368
1.08343,0.356583
1.08568,0.358787
1.08794,0.360981
1.09019,0.363163
1.09245,0.365334
1.0947,0.367494
1.09696,0.369643
1.09921,0.371779
1.10147,0.373904
1.10372,0.376016
1.10598,0.378116
1.10823,0.380203
1.11048,0.382277
1.11274,0.384338
1.11499,0.386386
1.11725,0.388421
1.1195,0.390442
1.12176,0.392449
1.12401,0.394443
1.12627,0.396423
1.12852,0.398388
1.13078,0.400339
1.13303,0.402276
1.13529,0.404198
1.13754,0.406105
1.1398,0.407998
1.14205,0.409875
1.14431,0.411738
1.14656,0.413585
1.14882,0.415417
1.15107,0.417233
1.15333,0.419034
1.15558,0.42082
1.15784,0.422589
1.16009,0.424343
1.16234,0.426081
1.1646,0.427803
1.16685,0.429509
1.16911,0.431199
1.17136,0.432873
1.17362,0.434531
1.17587,0.436172
1.17813,0.437797
1.18038,0.439406
1.18264,0.440998
1.18489,0.442574
1.18715,0.444134
1.1894,0.445677
1.19166,0.447204
1.19391,0.448714
1.19617,0.450207
1.19842,0.451684
1.20068,0.453145
1.20293,0.454589
1.20519,0.456016
1.20744,0.457427
1.2097,0.458822
1.21195,0.4602
1.21421,0.461561
1.21646,0.462906
1.21871,0.464235
1.22097,0.465548
1.22322,0.466844
1.22548,0.468123
1.22773,0.469387
1.22999,0.470634
1.23224,0.471865
1.2345,0.473081
1.23675,0.47428
1.23901,0.475463
1.24126,0.47663
1.24352,0.477781
1.24577,0.478917
1.24803,0.480037
1.25028,0.481141
1.25254,0.48223
1.25479,0.483303
1.25705,0.484361
1.2593,0.485403
1.26156,0.486431
1.26381,0.487443
1.26607,0.48844
1.26832,0.489423
1.27057,0.49039
1.27283,0.491343
1.27508,0.492282
1.27734,0.493205
1.27959,0.494115
1.28185,0.49501
1.2841,0.495891
1.28636,0.496758
1.28861,0.497611
1.29087,0.49845
1.29312,0.499275
1.29538,0.500087
1.29763,0.500886
1.29989,0.501671
1.30214,0.502443
1.3044,0.503201
1.30665,0.503947
1.30891,0.50468
1.31116,0.5054
1.31342,0.506108
1.31567,0.506804
1.31793,0.507487
1.32018,0.508157
1.32244,0.508816
1.32469,0.509463
1.32694,0.510098
1.3292,0.510722
1.33145,0.511333
1.33371,0.511934
1.33596,0.512523
1.33822,0.513102
1.34047,0.513669
1.34273,0.514226
1.34498,0.514771
1.34724,0.515307
1.34949,0.515831
1.35175,0.516346
1.354,0.516851
1.35626,0.517345
1.35851,0.51783
1.36077,0.518304
1.36302,0.51877
1.36528,0.519226
1.36753,0.519672
1.36979,0.520109
1.37204,0.520538
1.3743,0.520957
1.37655,0.521368
1.3788,0.521769
1.38106,0.522163
1.38331,0.522548
1.38557,0.522925
1.38782,0.523293
1.39008,0.523654
1.39233,0.524007
1.39459,0.524352
1.39684,0.524689
1.3991,0.525019
1.40135,0.525342
1.40361,0.525657
1.40586,0.525965
1.40812,0.526267
1.41037,0.526561
1.41263,0.526849
1.41488,0.52713
1.41714,0.527404
1.41939,0.527672
1.42165,0.527934
1.4239,0.52819
1.42616,0.528439
1.42841,0.528683
1.43067,0.528921
1.43292,0.529153
1.43517,0.529379
1.43743,0.5296
1.43968,0.529816
1.44194,0.530026
1.44419,0.530231
1.44645,0.530431
1.4487,0.530627
1.45096,0.530817
1.45321,0.531002
1.45547,0.531183
1.45772,0.531359
1.45998,0.53153
1.46223,0.531698
1.46449,0.531861
1.46674,0.532019
1.469,0.532174
1.47125,0.532324
1.47351,0.532471
1.47576,0.532614
1.47802,0.532752
1.48027,0.532888
1.48253,0.533019
1.48478,0.533147
1.48703,0.533272
1.48929,0.533393
1.49154,0.533511
1.4938,0.533626
1.49605,0.533737
1.49831,0.533845
1.50056,0.533951
1.50282,0.534053
1.50507,0.534153
1.50733,0.53425
1.50958,0.534344
1.51184,0.534435
1.51409,0.534524
1.51635,0.53461
1.5186,0.534694
1.52086,0.534775
1.52311,0.534854
1.52537,0.534931
1.52762,0.535006
1.52988,0.535078
1.53213,0.535148
1.53439,0.535216
1.53664,0.535282
1.5389,0.535346
1.54115,0.535408
1.5434,0.535468
1.54566,0.535527
1.54791,0.535584
1.55017,0.535639
1.55242,0.535692
1.55468,0.535743
1.55693,0.535793
1.55919,0.535842
1.56144,0.535889
1.5637,0.535934
1.56595,0.535979
1.56821,0.536021
1.57046,0.536063
1.57272,0.536103
1.57497,0.536141
1.57723,0.536179
1.57948,0.536215
1.58174,0.53625
1.58399,0.536284
1.58625,0.536317
1.5885,0.536349
1.59076,0.53638
1.59301,0.53641
1.59526,0.536439
1.59752,0.536466
1.59977,0.536493
1.60203,0.536519
1.60428,0.536545
1.60654,0.536569
1.60879,0.536592
1.61105,0.536615
1.6133,0.536637
1.61556,0.536658
1.61781,0.536679
1.62007,0.536698
1.62232,0.536718
1.62458,0.536736
1.62683,0.536754
1.62909,0.536771
1.63134,0.536787
1.6336,0.536803
1.63585,0.536819
1.63811,0.536834
1.64036,0.536848
1.64262,0.536862
1.64487,0.536875
1.64713,0.536888
1.64938,0.536901
1.65163,0.536913
1.65389,0.536924
1.65614,0.536935
1.6584,0.536946
1.66065,0.536956
1.66291,0.536966
1.66516,0.536976
1.66742,0.536985
1.66967,0.536994
1.67193,0.537002
1.67418,0.537011
1.67644,0.537019
1.67869,0.537026
1.68095,0.537034
1.6832,0.537041
1.68546,0.537047
1.68771,0.537054
1.68997,0.53706
1.69222,0.537066
1.69448,0.537072
1.69673,0.537078
1.69899,0.537083
1.70124,0.537088
1.70349,0.537093
1.70575,0.537098
1.708,0.537103
1.71026,0.537107
1.71251,0.537111
1.71477,0.537115
1.71702,0.537119
1.71928,0.537123
1.72153,0.537127
1.72379,0.53713
1.72604,0.537133
1.7283,0.537137
1.73055,0.53714
1.73281,0.537143
1.73506,0.537145
1.73732,0.537148
1.73957,0.537151
1.74183,0.537153
1.74408,0.537156
1.74634,0.537158
1.74859,0.53716
1.75085,0.537162
1.7531,0.537164
1.75536,0.537166
1.75761,0.537168
1.75986,0.53717
1.76212,0.537171
1.76437,0.537173
1.76663,0.537175
1.76888,0.537176
1.77114,0.537178
1.77339,0.537179
1.77565,0.53718
1.7779,0.537181
1.78016,0.537183
1.78241,0.537184
1.78467,0.537185
1.78692,0.537186
1.78918,0.537187
1.79143,0.537188
1.79369,0.537189
1.79594,0.53719
1.7982,0.537191
1.80045,0.537191
1.80271,0.537192
1.80496,0.537193
1.80722,0.537194
1.80947,0.537194
1.81172,0.537195
1.81398,0.537196
1.81623,0.537196
1.81849,0.537197
1.82074,0.537197
1.823,0.537198
1.82525,0.537198
1.82751,0.537199
1.82976,0.537199
1.83202,0.537199
1.83427,0.5372
1.83653,0.5372
1.83878,0.537201
1.84104,0.537201
1.84329,0.537201
1.84555,0.537202
1.8478,0.537202
1.85006,0.537202
1.85231,0.537203
1.85457,0.537203
1.85682,0.537203
1.85908,0.537203
1.86133,0.537203
1.86359,0.537204
1.86584,0.537204
1.86809,0.537204
1.87035,0.537204
1.8726,0.537204
1.87486,0.537205
1.87711,0.537205
1.87937,0.537205
1.88162,0.537205
1.88388,0.537205
1.88613,0.537205
1.88839,0.537206
1.89064,0.537206
1.8929,0.537206
1.89515,0.537206
1.89741,0.537206
1.89966,0.537206
1.90192,0.537206
1.90417,0.537206
1.90643,0.537206
1.90868,0.537206
1.91094,0.537206
1.91319,0.537207
1.91545,0.537207
1.9177,0.537207
1.91995,0.537207
1.92221,0.537207
1.92446,0.537207
1.92672,0.537207
1.92897,0.537207
1.93123,0.537207
1.93348,0.537207
1.93574,0.537207
1.93799,0.537207
1.94025,0.537207
1.9425,0.537207
1.94476,0.537207
1.94701,0.537207
1.94927,0.537207
1.95152,0.537207
1.95378,0.537207
1.95603,0.537207
1.95829,0.537207
1.96054,0.537207
1.9628,0.537207
1.96505,0.537207
1.96731,0.537207
1.96956,0.537208
1.97182,0.537208
1.97407,0.537208
1.97632,0.537208
1.97858,0.537208
1.98083,0.537208
1.98309,0.537208
1.98534,0.537208
1.9876,0.537208
1.98985,0.537208
1.99211,0.537208
1.99436,0.537208
1.99662,0.537208
1.99887,0.537208
