0.00103413,0
0.00310238,8.92435e-09
0.00517063,1.83203e-08
0.00723888,2.82116e-08
0.00930714,3.86234e-08
0.0113754,4.95819e-08
0.0134436,6.11144e-08
0.0155119,7.32499e-08
0.0175801,8.60185e-08
0.0196484,9.94517e-08
0.0217166,1.13583e-07
0.0237849,1.28446e-07
0.0258532,1.44078e-07
0.0279214,1.60516e-07
0.0299897,1.77802e-07
0.0320579,1.95975e-07
0.0341262,2.1508e-07
0.0361944,2.35162e-07
0.0382627,2.56269e-07
0.0403309,2.78451e-07
0.0423992,3.0176e-07
0.0444674,3.26251e-07
0.0465357,3.51981e-07
0.0486039,3.79011e-07
0.0506722,4.07401e-07
0.0527404,4.37218e-07
0.0548087,4.68531e-07
0.0568769,5.01409e-07
0.0589452,5.35929e-07
0.0610134,5.72169e-07
0.0630817,6.10209e-07
0.0651499,6.50136e-07
0.0672182,6.92037e-07
0.0692865,7.36007e-07
0.0713547,7.82141e-07
0.073423,8.30543e-07
0.0754912,8.81317e-07
0.0775595,9.34574e-07
0.0796277,9.90431e-07
0.081696,1.04901e-06
0.0837642,1.11043e-06
0.0858325,1.17482e-06
0.0879007,1.24233e-06
0.089969,1.3131e-06
0.0920372,1.38727e-06
0.0941055,1.46501e-06
0.0961737,1.54646e-06
0.098242,1.63181e-06
0.10031,1.72123e-06
0.102378,1.8149e-06
0.104447,1.91302e-06
0.106515,2.01578e-06
0.108583,2.12339e-06
0.110651,2.23607e-06
0.11272,2.35405e-06
0.114788,2.47757e-06
0.116856,2.60686e-06
0.118925,2.74218e-06
0.120993,2.8838e-06
0.123061,3.032e-06
0.125129,3.18707e-06
0.127198,3.34931e-06
0.129266,3.51902e-06
0.131334,3.69654e-06
0.133402,3.88221e-06
0.135471,4.07637e-06
0.137539,4.2794e-06
0.139607,4.49168e-06
0.141675,4.7136e-06
0.143744,4.94558e-06
0.145812,5.18805e-06
0.14788,5.44146e-06
0.149948,5.70626e-06
0.152017,5.98295e-06
0.154085,6.27203e-06
0.156153,6.57401e-06
0.158221,6.88944e-06
0.16029,7.21889e-06
0.162358,7.56294e-06
0.164426,7.9222e-06
0.166494,8.29731e-06
0.168563,8.68891e-06
0.170631,9.09769e-06
0.172699,9.52436e-06
0.174767,9.96965e-06
0.176836,1.04343e-05
0.178904,1.09192e-05
0.180972,1.1425e-05
0.18304,1.19528e-05
0.185109,1.25032e-05
0.187177,1.30773e-05
0.189245,1.36761e-05
0.191313,1.43004e-05
0.193382,1.49513e-05
0.19545,1.563e-05
0.197518,1.63374e-05
0.199586,1.70747e-05
0.201655,1.78432e-05
0.203723,1.8644e-05
0.205791,1.94784e-05
0.207859,2.03478e-05
0.209928,2.12535e-05
0.211996,2.21968e-05
0.214064,2.31794e-05
0.216132,2.42026e-05
0.218201,2.52682e-05
0.220269,2.63776e-05
0.222337,2.75326e-05
0.224405,2.87349e-05
0.226474,2.99863e-05
0.228542,3.12888e-05
0.23061,3.26442e-05
0.232678,3.40545e-05
0.234747,3.55218e-05
0.236815,3.70482e-05
0.238883,3.8636e-05
0.240951,4.02875e-05
0.24302,4.20049e-05
0.245088,4.37909e-05
0.247156,4.56478e-05
0.249224,4.75783e-05
0.251293,4.95851e-05
0.253361,5.1671e-05
0.255429,5.3839e-05
0.257497,5.60919e-05
0.259566,5.84328e-05
0.261634,6.0865e-05
0.263702,6.33916e-05
0.26577,6.60162e-05
0.267839,6.87422e-05
0.269907,7.15733e-05
0.271975,7.4513e-05
0.274043,7.75654e-05
0.276112,8.07344e-05
0.27818,8.40241e-05
0.280248,8.74387e-05
0.282316,9.09825e-05
0.284385,9.46602e-05
0.286453,9.84763e-05
0.288521,0.000102436
0.290589,0.000106543
0.292658,0.000110804
0.294726,0.000115223
0.296794,0.000119806
0.298862,0.000124558
0.300931,0.000129486
0.302999,0.000134595
0.305067,0.000139891
0.307135,0.00014538
0.309204,0.000151069
0.311272,0.000156965
0.31334,0.000163075
0.315408,0.000169404
0.317477,0.000175962
0.319545,0.000182755
0.321613,0.00018979
0.323681,0.000197077
0.32575,0.000204622
0.327818,0.000212434
0.329886,0.000220523
0.331954,0.000228896
0.334023,0.000237563
0.336091,0.000246533
0.338159,0.000255816
0.340228,0.000265422
0.342296,0.00027536
0.344364,0.000285642
0.346432,0.000296277
0.348501,0.000307278
0.350569,0.000318654
0.352637,0.000330419
0.354705,0.000342584
0.356774,0.00035516
0.358842,0.000368161
0.36091,0.0003816
0.362978,0.00039549
0.365047,0.000409843
0.367115,0.000424675
0.369183,0.00044
0.371251,0.000455832
0.37332,0.000472186
0.375388,0.000489078
0.377456,0.000506524
0.379524,0.000524539
0.381593,0.00054314
0.383661,0.000562345
0.385729,0.000582171
0.387797,0.000602635
0.389866,0.000623757
0.391934,0.000645554
0.394002,0.000668046
0.39607,0.000691253
0.398139,0.000715195
0.400207,0.000739892
0.402275,0.000765366
0.404343,0.000791638
0.406412,0.00081873
0.40848,0.000846665
0.410548,0.000875466
0.412616,0.000905157
0.414685,0.000935762
0.416753,0.000967306
0.418821,0.000999814
0.420889,0.00103331
0.422958,0.00106783
0.425026,0.00110338
0.427094,0.00114001
0.429162,0.00117774
0.431231,0.00121659
0.433299,0.00125661
0.435367,0.00129781
0.437435,0.00134023
0.439504,0.0013839
0.441572,0.00142885
0.44364,0.00147511
0.445708,0.00152273
0.447777,0.00157172
0.449845,0.00162213
0.451913,0.00167399
0.453981,0.00172734
0.45605,0.00178222
0.458118,0.00183866
0.460186,0.00189669
0.462254,0.00195637
0.464323,0.00201773
0.466391,0.00208081
0.468459,0.00214564
0.470527,0.00221229
0.472596,0.00228077
0.474664,0.00235115
0.476732,0.00242346
0.4788,0.00249775
0.480869,0.00257407
0.482937,0.00265245
0.485005,0.00273296
0.487073,0.00281563
0.489142,0.00290053
0.49121,0.00298769
0.493278,0.00307717
0.495346,0.00316902
0.497415,0.00326329
0.499483,0.00336004
0.501551,0.00345932
0.503619,0.00356118
0.505688,0.00366569
0.507756,0.0037729
0.509824,0.00388287
0.511892,0.00399566
0.513961,0.00411132
0.516029,0.00422991
0.518097,0.00435151
0.520165,0.00447617
0.522234,0.00460395
0.524302,0.00473492
0.52637,0.00486915
0.528438,0.0050067
0.530507,0.00514763
0.532575,0.00529202
0.534643,0.00543993
0.536711,0.00559144
0.53878,0.00574661
0.540848,0.00590552
0.542916,0.00606824
0.544984,0.00623484
0.547053,0.0064054
0.549121,0.00657999
0.551189,0.00675869
0.553257,0.00694157
0.555326,0.00712872
0.557394,0.00732021
0.559462,0.00751612
0.561531,0.00771654
0.563599,0.00792154
0.565667,0.00813121
0.567735,0.00834562
0.569804,0.00856488
0.571872,0.00878905
0.57394,0.00901823
0.576008,0.0092525
0.578077,0.00949195
0.580145,0.00973667
0.582213,0.00998674
0.584281,0.0102423
0.58635,0.0105033
0.588418,0.01077
0.590486,0.0110424
0.592554,0.0113207
0.594623,0.0116048
0.596691,0.0118949
0.598759,0.0121912
0.600827,0.0124936
0.602896,0.0128023
0.604964,0.0131174
0.607032,0.013439
0.6091,0.0137672
0.611169,0.0141021
0.613237,0.0144437
0.615305,0.0147922
0.617373,0.0151477
0.619442,0.0155103
0.62151,0.0158801
0.623578,0.0162572
0.625646,0.0166416
0.627715,0.0170336
0.629783,0.0174331
0.631851,0.0178404
0.633919,0.0182554
0.635988,0.0186784
0.638056,0.0191094
0.640124,0.0195484
0.642192,0.0199958
0.644261,0.0204514
0.646329,0.0209155
0.648397,0.0213881
0.650465,0.0218694
0.652534,0.0223594
0.654602,0.0228582
0.65667,0.0233661
0.658738,0.023883
0.660807,0.024409
0.662875,0.0249444
0.664943,0.0254891
0.667011,0.0260433
0.66908,0.0266072
0.671148,0.0271807
0.673216,0.027764
0.675284,0.0283572
0.677353,0.0289605
0.679421,0.0295738
0.681489,0.0301974
0.683557,0.0308313
0.685626,0.0314756
0.687694,0.0321305
0.689762,0.032796
0.69183,0.0334722
0.693899,0.0341592
0.695967,0.0348571
0.698035,0.0355661
0.700103,0.0362862
0.702172,0.0370175
0.70424,0.0377601
0.706308,0.0385141
0.708376,0.0392796
0.710445,0.0400567
0.712513,0.0408454
0.714581,0.041646
0.716649,0.0424584
0.718718,0.0432827
0.720786,0.0441191
0.722854,0.0449676
0.724922,0.0458283
0.726991,0.0467013
0.729059,0.0475866
0.731127,0.0484844
0.733195,0.0493947
0.735264,0.0503176
0.737332,0.0512532
0.7394,0.0522015
0.741468,0.0531626
0.743537,0.0541366
0.745605,0.0551236
0.747673,0.0561236
0.749741,0.0571366
0.75181,0.0581628
0.753878,0.0592022
0.755946,0.0602548
0.758014,0.0613208
0.760083,0.0624001
0.762151,0.0634929
0.764219,0.064599
0.766287,0.0657188
0.768356,0.066852
0.770424,0.0679989
0.772492,0.0691593
0.77456,0.0703335
0.776629,0.0715213
0.778697,0.0727229
0.780765,0.0739383
0.782834,0.0751674
0.784902,0.0764104
0.78697,0.0776672
0.789038,0.0789378
0.791107,0.0802223
0.793175,0.0815207
0.795243,0.082833
0.797311,0.0841592
0.79938,0.0854993
0.801448,0.0868532
0.803516,0.0882211
0.805584,0.0896029
0.807653,0.0909985
0.809721,0.0924081
0.811789,0.0938315
0.813857,0.0952687
0.815926,0.0967197
0.817994,0.0981846
0.820062,0.0996632
0.82213,0.101156
0.824199,0.102662
0.826267,0.104181
0.828335,0.105715
0.830403,0.107262
0.832472,0.108822
0.83454,0.110396
0.836608,0.111984
0.838676,0.113585
0.840745,0.115199
0.842813,0.116826
0.844881,0.118467
0.846949,0.12012
0.849018,0.121787
0.851086,0.123467
0.853154,0.12516
0.855222,0.126865
0.857291,0.128583
0.859359,0.130314
0.861427,0.132057
0.863495,0.133813
0.865564,0.135581
0.867632,0.137362
0.8697,0.139154
0.871768,0.140959
0.873837,0.142775
0.875905,0.144603
0.877973,0.146443
0.880041,0.148295
0.88211,0.150157
0.884178,0.152031
0.886246,0.153917
0.888314,0.155813
0.890383,0.15772
0.892451,0.159638
0.894519,0.161567
0.896587,0.163506
0.898656,0.165455
0.900724,0.167414
0.902792,0.169384
0.90486,0.171363
0.906929,0.173352
0.908997,0.17535
0.911065,0.177358
0.913133,0.179375
0.915202,0.1814
0.91727,0.183435
0.919338,0.185478
0.921406,0.18753
0.923475,0.18959
0.925543,0.191657
0.927611,0.193733
0.929679,0.195817
0.931748,0.197908
0.933816,0.200006
0.935884,0.202111
0.937952,0.204223
0.940021,0.206342
0.942089,0.208467
0.944157,0.210599
0.946225,0.212736
0.948294,0.21488
0.950362,0.217029
0.95243,0.219183
0.954498,0.221343
0.956567,0.223508
0.958635,0.225677
0.960703,0.227851
0.962771,0.230029
0.96484,0.232212
0.966908,0.234398
0.968976,0.236588
0.971044,0.238781
0.973113,0.240977
0.975181,0.243176
0.977249,0.245378
0.979317,0.247583
0.981386,0.24979
0.983454,0.251998
0.985522,0.254209
0.98759,0.256421
0.989659,0.258634
0.991727,0.260848
0.993795,0.263064
0.995863,0.26528
0.997932,0.267496
1,0.269712
1.00207,0.271928
1.00414,0.274144
1.0062,0.276359
1.00827,0.278574
1.01034,0.280787
1.01241,0.282999
1.01448,0.285209
1.01655,0.287418
1.01861,0.289625
1.02068,0.291829
1.02275,0.294031
1.02482,0.296231
1.02689,0.298427
1.02896,0.30062
1.03102,0.30281
1.03309,0.304996
1.03516,0.307178
1.03723,0.309357
1.0393,0.311531
1.04137,0.3137
1.04343,0.315865
1.0455,0.318024
1.04757,0.320179
1.04964,0.322328
1.05171,0.324471
1.05377,0.326609
1.05584,0.32874
1.05791,0.330866
1.05998,0.332984
1.06205,0.335097
1.06412,0.337202
1.06618,0.3393
1.06825,0.341391
1.07032,0.343474
1.07239,0.34555
1.07446,0.347618
1.07653,0.349678
1.07859,0.35173
1.08066,0.353773
1.08273,0.355807
1.0848,0.357833
1.08687,0.35985
1.08893,0.361858
1.091,0.363856
1.09307,0.365845
1.09514,0.367824
1.09721,0.369793
1.09928,0.371753
1.10134,0.373702
1.10341,0.375641
1.10548,0.377569
1.10755,0.379487
1.10962,0.381395
1.11169,0.383291
1.11375,0.385176
1.11582,0.38705
1.11789,0.388913
1.11996,0.390765
1.12203,0.392604
1.1241,0.394433
1.12616,0.396249
1.12823,0.398054
1.1303,0.399846
1.13237,0.401626
1.13444,0.403395
1.1365,0.40515
1.13857,0.406894
1.14064,0.408625
1.14271,0.410343
1.14478,0.412048
1.14685,0.413741
1.14891,0.415421
1.15098,0.417087
1.15305,0.418741
1.15512,0.420382
1.15719,0.422009
1.15926,0.423623
1.16132,0.425224
1.16339,0.426811
1.16546,0.428385
1.16753,0.429946
1.1696,0.431493
1.17166,0.433026
1.17373,0.434546
1.1758,0.436052
1.17787,0.437544
1.17994,0.439023
1.18201,0.440488
1.18407,0.441939
1.18614,0.443376
1.18821,0.4448
1.19028,0.446209
1.19235,0.447605
1.19442,0.448987
1.19648,0.450354
1.19855,0.451708
1.20062,0.453048
1.20269,0.454375
1.20476,0.455687
1.20683,0.456985
1.20889,0.45827
1.21096,0.45954
1.21303,0.460797
1.2151,0.46204
1.21717,0.463269
1.21923,0.464485
1.2213,0.465686
1.22337,0.466874
1.22544,0.468048
1.22751,0.469209
1.22958,0.470356
1.23164,0.471489
1.23371,0.472609
1.23578,0.473715
1.23785,0.474808
1.23992,0.475887
1.24199,0.476953
1.24405,0.478005
1.24612,0.479045
1.24819,0.480071
1.25026,0.481084
1.25233,0.482084
1.2544,0.483071
1.25646,0.484045
1.25853,0.485006
1.2606,0.485954
1.26267,0.48689
1.26474,0.487813
1.2668,0.488723
1.26887,0.489621
1.27094,0.490506
1.27301,0.491379
1.27508,0.49224
1.27715,0.493089
1.27921,0.493925
1.28128,0.494749
1.28335,0.495562
1.28542,0.496362
1.28749,0.497151
1.28956,0.497928
1.29162,0.498694
1.29369,0.499448
1.29576,0.50019
1.29783,0.500922
1.2999,0.501642
1.30196,0.502351
1.30403,0.503048
1.3061,0.503736
1.30817,0.504412
1.31024,0.505077
1.31231,0.505732
1.31437,0.506376
1.31644,0.50701
1.31851,0.507634
1.32058,0.508247
1.32265,0.50885
1.32472,0.509444
1.32678,0.510027
1.32885,0.510601
1.33092,0.511164
1.33299,0.511719
1.33506,0.512263
1.33713,0.512799
1.33919,0.513325
1.34126,0.513842
1.34333,0.514349
1.3454,0.514848
1.34747,0.515338
1.34953,0.51582
1.3516,0.516292
1.35367,0.516756
1.35574,0.517212
1.35781,0.517659
1.35988,0.518098
1.36194,0.518529
1.36401,0.518952
1.36608,0.519367
1.36815,0.519775
1.37022,0.520174
1.37229,0.520566
1.37435,0.52095
1.37642,0.521328
1.37849,0.521697
1.38056,0.52206
1.38263,0.522415
1.38469,0.522764
1.38676,0.523106
1.38883,0.52344
1.3909,0.523769
1.39297,0.52409
1.39504,0.524405
1.3971,0.524714
1.39917,0.525017
1.40124,0.525313
1.40331,0.525603
1.40538,0.525887
1.40745,0.526165
1.40951,0.526438
1.41158,0.526704
1.41365,0.526965
1.41572,0.527221
1.41779,0.527471
1.41986,0.527716
1.42192,0.527955
1.42399,0.528189
1.42606,0.528419
1.42813,0.528643
1.4302,0.528862
1.43226,0.529076
1.43433,0.529286
1.4364,0.529491
1.43847,0.529692
1.44054,0.529887
1.44261,0.530079
1.44467,0.530266
1.44674,0.530449
1.44881,0.530628
1.45088,0.530802
1.45295,0.530973
1.45502,0.531139
1.45708,0.531302
1.45915,0.531461
1.46122,0.531616
1.46329,0.531768
1.46536,0.531916
1.46743,0.53206
1.46949,0.532201
1.47156,0.532339
1.47363,0.532473
1.4757,0.532604
1.47777,0.532732
1.47983,0.532856
1.4819,0.532978
1.48397,0.533096
1.48604,0.533212
1.48811,0.533325
1.49018,0.533435
1.49224,0.533542
1.49431,0.533646
1.49638,0.533748
1.49845,0.533848
1.50052,0.533944
1.50259,0.534039
1.50465,0.534131
1.50672,0.53422
1.50879,0.534307
1.51086,0.534392
1.51293,0.534475
1.51499,0.534555
1.51706,0.534634
1.51913,0.53471
1.5212,0.534784
1.52327,0.534857
1.52534,0.534927
1.5274,0.534995
1.52947,0.535062
1.53154,0.535127
1.53361,0.53519
1.53568,0.535251
1.53775,0.535311
1.53981,0.535369
1.54188,0.535425
1.54395,0.53548
1.54602,0.535534
1.54809,0.535586
1.55016,0.535636
1.55222,0.535685
1.55429,0.535733
1.55636,0.535779
1.55843,0.535824
1.5605,0.535867
1.56256,0.53591
1.56463,0.535951
1.5667,0.535991
1.56877,0.53603
1.57084,0.536068
1.57291,0.536104
1.57497,0.53614
1.57704,0.536174
1.57911,0.536208
1.58118,0.53624
1.58325,0.536272
1.58532,0.536303
1.58738,0.536332
1.58945,0.536361
1.59152,0.536389
1.59359,0.536416
1.59566,0.536442
1.59772,0.536468
1.59979,0.536492
1.60186,0.536516
1.60393,0.53654
1.606,0.536562
1.60807,0.536584
1.61013,0.536605
1.6122,0.536626
1.61427,0.536645
1.61634,0.536665
1.61841,0.536683
1.62048,0.536701
1.62254,0.536719
1.62461,0.536735
1.62668,0.536752
1.62875,0.536768
1.63082,0.536783
1.63289,0.536798
1.63495,0.536812
1.63702,0.536826
1.63909,0.53684
1.64116,0.536853
1.64323,0.536865
1.64529,0.536877
1.64736,0.536889
1.64943,0.5369
1.6515,0.536911
1.65357,0.536922
1.65564,0.536932
1.6577,0.536942
1.65977,0.536952
1.66184,0.536961
1.66391,0.53697
1.66598,0.536979
1.66805,0.536987
1.67011,0.536995
1.67218,0.537003
1.67425,0.537011
1.67632,0.537018
1.67839,0.537025
1.68046,0.537032
1.68252,0.537038
1.68459,0.537045
1.68666,0.537051
1.68873,0.537057
1.6908,0.537062
1.69286,0.537068
1.69493,0.537073
1.697,0.537078
1.69907,0.537083
1.70114,0.537088
1.70321,0.537092
1.70527,0.537097
1.70734,0.537101
1.70941,0.537105
1.71148,0.537109
1.71355,0.537113
1.71562,0.537117
1.71768,0.53712
1.71975,0.537124
1.72182,0.537127
1.72389,0.53713
1.72596,0.537133
1.72802,0.537136
1.73009,0.537139
1.73216,0.537142
1.73423,0.537144
1.7363,0.537147
1.73837,0.537149
1.74043,0.537152
1.7425,0.537154
1.74457,0.537156
1.74664,0.537158
1.74871,0.53716
1.75078,0.537162
1.75284,0.537164
1.75491,0.537166
1.75698,0.537167
1.75905,0.537169
1.76112,0.537171
1.76319,0.537172
1.76525,0.537174
1.76732,0.537175
1.76939,0.537176
1.77146,0.537178
1.77353,0.537179
1.77559,0.53718
1.77766,0.537181
1.77973,0.537182
1.7818,0.537183
1.78387,0.537184
1.78594,0.537185
1.788,0.537186
1.79007,0.537187
1.79214,0.537188
1.79421,0.537189
1.79628,0.53719
1.79835,0.537191
1.80041,0.537191
1.80248,0.537192
1.80455,0.537193
1.80662,0.537193
1.80869,0.537194
1.81075,0.537195
1.81282,0.537195
1.81489,0.537196
1.81696,0.537196
1.81903,0.537197
1.8211,0.537197
1.82316,0.537198
1.82523,0.537198
1.8273,0.537199
1.82937,0.537199
1.83144,0.537199
1.83351,0.5372
1.83557,0.5372
1.83764,0.5372
1.83971,0.537201
1.84178,0.537201
1.84385,0.537201
1.84592,0.537202
1.84798,0.537202
1.85005,0.537202
1.85212,0.537202
1.85419,0.537203
1.85626,0.537203
1.85832,0.537203
1.86039,0.537203
1.86246,0.537204
1.86453,0.537204
1.8666,0.537204
1.86867,0.537204
1.87073,0.537204
1.8728,0.537204
1.87487,0.537205
1.87694,0.537205
1.87901,0.537205
1.88108,0.537205
1.88314,0.537205
1.88521,0.537205
1.88728,0.537205
1.88935,0.537206
1.89142,0.537206
1.89349,0.537206
1.89555,0.537206
1.89762,0.537206
1.89969,0.537206
1.90176,0.537206
1.90383,0.537206
1.90589,0.537206
1.90796,0.537206
1.91003,0.537206
1.9121,0.537206
1.91417,0.537207
1.91624,0.537207
1.9183,0.537207
1.92037,0.537207
1.92244,0.537207
1.92451,0.537207
1.92658,0.537207
1.92865,0.537207
1.93071,0.537207
1.93278,0.537207
1.93485,0.537207
1.93692,0.537207
1.93899,0.537207
1.94105,0.537207
1.94312,0.537207
1.94519,0.537207
1.94726,0.537207
1.94933,0.537207
1.9514,0.537207
1.95346,0.537207
1.95553,0.537207
1.9576,0.537207
1.95967,0.537207
1.96174,0.537207
1.96381,0.537207
1.96587,0.537207
1.96794,0.537207
1.97001,0.537208
1.97208,0.537208
1.97415,0.537208
1.97622,0.537208
1.97828,0.537208
1.98035,0.537208
1.98242,0.537208
1.98449,0.537208
1.98656,0.537208
1.98862,0.537208
1.99069,0.537208
1.99276,0.537208
1.99483,0.537208
1.9969,0.537208
1.99897,0.537208
