0.00188324,0
0.00564972,1.73159e-08
0.0094162,3.6328e-08
0.0131827,5.71951e-08
0.0169492,8.00901e-08
0.0207156,1.05201e-07
0.0244821,1.32733e-07
0.0282486,1.62908e-07
0.0320151,1.95969e-07
0.0357815,2.32178e-07
0.039548,2.71822e-07
0.0433145,3.1521e-07
0.047081,3.6268e-07
0.0508475,4.14597e-07
0.0546139,4.71358e-07
0.0583804,5.33392e-07
0.0621469,6.01166e-07
0.0659134,6.75184e-07
0.0696798,7.55993e-07
0.0734463,8.44184e-07
0.0772128,9.40398e-07
0.0809793,1.04533e-06
0.0847458,1.15972e-06
0.0885122,1.28439e-06
0.0922787,1.42021e-06
0.0960452,1.56812e-06
0.0998117,1.72914e-06
0.103578,1.90437e-06
0.107345,2.09501e-06
0.111111,2.30232e-06
0.114878,2.5277e-06
0.118644,2.77262e-06
0.122411,3.03868e-06
0.126177,3.32762e-06
0.129944,3.64127e-06
0.13371,3.98165e-06
0.137476,4.35089e-06
0.141243,4.7513e-06
0.145009,5.18535e-06
0.148776,5.65571e-06
0.152542,6.16523e-06
0.156309,6.71698e-06
0.160075,7.31425e-06
0.163842,7.96056e-06
0.167608,8.65968e-06
0.171375,9.41568e-06
0.175141,1.02329e-05
0.178908,1.11159e-05
0.182674,1.20698e-05
0.186441,1.30998e-05
0.190207,1.42115e-05
0.193974,1.54112e-05
0.19774,1.67052e-05
0.201507,1.81006e-05
0.205273,1.96046e-05
0.20904,2.12252e-05
0.212806,2.29708e-05
0.216573,2.48503e-05
0.220339,2.68735e-05
0.224105,2.90503e-05
0.227872,3.13917e-05
0.231638,3.39092e-05
0.235405,3.66152e-05
0.239171,3.95226e-05
0.242938,4.26454e-05
0.246704,4.59984e-05
0.250471,4.95972e-05
0.254237,5.34585e-05
0.258004,5.75999e-05
0.26177,6.20403e-05
0.265537,6.67995e-05
0.269303,7.18985e-05
0.27307,7.73598e-05
0.276836,8.32069e-05
0.280603,8.94649e-05
0.284369,9.61604e-05
0.288136,0.000103321
0.291902,0.000110977
0.295669,0.00011916
0.299435,0.000127902
0.303202,0.000137238
0.306968,0.000147206
0.310734,0.000157844
0.314501,0.000169193
0.318267,0.000181297
0.322034,0.000194202
0.3258,0.000207954
0.329567,0.000222605
0.333333,0.000238208
0.3371,0.000254819
0.340866,0.000272497
0.344633,0.000291303
0.348399,0.000311303
0.352166,0.000332565
0.355932,0.00035516
0.359699,0.000379164
0.363465,0.000404655
0.367232,0.000431715
0.370998,0.000460432
0.374765,0.000490896
0.378531,0.000523201
0.382298,0.000557447
0.386064,0.000593737
0.389831,0.000632181
0.393597,0.000672891
0.397363,0.000715985
0.40113,0.000761587
0.404896,0.000809827
0.408663,0.000860837
0.412429,0.000914759
0.416196,0.000971738
0.419962,0.00103193
0.423729,0.00109548
0.427495,0.00116257
0.431262,0.00123336
0.435028,0.00130803
0.438795,0.00138677
0.442561,0.00146977
0.446328,0.00155722
0.450094,0.00164934
0.453861,0.00174634
0.457627,0.00184843
0.461394,0.00195586
0.46516,0.00206886
0.468927,0.00218767
0.472693,0.00231255
0.47646,0.00244377
0.480226,0.00258159
0.483992,0.0027263
0.487759,0.00287818
0.491525,0.00303755
0.495292,0.0032047
0.499058,0.00337996
0.502825,0.00356364
0.506591,0.0037561
0.510358,0.00395767
0.514124,0.00416872
0.517891,0.00438961
0.521657,0.00462072
0.525424,0.00486243
0.52919,0.00511514
0.532957,0.00537926
0.536723,0.00565521
0.54049,0.00594341
0.544256,0.0062443
0.548023,0.00655832
0.551789,0.00688595
0.555556,0.00722763
0.559322,0.00758386
0.563089,0.00795511
0.566855,0.00834188
0.570621,0.00874469
0.574388,0.00916404
0.578154,0.00960046
0.581921,0.0100545
0.585687,0.0105267
0.589454,0.0110175
0.59322,0.0115276
0.596987,0.0120576
0.600753,0.0126079
0.60452,0.0131793
0.608286,0.0137722
0.612053,0.0143872
0.615819,0.0150251
0.619586,0.0156863
0.623352,0.0163715
0.627119,0.0170813
0.630885,0.0178164
0.634652,0.0185773
0.638418,0.0193647
0.642185,0.0201793
0.645951,0.0210216
0.649718,0.0218923
0.653484,0.022792
0.65725,0.0237215
0.661017,0.0246812
0.664783,0.0256719
0.66855,0.0266941
0.672316,0.0277486
0.676083,0.028836
0.679849,0.0299568
0.683616,0.0311117
0.687382,0.0323014
0.691149,0.0335263
0.694915,0.0347872
0.698682,0.0360846
0.702448,0.0374191
0.706215,0.0387913
0.709981,0.0402017
0.713748,0.0416509
0.717514,0.0431394
0.721281,0.0446678
0.725047,0.0462366
0.728814,0.0478462
0.73258,0.0494971
0.736347,0.0511899
0.740113,0.0529249
0.743879,0.0547026
0.747646,0.0565233
0.751412,0.0583875
0.755179,0.0602955
0.758945,0.0622476
0.762712,0.0642442
0.766478,0.0662856
0.770245,0.0683719
0.774011,0.0705036
0.777778,0.0726806
0.781544,0.0749034
0.785311,0.0771719
0.789077,0.0794863
0.792844,0.0818468
0.79661,0.0842533
0.800377,0.0867059
0.804143,0.0892046
0.80791,0.0917493
0.811676,0.0943401
0.815443,0.0969767
0.819209,0.0996591
0.822976,0.102387
0.826742,0.10516
0.830508,0.107979
0.834275,0.110842
0.838041,0.11375
0.841808,0.116702
0.845574,0.119697
0.849341,0.122736
0.853107,0.125818
0.856874,0.128943
0.86064,0.132109
0.864407,0.135316
0.868173,0.138564
0.87194,0.141852
0.875706,0.145179
0.879473,0.148545
0.883239,0.151949
0.887006,0.15539
0.890772,0.158867
0.894539,0.162379
0.898305,0.165925
0.902072,0.169506
0.905838,0.173118
0.909605,0.176762
0.913371,0.180437
0.917137,0.184141
0.920904,0.187874
0.92467,0.191633
0.928437,0.195419
0.932203,0.19923
0.93597,0.203064
0.939736,0.206921
0.943503,0.210799
0.947269,0.214698
0.951036,0.218614
0.954802,0.222549
0.958569,0.226499
0.962335,0.230464
0.966102,0.234443
0.969868,0.238433
0.973635,0.242434
0.977401,0.246445
0.981168,0.250463
0.984934,0.254488
0.988701,0.258517
0.992467,0.26255
0.996234,0.266586
1,0.270622
1.00377,0.274657
1.00753,0.27869
1.0113,0.28272
1.01507,0.286745
1.01883,0.290763
1.0226,0.294773
1.02637,0.298774
1.03013,0.302765
1.0339,0.306743
1.03766,0.310709
1.04143,0.314659
1.0452,0.318593
1.04896,0.32251
1.05273,0.326408
1.0565,0.330287
1.06026,0.334143
1.06403,0.337978
1.0678,0.341789
1.07156,0.345574
1.07533,0.349334
1.0791,0.353067
1.08286,0.356771
1.08663,0.360445
1.0904,0.364089
1.09416,0.367702
1.09793,0.371282
1.10169,0.374829
1.10546,0.378341
1.10923,0.381818
1.11299,0.385259
1.11676,0.388662
1.12053,0.392028
1.12429,0.395355
1.12806,0.398643
1.13183,0.401891
1.13559,0.405099
1.13936,0.408265
1.14313,0.411389
1.14689,0.414471
1.15066,0.41751
1.15443,0.420506
1.15819,0.423458
1.16196,0.426366
1.16573,0.429229
1.16949,0.432047
1.17326,0.434821
1.17702,0.437549
1.18079,0.440231
1.18456,0.442868
1.18832,0.445458
1.19209,0.448003
1.19586,0.450502
1.19962,0.452954
1.20339,0.455361
1.20716,0.457721
1.21092,0.460036
1.21469,0.462304
1.21846,0.464527
1.22222,0.466704
1.22599,0.468836
1.22976,0.470922
1.23352,0.472963
1.23729,0.47496
1.24105,0.476912
1.24482,0.47882
1.24859,0.480684
1.25235,0.482505
1.25612,0.484283
1.25989,0.486018
1.26365,0.487711
1.26742,0.489361
1.27119,0.490971
1.27495,0.49254
1.27872,0.494068
1.28249,0.495557
1.28625,0.497006
1.29002,0.498416
1.29379,0.499789
1.29755,0.501123
1.30132,0.50242
1.30508,0.503681
1.30885,0.504906
1.31262,0.506096
1.31638,0.507251
1.32015,0.508372
1.32392,0.509459
1.32768,0.510514
1.33145,0.511536
1.33522,0.512526
1.33898,0.513486
1.34275,0.514416
1.34652,0.515315
1.35028,0.516186
1.35405,0.517028
1.35782,0.517843
1.36158,0.51863
1.36535,0.519391
1.36911,0.520126
1.37288,0.520836
1.37665,0.521521
1.38041,0.522183
1.38418,0.52282
1.38795,0.523435
1.39171,0.524028
1.39548,0.5246
1.39925,0.52515
1.40301,0.52568
1.40678,0.52619
1.41055,0.526681
1.41431,0.527153
1.41808,0.527607
1.42185,0.528044
1.42561,0.528463
1.42938,0.528866
1.43315,0.529253
1.43691,0.529624
1.44068,0.52998
1.44444,0.530322
1.44821,0.530649
1.45198,0.530963
1.45574,0.531264
1.45951,0.531552
1.46328,0.531828
1.46704,0.532093
1.47081,0.532345
1.47458,0.532587
1.47834,0.532818
1.48211,0.533039
1.48588,0.53325
1.48964,0.533452
1.49341,0.533644
1.49718,0.533828
1.50094,0.534003
1.50471,0.53417
1.50847,0.534329
1.51224,0.534481
1.51601,0.534626
1.51977,0.534764
1.52354,0.534895
1.52731,0.53502
1.53107,0.535139
1.53484,0.535252
1.53861,0.535359
1.54237,0.535461
1.54614,0.535558
1.54991,0.53565
1.55367,0.535738
1.55744,0.535821
1.56121,0.5359
1.56497,0.535974
1.56874,0.536045
1.5725,0.536112
1.57627,0.536176
1.58004,0.536236
1.5838,0.536293
1.58757,0.536347
1.59134,0.536398
1.5951,0.536446
1.59887,0.536492
1.60264,0.536535
1.6064,0.536575
1.61017,0.536614
1.61394,0.53665
1.6177,0.536684
1.62147,0.536717
1.62524,0.536747
1.629,0.536776
1.63277,0.536803
1.63653,0.536828
1.6403,0.536852
1.64407,0.536875
1.64783,0.536896
1.6516,0.536916
1.65537,0.536935
1.65913,0.536953
1.6629,0.536969
1.66667,0.536985
1.67043,0.537
1.6742,0.537013
1.67797,0.537026
1.68173,0.537038
1.6855,0.53705
1.68927,0.53706
1.69303,0.53707
1.6968,0.53708
1.70056,0.537088
1.70433,0.537097
1.7081,0.537104
1.71186,0.537111
1.71563,0.537118
1.7194,0.537124
1.72316,0.53713
1.72693,0.537136
1.7307,0.537141
1.73446,0.537146
1.73823,0.53715
1.742,0.537154
1.74576,0.537158
1.74953,0.537162
1.7533,0.537165
1.75706,0.537168
1.76083,0.537171
1.7646,0.537174
1.76836,0.537176
1.77213,0.537179
1.77589,0.537181
1.77966,0.537183
1.78343,0.537185
1.78719,0.537186
1.79096,0.537188
1.79473,0.53719
1.79849,0.537191
1.80226,0.537192
1.80603,0.537193
1.80979,0.537195
1.81356,0.537196
1.81733,0.537197
1.82109,0.537197
1.82486,0.537198
1.82863,0.537199
1.83239,0.5372
1.83616,0.5372
1.83992,0.537201
1.84369,0.537201
1.84746,0.537202
1.85122,0.537202
1.85499,0.537203
1.85876,0.537203
1.86252,0.537204
1.86629,0.537204
1.87006,0.537204
1.87382,0.537205
1.87759,0.537205
1.88136,0.537205
1.88512,0.537205
1.88889,0.537206
1.89266,0.537206
1.89642,0.537206
1.90019,0.537206
1.90395,0.537206
1.90772,0.537206
1.91149,0.537206
1.91525,0.537207
1.91902,0.537207
1.92279,0.537207
1.92655,0.537207
1.93032,0.537207
1.93409,0.537207
1.93785,0.537207
1.94162,0.537207
1.94539,0.537207
1.94915,0.537207
1.95292,0.537207
1.95669,0.537207
1.96045,0.537207
1.96422,0.537207
1.96798,0.537207
1.97175,0.537208
1.97552,0.537208
1.97928,0.537208
1.98305,0.537208
1.98682,0.537208
1.99058,0.537208
1.99435,0.537208
1.99812,0.537208
