0.00292398,0
0.00877193,2.90514e-08
0.0146199,6.26189e-08
0.0204678,1.01371e-07
0.0263158,1.46071e-07
0.0321637,1.97587e-07
0.0380117,2.56908e-07
0.0438596,3.25158e-07
0.0497076,4.03614e-07
0.0555556,4.93725e-07
0.0614035,5.97134e-07
0.0672515,7.15701e-07
0.0730994,8.51534e-07
0.0789474,1.00701e-06
0.0847953,1.18483e-06
0.0906433,1.38801e-06
0.0964912,1.61999e-06
0.102339,1.88461e-06
0.108187,2.18621e-06
0.114035,2.52966e-06
0.119883,2.92045e-06
0.125731,3.3647e-06
0.131579,3.86932e-06
0.137427,4.442e-06
0.143275,5.09137e-06
0.149123,5.82708e-06
0.154971,6.65988e-06
0.160819,7.6018e-06
0.166667,8.66621e-06
0.172515,9.86802e-06
0.178363,1.12238e-05
0.184211,1.2752e-05
0.190058,1.4473e-05
0.195906,1.64095e-05
0.201754,1.85867e-05
0.207602,2.10323e-05
0.21345,2.37771e-05
0.219298,2.68551e-05
0.225146,3.03038e-05
0.230994,3.41646e-05
0.236842,3.84828e-05
0.24269,4.33087e-05
0.248538,4.86973e-05
0.254386,5.47091e-05
0.260234,6.14104e-05
0.266082,6.8874e-05
0.27193,7.71793e-05
0.277778,8.64135e-05
0.283626,9.66717e-05
0.289474,0.000108058
0.295322,0.000120685
0.30117,0.000134676
0.307018,0.000150165
0.312865,0.000167299
0.318713,0.000186236
0.324561,0.000207146
0.330409,0.000230217
0.336257,0.00025565
0.342105,0.000283663
0.347953,0.000314491
0.353801,0.000348387
0.359649,0.000385626
0.365497,0.000426503
0.371345,0.000471333
0.377193,0.000520458
0.383041,0.000574243
0.388889,0.00063308
0.394737,0.000697388
0.400585,0.000767616
0.406433,0.000844243
0.412281,0.000927781
0.418129,0.00101878
0.423977,0.00111781
0.429825,0.00122549
0.435673,0.00134249
0.44152,0.0014695
0.447368,0.00160725
0.453216,0.00175653
0.459064,0.00191816
0.464912,0.00209302
0.47076,0.00228203
0.476608,0.00248616
0.482456,0.00270642
0.488304,0.0029439
0.494152,0.00319971
0.5,0.00347505
0.505848,0.00377113
0.511696,0.00408926
0.517544,0.00443079
0.523392,0.00479712
0.52924,0.00518972
0.535088,0.00561011
0.540936,0.00605987
0.546784,0.00654066
0.552632,0.00705415
0.55848,0.00760212
0.564327,0.00818638
0.570175,0.0088088
0.576023,0.0094713
0.581871,0.0101759
0.587719,0.0109245
0.593567,0.0117194
0.599415,0.0125625
0.605263,0.0134561
0.611111,0.0144024
0.616959,0.0154036
0.622807,0.016462
0.628655,0.01758
0.634503,0.0187598
0.640351,0.0200039
0.646199,0.0213145
0.652047,0.0226942
0.657895,0.0241452
0.663743,0.02567
0.669591,0.0272709
0.675439,0.0289504
0.681287,0.0307107
0.687135,0.0325542
0.692982,0.0344832
0.69883,0.0364998
0.704678,0.0386063
0.710526,0.0408048
0.716374,0.0430974
0.722222,0.045486
0.72807,0.0479726
0.733918,0.0505589
0.739766,0.0532466
0.745614,0.0560374
0.751462,0.0589327
0.75731,0.0619338
0.763158,0.065042
0.769006,0.0682583
0.774854,0.0715837
0.780702,0.0750189
0.78655,0.0785645
0.792398,0.082221
0.798246,0.0859885
0.804094,0.0898671
0.809942,0.0938567
0.815789,0.0979569
0.821637,0.102167
0.827485,0.106487
0.833333,0.110915
0.839181,0.115451
0.845029,0.120092
0.850877,0.124838
0.856725,0.129686
0.862573,0.134635
0.868421,0.139682
0.874269,0.144825
0.880117,0.150061
0.885965,0.155388
0.891813,0.160801
0.897661,0.166299
0.903509,0.171877
0.909357,0.177532
0.915205,0.18326
0.921053,0.189056
0.926901,0.194918
0.932749,0.20084
0.938596,0.206818
0.944444,0.212847
0.950292,0.218923
0.95614,0.225041
0.961988,0.231195
0.967836,0.237381
0.973684,0.243594
0.979532,0.249828
0.98538,0.256077
0.991228,0.262338
0.997076,0.268604
1.00292,0.27487
1.00877,0.28113
1.01462,0.28738
1.02047,0.293614
1.02632,0.299826
1.03216,0.306012
1.03801,0.312167
1.04386,0.318284
1.04971,0.32436
1.05556,0.33039
1.0614,0.336368
1.06725,0.34229
1.0731,0.348151
1.07895,0.353948
1.0848,0.359676
1.09064,0.365331
1.09649,0.370909
1.10234,0.376406
1.10819,0.38182
1.11404,0.387146
1.11988,0.392383
1.12573,0.397525
1.13158,0.402573
1.13743,0.407521
1.14327,0.41237
1.14912,0.417115
1.15497,0.421757
1.16082,0.426292
1.16667,0.430721
1.17251,0.43504
1.17836,0.439251
1.18421,0.443351
1.19006,0.447341
1.19591,0.451219
1.20175,0.454987
1.2076,0.458643
1.21345,0.462189
1.2193,0.465624
1.22515,0.468949
1.23099,0.472166
1.23684,0.475274
1.24269,0.478275
1.24854,0.48117
1.25439,0.483961
1.26023,0.486649
1.26608,0.489235
1.27193,0.491722
1.27778,0.49411
1.28363,0.496403
1.28947,0.498601
1.29532,0.500708
1.30117,0.502724
1.30702,0.504653
1.31287,0.506497
1.31871,0.508257
1.32456,0.509937
1.33041,0.511538
1.33626,0.513062
1.34211,0.514513
1.34795,0.515893
1.3538,0.517204
1.35965,0.518448
1.3655,0.519628
1.37135,0.520746
1.37719,0.521804
1.38304,0.522805
1.38889,0.523752
1.39474,0.524645
1.40058,0.525488
1.40643,0.526283
1.41228,0.527032
1.41813,0.527736
1.42398,0.528399
1.42982,0.529021
1.43567,0.529606
1.44152,0.530153
1.44737,0.530667
1.45322,0.531148
1.45906,0.531598
1.46491,0.532018
1.47076,0.532411
1.47661,0.532777
1.48246,0.533118
1.4883,0.533437
1.49415,0.533733
1.5,0.534008
1.50585,0.534264
1.5117,0.534501
1.51754,0.534721
1.52339,0.534926
1.52924,0.535115
1.53509,0.535289
1.54094,0.535451
1.54678,0.5356
1.55263,0.535738
1.55848,0.535865
1.56433,0.535982
1.57018,0.53609
1.57602,0.536189
1.58187,0.53628
1.58772,0.536363
1.59357,0.53644
1.59942,0.53651
1.60526,0.536575
1.61111,0.536633
1.61696,0.536687
1.62281,0.536736
1.62865,0.536781
1.6345,0.536822
1.64035,0.536859
1.6462,0.536893
1.65205,0.536924
1.65789,0.536952
1.66374,0.536977
1.66959,0.537
1.67544,0.537021
1.68129,0.53704
1.68713,0.537057
1.69298,0.537073
1.69883,0.537087
1.70468,0.5371
1.71053,0.537111
1.71637,0.537121
1.72222,0.53713
1.72807,0.537139
1.73392,0.537146
1.73977,0.537153
1.74561,0.537159
1.75146,0.537164
1.75731,0.537169
1.76316,0.537173
1.76901,0.537177
1.77485,0.537181
1.7807,0.537184
1.78655,0.537187
1.7924,0.537189
1.79825,0.537191
1.80409,0.537193
1.80994,0.537195
1.81579,0.537196
1.82164,0.537198
1.82749,0.537199
1.83333,0.5372
1.83918,0.537201
1.84503,0.537202
1.85088,0.537203
1.85673,0.537203
1.86257,0.537204
1.86842,0.537204
1.87427,0.537205
1.88012,0.537205
1.88596,0.537205
1.89181,0.537206
1.89766,0.537206
1.90351,0.537206
1.90936,0.537206
1.9152,0.537207
1.92105,0.537207
1.9269,0.537207
1.93275,0.537207
1.9386,0.537207
1.94444,0.537207
1.95029,0.537207
1.95614,0.537207
1.96199,0.537207
1.96784,0.537207
1.97368,0.537208
1.97953,0.537208
1.98538,0.537208
1.99123,0.537208
1.99708,0.537208
