0.00182482,0
0.00547445,1.67058e-08
0.00912409,3.49953e-08
0.0127737,5.50121e-08
0.0164234,7.69119e-08
0.020073,1.00864e-07
0.0237226,1.27052e-07
0.0273723,1.55675e-07
0.0310219,1.86949e-07
0.0346715,2.21108e-07
0.0383212,2.58406e-07
0.0419708,2.99118e-07
0.0456204,3.43541e-07
0.0492701,3.91998e-07
0.0529197,4.44837e-07
0.0565693,5.02436e-07
0.060219,5.65202e-07
0.0638686,6.33576e-07
0.0675182,7.08034e-07
0.0711679,7.89091e-07
0.0748175,8.77302e-07
0.0784672,9.73267e-07
0.0821168,1.07763e-06
0.0857664,1.1911e-06
0.0894161,1.31441e-06
0.0930657,1.44838e-06
0.0967153,1.59389e-06
0.100365,1.75187e-06
0.104015,1.92334e-06
0.107664,2.10938e-06
0.111314,2.31117e-06
0.114964,2.52997e-06
0.118613,2.76713e-06
0.122263,3.02411e-06
0.125912,3.30246e-06
0.129562,3.60388e-06
0.133212,3.93015e-06
0.136861,4.28322e-06
0.140511,4.66516e-06
0.144161,5.07818e-06
0.14781,5.52467e-06
0.15146,6.00719e-06
0.155109,6.52846e-06
0.158759,7.09141e-06
0.162409,7.69917e-06
0.166058,8.35508e-06
0.169708,9.06274e-06
0.173358,9.82596e-06
0.177007,1.06488e-05
0.180657,1.15357e-05
0.184307,1.24913e-05
0.187956,1.35206e-05
0.191606,1.46288e-05
0.195255,1.58216e-05
0.198905,1.71051e-05
0.202555,1.84857e-05
0.206204,1.99703e-05
0.209854,2.15661e-05
0.213504,2.32809e-05
0.217153,2.5123e-05
0.220803,2.71011e-05
0.224453,2.92247e-05
0.228102,3.15036e-05
0.231752,3.39483e-05
0.235401,3.65702e-05
0.239051,3.9381e-05
0.242701,4.23934e-05
0.24635,4.56207e-05
0.25,4.90773e-05
0.25365,5.2778e-05
0.257299,5.67388e-05
0.260949,6.09767e-05
0.264599,6.55094e-05
0.268248,7.03559e-05
0.271898,7.55361e-05
0.275547,8.10712e-05
0.279197,8.69836e-05
0.282847,9.32969e-05
0.286496,0.000100036
0.290146,0.000107227
0.293796,0.000114898
0.297445,0.000123078
0.301095,0.000131799
0.304745,0.000141092
0.308394,0.000150992
0.312044,0.000161535
0.315693,0.000172759
0.319343,0.000184704
0.322993,0.000197413
0.326642,0.000210929
0.330292,0.000225299
0.333942,0.000240572
0.337591,0.000256799
0.341241,0.000274035
0.344891,0.000292335
0.34854,0.000311759
0.35219,0.000332369
0.355839,0.000354231
0.359489,0.000377412
0.363139,0.000401984
0.366788,0.000428021
0.370438,0.000455603
0.374088,0.000484811
0.377737,0.00051573
0.381387,0.00054845
0.385036,0.000583064
0.388686,0.00061967
0.392336,0.000658369
0.395985,0.000699267
0.399635,0.000742476
0.403285,0.000788109
0.406934,0.000836288
0.410584,0.000887138
0.414234,0.000940788
0.417883,0.000997374
0.421533,0.00105704
0.425182,0.00111992
0.428832,0.00118618
0.432482,0.00125598
0.436131,0.00132947
0.439781,0.00140683
0.443431,0.00148823
0.44708,0.00157386
0.45073,0.0016639
0.45438,0.00175856
0.458029,0.00185803
0.461679,0.00196252
0.465328,0.00207226
0.468978,0.00218746
0.472628,0.00230837
0.476277,0.00243521
0.479927,0.00256824
0.483577,0.00270771
0.487226,0.00285388
0.490876,0.00300703
0.494526,0.00316744
0.498175,0.00333539
0.501825,0.00351117
0.505474,0.00369511
0.509124,0.0038875
0.512774,0.00408866
0.516423,0.00429894
0.520073,0.00451867
0.523723,0.0047482
0.527372,0.00498787
0.531022,0.00523807
0.534672,0.00549917
0.538321,0.00577154
0.541971,0.00605558
0.54562,0.0063517
0.54927,0.0066603
0.55292,0.0069818
0.556569,0.00731663
0.560219,0.00766523
0.563869,0.00802804
0.567518,0.00840552
0.571168,0.00879812
0.574818,0.00920632
0.578467,0.0096306
0.582117,0.0100714
0.585766,0.0105293
0.589416,0.0110048
0.593066,0.0114983
0.596715,0.0120104
0.600365,0.0125416
0.604015,0.0130925
0.607664,0.0136635
0.611314,0.0142552
0.614964,0.0148682
0.618613,0.015503
0.622263,0.0161602
0.625912,0.0168403
0.629562,0.0175439
0.633212,0.0182716
0.636861,0.0190239
0.640511,0.0198014
0.644161,0.0206047
0.64781,0.0214344
0.65146,0.022291
0.655109,0.0231752
0.658759,0.0240874
0.662409,0.0250284
0.666058,0.0259987
0.669708,0.0269988
0.673358,0.0280293
0.677007,0.0290908
0.680657,0.0301839
0.684307,0.0313091
0.687956,0.032467
0.691606,0.0336582
0.695255,0.0348831
0.698905,0.0361424
0.702555,0.0374365
0.706204,0.038766
0.709854,0.0401314
0.713504,0.0415332
0.717153,0.0429719
0.720803,0.0444479
0.724453,0.0459618
0.728102,0.047514
0.731752,0.0491049
0.735401,0.0507349
0.739051,0.0524045
0.742701,0.054114
0.74635,0.0558639
0.75,0.0576544
0.75365,0.0594859
0.757299,0.0613588
0.760949,0.0632732
0.764599,0.0652296
0.768248,0.0672281
0.771898,0.069269
0.775547,0.0713524
0.779197,0.0734786
0.782847,0.0756477
0.786496,0.0778598
0.790146,0.0801151
0.793796,0.0824136
0.797445,0.0847554
0.801095,0.0871404
0.804745,0.0895687
0.808394,0.0920403
0.812044,0.094555
0.815693,0.0971128
0.819343,0.0997135
0.822993,0.102357
0.826642,0.105043
0.830292,0.107772
0.833942,0.110542
0.837591,0.113355
0.841241,0.116209
0.844891,0.119104
0.84854,0.12204
0.85219,0.125016
0.855839,0.128032
0.859489,0.131088
0.863139,0.134182
0.866788,0.137315
0.870438,0.140485
0.874088,0.143693
0.877737,0.146938
0.881387,0.150218
0.885036,0.153533
0.888686,0.156883
0.892336,0.160266
0.895985,0.163682
0.899635,0.16713
0.903285,0.17061
0.906934,0.174119
0.910584,0.177658
0.914234,0.181225
0.917883,0.18482
0.921533,0.188441
0.925182,0.192088
0.928832,0.195759
0.932482,0.199453
0.936131,0.20317
0.939781,0.206907
0.943431,0.210665
0.94708,0.214441
0.95073,0.218235
0.95438,0.222045
0.958029,0.225871
0.961679,0.229711
0.965328,0.233563
0.968978,0.237427
0.972628,0.241302
0.976277,0.245185
0.979927,0.249076
0.983577,0.252974
0.987226,0.256877
0.990876,0.260784
0.994526,0.264693
0.998175,0.268604
1.00182,0.272515
1.00547,0.276424
1.00912,0.280331
1.01277,0.284234
1.01642,0.288131
1.02007,0.292022
1.02372,0.295906
1.02737,0.29978
1.03102,0.303644
1.03467,0.307497
1.03832,0.311337
1.04197,0.315162
1.04562,0.318973
1.04927,0.322767
1.05292,0.326543
1.05657,0.330301
1.06022,0.334038
1.06387,0.337755
1.06752,0.341449
1.07117,0.34512
1.07482,0.348766
1.07847,0.352387
1.08212,0.355982
1.08577,0.359549
1.08942,0.363088
1.09307,0.366598
1.09672,0.370077
1.10036,0.373525
1.10401,0.376942
1.10766,0.380325
1.11131,0.383675
1.11496,0.38699
1.11861,0.39027
1.12226,0.393514
1.12591,0.396722
1.12956,0.399893
1.13321,0.403026
1.13686,0.40612
1.14051,0.409176
1.14416,0.412192
1.14781,0.415168
1.15146,0.418104
1.15511,0.420999
1.15876,0.423853
1.16241,0.426665
1.16606,0.429436
1.16971,0.432165
1.17336,0.434851
1.17701,0.437494
1.18066,0.440095
1.18431,0.442653
1.18796,0.445167
1.19161,0.447639
1.19526,0.450067
1.19891,0.452452
1.20255,0.454794
1.2062,0.457093
1.20985,0.459348
1.2135,0.46156
1.21715,0.463729
1.2208,0.465855
1.22445,0.467939
1.2281,0.46998
1.23175,0.471978
1.2354,0.473934
1.23905,0.475849
1.2427,0.477722
1.24635,0.479553
1.25,0.481344
1.25365,0.483094
1.2573,0.484803
1.26095,0.486473
1.2646,0.488103
1.26825,0.489694
1.2719,0.491246
1.27555,0.49276
1.2792,0.494236
1.28285,0.495674
1.2865,0.497076
1.29015,0.498442
1.2938,0.499771
1.29745,0.501065
1.30109,0.502325
1.30474,0.503549
1.30839,0.504741
1.31204,0.505899
1.31569,0.507024
1.31934,0.508117
1.32299,0.509178
1.32664,0.510209
1.33029,0.511209
1.33394,0.512179
1.33759,0.51312
1.34124,0.514032
1.34489,0.514917
1.34854,0.515773
1.35219,0.516603
1.35584,0.517406
1.35949,0.518184
1.36314,0.518936
1.36679,0.519664
1.37044,0.520367
1.37409,0.521047
1.37774,0.521705
1.38139,0.522339
1.38504,0.522952
1.38869,0.523544
1.39234,0.524115
1.39599,0.524666
1.39964,0.525197
1.40328,0.525709
1.40693,0.526203
1.41058,0.526678
1.41423,0.527136
1.41788,0.527577
1.42153,0.528001
1.42518,0.52841
1.42883,0.528802
1.43248,0.52918
1.43613,0.529542
1.43978,0.529891
1.44343,0.530226
1.44708,0.530547
1.45073,0.530856
1.45438,0.531152
1.45803,0.531436
1.46168,0.531708
1.46533,0.53197
1.46898,0.53222
1.47263,0.532459
1.47628,0.532689
1.47993,0.532909
1.48358,0.533119
1.48723,0.53332
1.49088,0.533513
1.49453,0.533696
1.49818,0.533872
1.50182,0.53404
1.50547,0.534201
1.50912,0.534354
1.51277,0.5345
1.51642,0.534639
1.52007,0.534772
1.52372,0.534899
1.52737,0.53502
1.53102,0.535135
1.53467,0.535245
1.53832,0.53535
1.54197,0.535449
1.54562,0.535544
1.54927,0.535634
1.55292,0.535719
1.55657,0.535801
1.56022,0.535878
1.56387,0.535952
1.56752,0.536021
1.57117,0.536088
1.57482,0.536151
1.57847,0.53621
1.58212,0.536267
1.58577,0.536321
1.58942,0.536371
1.59307,0.53642
1.59672,0.536465
1.60036,0.536508
1.60401,0.536549
1.60766,0.536588
1.61131,0.536625
1.61496,0.536659
1.61861,0.536692
1.62226,0.536723
1.62591,0.536752
1.62956,0.53678
1.63321,0.536806
1.63686,0.53683
1.64051,0.536853
1.64416,0.536875
1.64781,0.536896
1.65146,0.536915
1.65511,0.536934
1.65876,0.536951
1.66241,0.536967
1.66606,0.536982
1.66971,0.536997
1.67336,0.53701
1.67701,0.537023
1.68066,0.537035
1.68431,0.537046
1.68796,0.537057
1.69161,0.537067
1.69526,0.537076
1.69891,0.537085
1.70255,0.537093
1.7062,0.5371
1.70985,0.537108
1.7135,0.537114
1.71715,0.537121
1.7208,0.537127
1.72445,0.537132
1.7281,0.537137
1.73175,0.537142
1.7354,0.537147
1.73905,0.537151
1.7427,0.537155
1.74635,0.537159
1.75,0.537162
1.75365,0.537165
1.7573,0.537168
1.76095,0.537171
1.7646,0.537174
1.76825,0.537176
1.7719,0.537178
1.77555,0.537181
1.7792,0.537183
1.78285,0.537184
1.7865,0.537186
1.79015,0.537188
1.7938,0.537189
1.79745,0.537191
1.80109,0.537192
1.80474,0.537193
1.80839,0.537194
1.81204,0.537195
1.81569,0.537196
1.81934,0.537197
1.82299,0.537198
1.82664,0.537199
1.83029,0.537199
1.83394,0.5372
1.83759,0.537201
1.84124,0.537201
1.84489,0.537202
1.84854,0.537202
1.85219,0.537203
1.85584,0.537203
1.85949,0.537203
1.86314,0.537204
1.86679,0.537204
1.87044,0.537204
1.87409,0.537205
1.87774,0.537205
1.88139,0.537205
1.88504,0.537205
1.88869,0.537206
1.89234,0.537206
1.89599,0.537206
1.89964,0.537206
1.90328,0.537206
1.90693,0.537206
1.91058,0.537206
1.91423,0.537207
1.91788,0.537207
1.92153,0.537207
1.92518,0.537207
1.92883,0.537207
1.93248,0.537207
1.93613,0.537207
1.93978,0.537207
1.94343,0.537207
1.94708,0.537207
1.95073,0.537207
1.95438,0.537207
1.95803,0.537207
1.96168,0.537207
1.96533,0.537207
1.96898,0.537208
1.97263,0.537208
1.97628,0.537208
1.97993,0.537208
1.98358,0.537208
1.98723,0.537208
1.99088,0.537208
1.99453,0.537208
1.99818,0.537208
