0.00125156,0
0.00375469,1.09778e-08
0.00625782,2.26608e-08
0.00876095,3.50925e-08
0.0112641,4.83186e-08
0.0137672,6.23879e-08
0.0162703,7.73516e-08
0.0187735,9.32643e-08
0.0212766,1.10183e-07
0.0237797,1.2817e-07
0.0262829,1.47287e-07
0.028786,1.67605e-07
0.0312891,1.89193e-07
0.0337922,2.12129e-07
0.0362954,2.36493e-07
0.0387985,2.6237e-07
0.0413016,2.89848e-07
0.0438048,3.19023e-07
0.0463079,3.49995e-07
0.048811,3.82868e-07
0.0513141,4.17756e-07
0.0538173,4.54774e-07
0.0563204,4.94047e-07
0.0588235,5.35706e-07
0.0613267,5.79889e-07
0.0638298,6.26741e-07
0.0663329,6.76416e-07
0.068836,7.29076e-07
0.0713392,7.84891e-07
0.0738423,8.44041e-07
0.0763454,9.06716e-07
0.0788486,9.73115e-07
0.0813517,1.04345e-06
0.0838548,1.11794e-06
0.0863579,1.19682e-06
0.0888611,1.28033e-06
0.0913642,1.36874e-06
0.0938673,1.46231e-06
0.0963705,1.56133e-06
0.0988736,1.66611e-06
0.101377,1.77695e-06
0.10388,1.8942e-06
0.106383,2.0182e-06
0.108886,2.14932e-06
0.111389,2.28795e-06
0.113892,2.4345e-06
0.116395,2.58939e-06
0.118899,2.75308e-06
0.121402,2.92602e-06
0.123905,3.10873e-06
0.126408,3.30173e-06
0.128911,3.50554e-06
0.131414,3.72077e-06
0.133917,3.94799e-06
0.136421,4.18785e-06
0.138924,4.44101e-06
0.141427,4.70817e-06
0.14393,4.99005e-06
0.146433,5.28742e-06
0.148936,5.60108e-06
0.151439,5.93187e-06
0.153942,6.28068e-06
0.156446,6.64842e-06
0.158949,7.03606e-06
0.161452,7.44463e-06
0.163955,7.87517e-06
0.166458,8.32879e-06
0.168961,8.80668e-06
0.171464,9.31003e-06
0.173967,9.84012e-06
0.176471,1.03983e-05
0.178974,1.09859e-05
0.181477,1.16045e-05
0.18398,1.22556e-05
0.186483,1.29407e-05
0.188986,1.36615e-05
0.191489,1.44198e-05
0.193992,1.52174e-05
0.196496,1.60561e-05
0.198999,1.69381e-05
0.201502,1.78653e-05
0.204005,1.884e-05
0.206508,1.98643e-05
0.209011,2.09407e-05
0.211514,2.20717e-05
0.214018,2.32597e-05
0.216521,2.45076e-05
0.219024,2.5818e-05
0.221527,2.7194e-05
0.22403,2.86386e-05
0.226533,3.01549e-05
0.229036,3.17463e-05
0.231539,3.34163e-05
0.234043,3.51683e-05
0.236546,3.70063e-05
0.239049,3.8934e-05
0.241552,4.09556e-05
0.244055,4.30753e-05
0.246558,4.52974e-05
0.249061,4.76267e-05
0.251564,5.00679e-05
0.254068,5.26259e-05
0.256571,5.5306e-05
0.259074,5.81135e-05
0.261577,6.10539e-05
0.26408,6.41332e-05
0.266583,6.73574e-05
0.269086,7.07327e-05
0.271589,7.42657e-05
0.274093,7.79632e-05
0.276596,8.18323e-05
0.279099,8.58802e-05
0.281602,9.01145e-05
0.284105,9.45432e-05
0.286608,9.91745e-05
0.289111,0.000104017
0.291615,0.000109079
0.294118,0.00011437
0.296621,0.0001199
0.299124,0.000125678
0.301627,0.000131715
0.30413,0.000138021
0.306633,0.000144607
0.309136,0.000151485
0.31164,0.000158665
0.314143,0.000166162
0.316646,0.000173986
0.319149,0.000182152
0.321652,0.000190673
0.324155,0.000199562
0.326658,0.000208835
0.329161,0.000218505
0.331665,0.00022859
0.334168,0.000239105
0.336671,0.000250066
0.339174,0.000261491
0.341677,0.000273397
0.34418,0.000285803
0.346683,0.000298728
0.349186,0.000312191
0.35169,0.000326212
0.354193,0.000340813
0.356696,0.000356015
0.359199,0.000371841
0.361702,0.000388312
0.364205,0.000405453
0.366708,0.000423289
0.369212,0.000441844
0.371715,0.000461145
0.374218,0.000481218
0.376721,0.000502091
0.379224,0.000523793
0.381727,0.000546352
0.38423,0.0005698
0.386733,0.000594167
0.389237,0.000619485
0.39174,0.000645788
0.394243,0.000673109
0.396746,0.000701483
0.399249,0.000730947
0.401752,0.000761537
0.404255,0.000793291
0.406758,0.000826249
0.409262,0.000860451
0.411765,0.000895938
0.414268,0.000932753
0.416771,0.000970939
0.419274,0.00101054
0.421777,0.00105161
0.42428,0.00109418
0.426783,0.00113831
0.429287,0.00118406
0.43179,0.00123146
0.434293,0.00128057
0.436796,0.00133145
0.439299,0.00138415
0.441802,0.00143872
0.444305,0.00149524
0.446809,0.00155375
0.449312,0.00161431
0.451815,0.00167699
0.454318,0.00174186
0.456821,0.00180897
0.459324,0.0018784
0.461827,0.00195021
0.46433,0.00202448
0.466834,0.00210127
0.469337,0.00218066
0.47184,0.00226273
0.474343,0.00234754
0.476846,0.00243519
0.479349,0.00252574
0.481852,0.00261929
0.484355,0.00271591
0.486859,0.00281569
0.489362,0.00291873
0.491865,0.00302509
0.494368,0.00313489
0.496871,0.00324821
0.499374,0.00336514
0.501877,0.00348579
0.50438,0.00361024
0.506884,0.00373861
0.509387,0.00387098
0.51189,0.00400748
0.514393,0.00414819
0.516896,0.00429324
0.519399,0.00444273
0.521902,0.00459677
0.524406,0.00475547
0.526909,0.00491896
0.529412,0.00508735
0.531915,0.00526075
0.534418,0.0054393
0.536921,0.00562311
0.539424,0.00581231
0.541927,0.00600702
0.544431,0.00620739
0.546934,0.00641353
0.549437,0.00662558
0.55194,0.00684368
0.554443,0.00706797
0.556946,0.00729857
0.559449,0.00753565
0.561952,0.00777933
0.564456,0.00802976
0.566959,0.00828709
0.569462,0.00855147
0.571965,0.00882305
0.574468,0.00910198
0.576971,0.00938841
0.579474,0.00968251
0.581977,0.00998442
0.584481,0.0102943
0.586984,0.0106123
0.589487,0.0109387
0.59199,0.0112735
0.594493,0.0116169
0.596996,0.0119691
0.599499,0.0123303
0.602003,0.0127007
0.604506,0.0130803
0.607009,0.0134694
0.609512,0.0138682
0.612015,0.0142768
0.614518,0.0146954
0.617021,0.0151243
0.619524,0.0155634
0.622028,0.0160132
0.624531,0.0164736
0.627034,0.016945
0.629537,0.0174274
0.63204,0.0179212
0.634543,0.0184264
0.637046,0.0189432
0.639549,0.0194719
0.642053,0.0200126
0.644556,0.0205655
0.647059,0.0211307
0.649562,0.0217086
0.652065,0.0222992
0.654568,0.0229028
0.657071,0.0235195
0.659574,0.0241496
0.662078,0.0247932
0.664581,0.0254504
0.667084,0.0261216
0.669587,0.0268068
0.67209,0.0275063
0.674593,0.0282203
0.677096,0.0289489
0.679599,0.0296923
0.682103,0.0304506
0.684606,0.0312242
0.687109,0.0320131
0.689612,0.0328176
0.692115,0.0336378
0.694618,0.0344738
0.697121,0.0353259
0.699625,0.0361943
0.702128,0.0370791
0.704631,0.0379804
0.707134,0.0388985
0.709637,0.0398335
0.71214,0.0407856
0.714643,0.0417549
0.717146,0.0427416
0.71965,0.0437458
0.722153,0.0447677
0.724656,0.0458075
0.727159,0.0468652
0.729662,0.0479411
0.732165,0.0490352
0.734668,0.0501478
0.737171,0.0512789
0.739675,0.0524286
0.742178,0.0535972
0.744681,0.0547847
0.747184,0.0559912
0.749687,0.0572168
0.75219,0.0584617
0.754693,0.0597259
0.757196,0.0610097
0.7597,0.0623129
0.762203,0.0636358
0.764706,0.0649784
0.767209,0.0663409
0.769712,0.0677232
0.772215,0.0691255
0.774718,0.0705478
0.777222,0.0719902
0.779725,0.0734527
0.782228,0.0749354
0.784731,0.0764383
0.787234,0.0779615
0.789737,0.079505
0.79224,0.0810688
0.794743,0.0826529
0.797247,0.0842574
0.79975,0.0858822
0.802253,0.0875275
0.804756,0.089193
0.807259,0.0908789
0.809762,0.0925852
0.812265,0.0943117
0.814768,0.0960585
0.817272,0.0978256
0.819775,0.0996128
0.822278,0.10142
0.824781,0.103248
0.827284,0.105095
0.829787,0.106962
0.83229,0.108849
0.834793,0.110756
0.837297,0.112683
0.8398,0.114629
0.842303,0.116595
0.844806,0.11858
0.847309,0.120584
0.849812,0.122607
0.852315,0.12465
0.854819,0.126711
0.857322,0.12879
0.859825,0.130888
0.862328,0.133005
0.864831,0.135139
0.867334,0.137292
0.869837,0.139462
0.87234,0.14165
0.874844,0.143856
0.877347,0.146078
0.87985,0.148318
0.882353,0.150574
0.884856,0.152846
0.887359,0.155135
0.889862,0.15744
0.892365,0.159761
0.894869,0.162097
0.897372,0.164448
0.899875,0.166815
0.902378,0.169196
0.904881,0.171591
0.907384,0.174001
0.909887,0.176424
0.91239,0.178861
0.914894,0.181311
0.917397,0.183774
0.9199,0.18625
0.922403,0.188738
0.924906,0.191237
0.927409,0.193749
0.929912,0.196271
0.932416,0.198805
0.934919,0.201349
0.937422,0.203903
0.939925,0.206467
0.942428,0.20904
0.944931,0.211623
0.947434,0.214214
0.949937,0.216813
0.952441,0.219421
0.954944,0.222036
0.957447,0.224658
0.95995,0.227287
0.962453,0.229923
0.964956,0.232564
0.967459,0.235211
0.969962,0.237863
0.972466,0.24052
0.974969,0.243182
0.977472,0.245847
0.979975,0.248516
0.982478,0.251188
0.984981,0.253863
0.987484,0.25654
0.989987,0.259219
0.992491,0.261899
0.994994,0.264581
0.997497,0.267263
1,0.269945
1.0025,0.272627
1.00501,0.275309
1.00751,0.277989
1.01001,0.280668
1.01252,0.283345
1.01502,0.28602
1.01752,0.288692
1.02003,0.291361
1.02253,0.294026
1.02503,0.296687
1.02753,0.299344
1.03004,0.301996
1.03254,0.304643
1.03504,0.307285
1.03755,0.30992
1.04005,0.312549
1.04255,0.315172
1.04506,0.317787
1.04756,0.320394
1.05006,0.322994
1.05257,0.325585
1.05507,0.328167
1.05757,0.330741
1.06008,0.333305
1.06258,0.335859
1.06508,0.338403
1.06758,0.340936
1.07009,0.343459
1.07259,0.34597
1.07509,0.34847
1.0776,0.350958
1.0801,0.353433
1.0826,0.355896
1.08511,0.358347
1.08761,0.360783
1.09011,0.363207
1.09262,0.365616
1.09512,0.368012
1.09762,0.370393
1.10013,0.372759
1.10263,0.375111
1.10513,0.377447
1.10763,0.379768
1.11014,0.382072
1.11264,0.384361
1.11514,0.386634
1.11765,0.38889
1.12015,0.39113
1.12265,0.393352
1.12516,0.395557
1.12766,0.397745
1.13016,0.399916
1.13267,0.402068
1.13517,0.404203
1.13767,0.406319
1.14018,0.408417
1.14268,0.410497
1.14518,0.412558
1.14768,0.4146
1.15019,0.416624
1.15269,0.418628
1.15519,0.420613
1.1577,0.422578
1.1602,0.424525
1.1627,0.426451
1.16521,0.428358
1.16771,0.430245
1.17021,0.432113
1.17272,0.43396
1.17522,0.435788
1.17772,0.437595
1.18023,0.439382
1.18273,0.441149
1.18523,0.442896
1.18773,0.444622
1.19024,0.446329
1.19274,0.448015
1.19524,0.44968
1.19775,0.451325
1.20025,0.45295
1.20275,0.454555
1.20526,0.456139
1.20776,0.457703
1.21026,0.459246
1.21277,0.460769
1.21527,0.462272
1.21777,0.463755
1.22028,0.465218
1.22278,0.46666
1.22528,0.468082
1.22778,0.469484
1.23029,0.470867
1.23279,0.472229
1.23529,0.473572
1.2378,0.474895
1.2403,0.476198
1.2428,0.477482
1.24531,0.478746
1.24781,0.479991
1.25031,0.481217
1.25282,0.482423
1.25532,0.48361
1.25782,0.484779
1.26033,0.485929
1.26283,0.48706
1.26533,0.488172
1.26783,0.489267
1.27034,0.490342
1.27284,0.4914
1.27534,0.49244
1.27785,0.493462
1.28035,0.494466
1.28285,0.495453
1.28536,0.496422
1.28786,0.497374
1.29036,0.498309
1.29287,0.499227
1.29537,0.500129
1.29787,0.501013
1.30038,0.501882
1.30288,0.502734
1.30538,0.50357
1.30788,0.50439
1.31039,0.505195
1.31289,0.505983
1.31539,0.506757
1.3179,0.507515
1.3204,0.508259
1.3229,0.508987
1.32541,0.509701
1.32791,0.510401
1.33041,0.511086
1.33292,0.511757
1.33542,0.512414
1.33792,0.513058
1.34043,0.513688
1.34293,0.514305
1.34543,0.514908
1.34793,0.515499
1.35044,0.516077
1.35294,0.516642
1.35544,0.517195
1.35795,0.517736
1.36045,0.518264
1.36295,0.518781
1.36546,0.519287
1.36796,0.51978
1.37046,0.520263
1.37297,0.520734
1.37547,0.521195
1.37797,0.521644
1.38048,0.522083
1.38298,0.522512
1.38548,0.522931
1.38798,0.523339
1.39049,0.523738
1.39299,0.524127
1.39549,0.524507
1.398,0.524877
1.4005,0.525239
1.403,0.525591
1.40551,0.525934
1.40801,0.526269
1.41051,0.526595
1.41302,0.526913
1.41552,0.527223
1.41802,0.527525
1.42053,0.527819
1.42303,0.528106
1.42553,0.528385
1.42804,0.528656
1.43054,0.528921
1.43304,0.529178
1.43554,0.529428
1.43805,0.529672
1.44055,0.529909
1.44305,0.53014
1.44556,0.530364
1.44806,0.530582
1.45056,0.530794
1.45307,0.531
1.45557,0.531201
1.45807,0.531395
1.46058,0.531585
1.46308,0.531768
1.46558,0.531947
1.46809,0.53212
1.47059,0.532289
1.47309,0.532452
1.47559,0.532611
1.4781,0.532765
1.4806,0.532914
1.4831,0.533059
1.48561,0.5332
1.48811,0.533337
1.49061,0.533469
1.49312,0.533597
1.49562,0.533722
1.49812,0.533843
1.50063,0.533959
1.50313,0.534073
1.50563,0.534183
1.50814,0.534289
1.51064,0.534392
1.51314,0.534492
1.51564,0.534588
1.51815,0.534682
1.52065,0.534772
1.52315,0.53486
1.52566,0.534945
1.52816,0.535027
1.53066,0.535106
1.53317,0.535183
1.53567,0.535257
1.53817,0.535329
1.54068,0.535399
1.54318,0.535466
1.54568,0.535531
1.54819,0.535593
1.55069,0.535654
1.55319,0.535712
1.55569,0.535769
1.5582,0.535824
1.5607,0.535876
1.5632,0.535927
1.56571,0.535976
1.56821,0.536024
1.57071,0.536069
1.57322,0.536113
1.57572,0.536156
1.57822,0.536197
1.58073,0.536237
1.58323,0.536275
1.58573,0.536312
1.58824,0.536347
1.59074,0.536381
1.59324,0.536414
1.59574,0.536446
1.59825,0.536477
1.60075,0.536506
1.60325,0.536535
1.60576,0.536562
1.60826,0.536588
1.61076,0.536614
1.61327,0.536638
1.61577,0.536661
1.61827,0.536684
1.62078,0.536706
1.62328,0.536726
1.62578,0.536747
1.62829,0.536766
1.63079,0.536784
1.63329,0.536802
1.63579,0.536819
1.6383,0.536836
1.6408,0.536852
1.6433,0.536867
1.64581,0.536881
1.64831,0.536895
1.65081,0.536909
1.65332,0.536922
1.65582,0.536934
1.65832,0.536946
1.66083,0.536958
1.66333,0.536969
1.66583,0.536979
1.66834,0.536989
1.67084,0.536999
1.67334,0.537008
1.67584,0.537017
1.67835,0.537026
1.68085,0.537034
1.68335,0.537042
1.68586,0.537049
1.68836,0.537056
1.69086,0.537063
1.69337,0.53707
1.69587,0.537076
1.69837,0.537082
1.70088,0.537088
1.70338,0.537093
1.70588,0.537099
1.70839,0.537104
1.71089,0.537108
1.71339,0.537113
1.71589,0.537118
1.7184,0.537122
1.7209,0.537126
1.7234,0.53713
1.72591,0.537133
1.72841,0.537137
1.73091,0.53714
1.73342,0.537144
1.73592,0.537147
1.73842,0.53715
1.74093,0.537152
1.74343,0.537155
1.74593,0.537158
1.74844,0.53716
1.75094,0.537162
1.75344,0.537165
1.75594,0.537167
1.75845,0.537169
1.76095,0.537171
1.76345,0.537172
1.76596,0.537174
1.76846,0.537176
1.77096,0.537178
1.77347,0.537179
1.77597,0.53718
1.77847,0.537182
1.78098,0.537183
1.78348,0.537184
1.78598,0.537186
1.78849,0.537187
1.79099,0.537188
1.79349,0.537189
1.79599,0.53719
1.7985,0.537191
1.801,0.537192
1.8035,0.537192
1.80601,0.537193
1.80851,0.537194
1.81101,0.537195
1.81352,0.537195
1.81602,0.537196
1.81852,0.537197
1.82103,0.537197
1.82353,0.537198
1.82603,0.537198
1.82854,0.537199
1.83104,0.537199
1.83354,0.5372
1.83605,0.5372
1.83855,0.537201
1.84105,0.537201
1.84355,0.537201
1.84606,0.537202
1.84856,0.537202
1.85106,0.537202
1.85357,0.537203
1.85607,0.537203
1.85857,0.537203
1.86108,0.537203
1.86358,0.537204
1.86608,0.537204
1.86859,0.537204
1.87109,0.537204
1.87359,0.537205
1.8761,0.537205
1.8786,0.537205
1.8811,0.537205
1.8836,0.537205
1.88611,0.537205
1.88861,0.537206
1.89111,0.537206
1.89362,0.537206
1.89612,0.537206
1.89862,0.537206
1.90113,0.537206
1.90363,0.537206
1.90613,0.537206
1.90864,0.537206
1.91114,0.537206
1.91364,0.537207
1.91615,0.537207
1.91865,0.537207
1.92115,0.537207
1.92365,0.537207
1.92616,0.537207
1.92866,0.537207
1.93116,0.537207
1.93367,0.537207
1.93617,0.537207
1.93867,0.537207
1.94118,0.537207
1.94368,0.537207
1.94618,0.537207
1.94869,0.537207
1.95119,0.537207
1.95369,0.537207
1.9562,0.537207
1.9587,0.537207
1.9612,0.537207
1.9637,0.537207
1.96621,0.537207
1.96871,0.537207
1.97121,0.537208
1.97372,0.537208
1.97622,0.537208
1.97872,0.537208
1.98123,0.537208
1.98373,0.537208
1.98623,0.537208
1.98874,0.537208
1.99124,0.537208
1.99374,0.537208
1.99625,0.537208
1.99875,0.537208
