0.00117233,0
0.003517,1.02221e-08
0.00586166,2.10583e-08
0.00820633,3.2544e-08
0.010551,4.47163e-08
0.0128957,5.76146e-08
0.0152403,7.12803e-08
0.017585,8.57571e-08
0.0199297,1.01091e-07
0.0222743,1.1733e-07
0.024619,1.34526e-07
0.0269637,1.52733e-07
0.0293083,1.72007e-07
0.031653,1.92408e-07
0.0339977,2.13999e-07
0.0363423,2.36846e-07
0.038687,2.61019e-07
0.0410317,2.86592e-07
0.0433763,3.13642e-07
0.045721,3.4225e-07
0.0480657,3.72501e-07
0.0504103,4.04486e-07
0.052755,4.383e-07
0.0550996,4.74042e-07
0.0574443,5.11817e-07
0.059789,5.51735e-07
0.0621336,5.93911e-07
0.0644783,6.38469e-07
0.066823,6.85534e-07
0.0691676,7.35242e-07
0.0715123,7.87735e-07
0.073857,8.43159e-07
0.0762016,9.01672e-07
0.0785463,9.63436e-07
0.080891,1.02862e-06
0.0832356,1.09741e-06
0.0855803,1.17e-06
0.087925,1.24657e-06
0.0902696,1.32735e-06
0.0926143,1.41254e-06
0.094959,1.50238e-06
0.0973036,1.59711e-06
0.0996483,1.69698e-06
0.101993,1.80226e-06
0.104338,1.91321e-06
0.106682,2.03014e-06
0.109027,2.15335e-06
0.111372,2.28316e-06
0.113716,2.41989e-06
0.116061,2.56391e-06
0.118406,2.71557e-06
0.12075,2.87527e-06
0.123095,3.0434e-06
0.12544,3.22039e-06
0.127784,3.40668e-06
0.130129,3.60272e-06
0.132474,3.80901e-06
0.134818,4.02604e-06
0.137163,4.25434e-06
0.139508,4.49448e-06
0.141852,4.74701e-06
0.144197,5.01256e-06
0.146542,5.29175e-06
0.148886,5.58524e-06
0.151231,5.89373e-06
0.153576,6.21793e-06
0.15592,6.55859e-06
0.158265,6.91651e-06
0.16061,7.29251e-06
0.162954,7.68744e-06
0.165299,8.10221e-06
0.167644,8.53774e-06
0.169988,8.99501e-06
0.172333,9.47506e-06
0.174678,9.97893e-06
0.177022,1.05077e-05
0.179367,1.10626e-05
0.181712,1.16449e-05
0.184056,1.22556e-05
0.186401,1.28963e-05
0.188746,1.35682e-05
0.19109,1.42728e-05
0.193435,1.50115e-05
0.19578,1.5786e-05
0.198124,1.65977e-05
0.200469,1.74485e-05
0.202814,1.83401e-05
0.205158,1.92742e-05
0.207503,2.02528e-05
0.209848,2.12779e-05
0.212192,2.23515e-05
0.214537,2.34757e-05
0.216882,2.46529e-05
0.219226,2.58852e-05
0.221571,2.71752e-05
0.223916,2.85253e-05
0.22626,2.99382e-05
0.228605,3.14165e-05
0.23095,3.29631e-05
0.233294,3.45809e-05
0.235639,3.62729e-05
0.237984,3.80423e-05
0.240328,3.98925e-05
0.242673,4.18267e-05
0.245018,4.38487e-05
0.247362,4.59619e-05
0.249707,4.81704e-05
0.252052,5.04779e-05
0.254396,5.28887e-05
0.256741,5.54071e-05
0.259086,5.80374e-05
0.26143,6.07843e-05
0.263775,6.36525e-05
0.26612,6.66469e-05
0.268464,6.97728e-05
0.270809,7.30355e-05
0.273154,7.64403e-05
0.275498,7.99932e-05
0.277843,8.36999e-05
0.280188,8.75666e-05
0.282532,9.15996e-05
0.284877,9.58056e-05
0.287222,0.000100191
0.289566,0.000104764
0.291911,0.000109531
0.294256,0.000114499
0.2966,0.000119677
0.298945,0.000125072
0.30129,0.000130694
0.303634,0.00013655
0.305979,0.000142649
0.308324,0.000149001
0.310668,0.000155616
0.313013,0.000162503
0.315358,0.000169673
0.317702,0.000177135
0.320047,0.000184902
0.322392,0.000192984
0.324736,0.000201392
0.327081,0.00021014
0.329426,0.000219239
0.33177,0.000228702
0.334115,0.000238542
0.33646,0.000248773
0.338804,0.00025941
0.341149,0.000270466
0.343494,0.000281956
0.345838,0.000293897
0.348183,0.000306303
0.350528,0.000319192
0.352872,0.000332579
0.355217,0.000346484
0.357562,0.000360923
0.359906,0.000375915
0.362251,0.000391479
0.364596,0.000407635
0.36694,0.000424403
0.369285,0.000441804
0.37163,0.000459859
0.373974,0.00047859
0.376319,0.000498019
0.378664,0.000518171
0.381008,0.000539069
0.383353,0.000560737
0.385698,0.000583202
0.388042,0.000606488
0.390387,0.000630624
0.392732,0.000655635
0.395076,0.000681551
0.397421,0.000708401
0.399766,0.000736214
0.40211,0.000765022
0.404455,0.000794854
0.4068,0.000825744
0.409144,0.000857726
0.411489,0.000890831
0.413834,0.000925097
0.416178,0.000960558
0.418523,0.000997251
0.420868,0.00103521
0.423212,0.00107448
0.425557,0.0011151
0.427902,0.00115711
0.430246,0.00120054
0.432591,0.00124545
0.434936,0.00129188
0.43728,0.00133986
0.439625,0.00138945
0.44197,0.00144069
0.444314,0.00149363
0.446659,0.00154832
0.449004,0.00160481
0.451348,0.00166315
0.453693,0.0017234
0.456038,0.00178559
0.458382,0.0018498
0.460727,0.00191608
0.463072,0.00198448
0.465416,0.00205506
0.467761,0.00212789
0.470106,0.00220301
0.47245,0.00228051
0.474795,0.00236042
0.47714,0.00244284
0.479484,0.00252781
0.481829,0.00261541
0.484174,0.0027057
0.486518,0.00279876
0.488863,0.00289466
0.491208,0.00299346
0.493552,0.00309525
0.495897,0.0032001
0.498242,0.00330809
0.500586,0.00341929
0.502931,0.00353379
0.505275,0.00365166
0.50762,0.003773
0.509965,0.00389788
0.512309,0.00402639
0.514654,0.00415861
0.516999,0.00429465
0.519343,0.00443458
0.521688,0.0045785
0.524033,0.0047265
0.526377,0.00487867
0.528722,0.00503513
0.531067,0.00519595
0.533411,0.00536124
0.535756,0.0055311
0.538101,0.00570564
0.540445,0.00588496
0.54279,0.00606916
0.545135,0.00625835
0.547479,0.00645263
0.549824,0.00665213
0.552169,0.00685695
0.554513,0.0070672
0.556858,0.007283
0.559203,0.00750446
0.561547,0.0077317
0.563892,0.00796484
0.566237,0.00820401
0.568581,0.00844931
0.570926,0.00870088
0.573271,0.00895884
0.575615,0.00922332
0.57796,0.00949444
0.580305,0.00977233
0.582649,0.0100571
0.584994,0.0103489
0.587339,0.0106479
0.589683,0.0109542
0.592028,0.011268
0.594373,0.0115892
0.596717,0.0119182
0.599062,0.0122551
0.601407,0.0125999
0.603751,0.0129529
0.606096,0.0133141
0.608441,0.0136838
0.610785,0.014062
0.61313,0.0144489
0.615475,0.0148446
0.617819,0.0152494
0.620164,0.0156633
0.622509,0.0160864
0.624853,0.016519
0.627198,0.0169612
0.629543,0.0174132
0.631887,0.017875
0.634232,0.0183469
0.636577,0.0188289
0.638921,0.0193214
0.641266,0.0198243
0.643611,0.0203378
0.645955,0.0208622
0.6483,0.0213975
0.650645,0.0219439
0.652989,0.0225016
0.655334,0.0230708
0.657679,0.0236515
0.660023,0.0242439
0.662368,0.0248482
0.664713,0.0254645
0.667057,0.0260931
0.669402,0.026734
0.671747,0.0273873
0.674091,0.0280533
0.676436,0.0287322
0.678781,0.0294239
0.681125,0.0301288
0.68347,0.0308469
0.685815,0.0315785
0.688159,0.0323235
0.690504,0.0330823
0.692849,0.0338549
0.695193,0.0346414
0.697538,0.0354421
0.699883,0.0362571
0.702227,0.0370865
0.704572,0.0379304
0.706917,0.038789
0.709261,0.0396624
0.711606,0.0405508
0.713951,0.0414543
0.716295,0.0423729
0.71864,0.0433069
0.720985,0.0442564
0.723329,0.0452215
0.725674,0.0462022
0.728019,0.0471988
0.730363,0.0482114
0.732708,0.04924
0.735053,0.0502848
0.737397,0.0513459
0.739742,0.0524233
0.742087,0.0535172
0.744431,0.0546278
0.746776,0.055755
0.749121,0.056899
0.751465,0.0580598
0.75381,0.0592376
0.756155,0.0604325
0.758499,0.0616444
0.760844,0.0628736
0.763189,0.06412
0.765533,0.0653838
0.767878,0.0666649
0.770223,0.0679635
0.772567,0.0692797
0.774912,0.0706134
0.777257,0.0719647
0.779601,0.0733337
0.781946,0.0747204
0.784291,0.0761249
0.786635,0.0775471
0.78898,0.0789871
0.791325,0.0804449
0.793669,0.0819206
0.796014,0.0834141
0.798359,0.0849255
0.800703,0.0864548
0.803048,0.0880019
0.805393,0.0895669
0.807737,0.0911497
0.810082,0.0927504
0.812427,0.0943688
0.814771,0.0960051
0.817116,0.0976591
0.819461,0.0993308
0.821805,0.10102
0.82415,0.102727
0.826495,0.104452
0.828839,0.106194
0.831184,0.107953
0.833529,0.10973
0.835873,0.111524
0.838218,0.113336
0.840563,0.115164
0.842907,0.11701
0.845252,0.118872
0.847597,0.120752
0.849941,0.122648
0.852286,0.124561
0.854631,0.12649
0.856975,0.128435
0.85932,0.130397
0.861665,0.132375
0.864009,0.134369
0.866354,0.136379
0.868699,0.138404
0.871043,0.140445
0.873388,0.142502
0.875733,0.144573
0.878077,0.146659
0.880422,0.148761
0.882767,0.150877
0.885111,0.153007
0.887456,0.155151
0.889801,0.15731
0.892145,0.159483
0.89449,0.161669
0.896835,0.163868
0.899179,0.166081
0.901524,0.168307
0.903869,0.170545
0.906213,0.172796
0.908558,0.175059
0.910903,0.177334
0.913247,0.179621
0.915592,0.181919
0.917937,0.184229
0.920281,0.18655
0.922626,0.188881
0.924971,0.191223
0.927315,0.193575
0.92966,0.195936
0.932005,0.198308
0.934349,0.200689
0.936694,0.203078
0.939039,0.205477
0.941383,0.207884
0.943728,0.210299
0.946073,0.212721
0.948417,0.215152
0.950762,0.217589
0.953107,0.220034
0.955451,0.222484
0.957796,0.224942
0.960141,0.227405
0.962485,0.229873
0.96483,0.232347
0.967175,0.234826
0.969519,0.23731
0.971864,0.239797
0.974209,0.242289
0.976553,0.244784
0.978898,0.247283
0.981243,0.249784
0.983587,0.252288
0.985932,0.254795
0.988277,0.257303
0.990621,0.259813
0.992966,0.262323
0.995311,0.264835
0.997655,0.267348
1,0.26986
1.00234,0.272372
1.00469,0.274884
1.00703,0.277395
1.00938,0.279905
1.01172,0.282413
1.01407,0.284919
1.01641,0.287423
1.01876,0.289925
1.0211,0.292423
1.02345,0.294919
1.02579,0.29741
1.02814,0.299898
1.03048,0.302382
1.03283,0.30486
1.03517,0.307334
1.03751,0.309803
1.03986,0.312266
1.0422,0.314723
1.04455,0.317174
1.04689,0.319619
1.04924,0.322056
1.05158,0.324486
1.05393,0.326909
1.05627,0.329324
1.05862,0.331731
1.06096,0.334129
1.06331,0.336519
1.06565,0.3389
1.068,0.341271
1.07034,0.343633
1.07268,0.345985
1.07503,0.348327
1.07737,0.350658
1.07972,0.352979
1.08206,0.355288
1.08441,0.357587
1.08675,0.359874
1.0891,0.362149
1.09144,0.364412
1.09379,0.366663
1.09613,0.368901
1.09848,0.371127
1.10082,0.37334
1.10317,0.375539
1.10551,0.377725
1.10785,0.379898
1.1102,0.382056
1.11254,0.384201
1.11489,0.386331
1.11723,0.388447
1.11958,0.390548
1.12192,0.392635
1.12427,0.394706
1.12661,0.396762
1.12896,0.398803
1.1313,0.400829
1.13365,0.402838
1.13599,0.404832
1.13834,0.40681
1.14068,0.408772
1.14302,0.410718
1.14537,0.412647
1.14771,0.41456
1.15006,0.416456
1.1524,0.418335
1.15475,0.420198
1.15709,0.422043
1.15944,0.423872
1.16178,0.425683
1.16413,0.427478
1.16647,0.429254
1.16882,0.431014
1.17116,0.432756
1.17351,0.434481
1.17585,0.436188
1.17819,0.437877
1.18054,0.439549
1.18288,0.441203
1.18523,0.442839
1.18757,0.444457
1.18992,0.446058
1.19226,0.447641
1.19461,0.449206
1.19695,0.450753
1.1993,0.452282
1.20164,0.453794
1.20399,0.455287
1.20633,0.456763
1.20868,0.458221
1.21102,0.459661
1.21336,0.461083
1.21571,0.462487
1.21805,0.463874
1.2204,0.465243
1.22274,0.466594
1.22509,0.467928
1.22743,0.469244
1.22978,0.470543
1.23212,0.471824
1.23447,0.473088
1.23681,0.474334
1.23916,0.475563
1.2415,0.476775
1.24385,0.47797
1.24619,0.479148
1.24853,0.480309
1.25088,0.481453
1.25322,0.48258
1.25557,0.48369
1.25791,0.484784
1.26026,0.485862
1.2626,0.486923
1.26495,0.487968
1.26729,0.488996
1.26964,0.490009
1.27198,0.491005
1.27433,0.491986
1.27667,0.492951
1.27902,0.493901
1.28136,0.494835
1.2837,0.495753
1.28605,0.496657
1.28839,0.497545
1.29074,0.498419
1.29308,0.499277
1.29543,0.500121
1.29777,0.500951
1.30012,0.501766
1.30246,0.502566
1.30481,0.503353
1.30715,0.504125
1.3095,0.504884
1.31184,0.505629
1.31419,0.506361
1.31653,0.507079
1.31887,0.507784
1.32122,0.508476
1.32356,0.509154
1.32591,0.50982
1.32825,0.510474
1.3306,0.511115
1.33294,0.511743
1.33529,0.512359
1.33763,0.512964
1.33998,0.513556
1.34232,0.514137
1.34467,0.514706
1.34701,0.515264
1.34936,0.51581
1.3517,0.516345
1.35404,0.51687
1.35639,0.517383
1.35873,0.517886
1.36108,0.518379
1.36342,0.518861
1.36577,0.519333
1.36811,0.519794
1.37046,0.520246
1.3728,0.520689
1.37515,0.521121
1.37749,0.521544
1.37984,0.521958
1.38218,0.522363
1.38453,0.522759
1.38687,0.523146
1.38921,0.523524
1.39156,0.523894
1.3939,0.524255
1.39625,0.524608
1.39859,0.524953
1.40094,0.525289
1.40328,0.525618
1.40563,0.52594
1.40797,0.526253
1.41032,0.52656
1.41266,0.526859
1.41501,0.527151
1.41735,0.527435
1.4197,0.527713
1.42204,0.527984
1.42438,0.528249
1.42673,0.528507
1.42907,0.528758
1.43142,0.529004
1.43376,0.529243
1.43611,0.529476
1.43845,0.529703
1.4408,0.529925
1.44314,0.53014
1.44549,0.530351
1.44783,0.530556
1.45018,0.530755
1.45252,0.530949
1.45487,0.531139
1.45721,0.531323
1.45955,0.531502
1.4619,0.531677
1.46424,0.531846
1.46659,0.532012
1.46893,0.532173
1.47128,0.532329
1.47362,0.532481
1.47597,0.532629
1.47831,0.532773
1.48066,0.532913
1.483,0.533049
1.48535,0.533181
1.48769,0.53331
1.49004,0.533435
1.49238,0.533556
1.49472,0.533674
1.49707,0.533788
1.49941,0.5339
1.50176,0.534008
1.5041,0.534112
1.50645,0.534214
1.50879,0.534313
1.51114,0.534409
1.51348,0.534502
1.51583,0.534592
1.51817,0.53468
1.52052,0.534765
1.52286,0.534847
1.52521,0.534927
1.52755,0.535005
1.52989,0.53508
1.53224,0.535153
1.53458,0.535223
1.53693,0.535292
1.53927,0.535358
1.54162,0.535422
1.54396,0.535484
1.54631,0.535545
1.54865,0.535603
1.551,0.535659
1.55334,0.535714
1.55569,0.535767
1.55803,0.535818
1.56038,0.535868
1.56272,0.535916
1.56506,0.535962
1.56741,0.536007
1.56975,0.536051
1.5721,0.536093
1.57444,0.536133
1.57679,0.536172
1.57913,0.53621
1.58148,0.536247
1.58382,0.536283
1.58617,0.536317
1.58851,0.53635
1.59086,0.536382
1.5932,0.536413
1.59555,0.536443
1.59789,0.536471
1.60023,0.536499
1.60258,0.536526
1.60492,0.536552
1.60727,0.536577
1.60961,0.536601
1.61196,0.536624
1.6143,0.536647
1.61665,0.536669
1.61899,0.536689
1.62134,0.53671
1.62368,0.536729
1.62603,0.536748
1.62837,0.536766
1.63072,0.536783
1.63306,0.5368
1.6354,0.536816
1.63775,0.536832
1.64009,0.536847
1.64244,0.536861
1.64478,0.536875
1.64713,0.536888
1.64947,0.536901
1.65182,0.536914
1.65416,0.536926
1.65651,0.536937
1.65885,0.536948
1.6612,0.536959
1.66354,0.536969
1.66589,0.536979
1.66823,0.536988
1.67057,0.536998
1.67292,0.537006
1.67526,0.537015
1.67761,0.537023
1.67995,0.537031
1.6823,0.537038
1.68464,0.537045
1.68699,0.537052
1.68933,0.537059
1.69168,0.537065
1.69402,0.537071
1.69637,0.537077
1.69871,0.537083
1.70106,0.537088
1.7034,0.537093
1.70574,0.537098
1.70809,0.537103
1.71043,0.537107
1.71278,0.537112
1.71512,0.537116
1.71747,0.53712
1.71981,0.537124
1.72216,0.537128
1.7245,0.537131
1.72685,0.537135
1.72919,0.537138
1.73154,0.537141
1.73388,0.537144
1.73623,0.537147
1.73857,0.53715
1.74091,0.537152
1.74326,0.537155
1.7456,0.537157
1.74795,0.537159
1.75029,0.537162
1.75264,0.537164
1.75498,0.537166
1.75733,0.537168
1.75967,0.53717
1.76202,0.537171
1.76436,0.537173
1.76671,0.537175
1.76905,0.537176
1.7714,0.537178
1.77374,0.537179
1.77608,0.53718
1.77843,0.537182
1.78077,0.537183
1.78312,0.537184
1.78546,0.537185
1.78781,0.537186
1.79015,0.537187
1.7925,0.537188
1.79484,0.537189
1.79719,0.53719
1.79953,0.537191
1.80188,0.537192
1.80422,0.537193
1.80657,0.537193
1.80891,0.537194
1.81125,0.537195
1.8136,0.537195
1.81594,0.537196
1.81829,0.537197
1.82063,0.537197
1.82298,0.537198
1.82532,0.537198
1.82767,0.537199
1.83001,0.537199
1.83236,0.5372
1.8347,0.5372
1.83705,0.5372
1.83939,0.537201
1.84174,0.537201
1.84408,0.537201
1.84642,0.537202
1.84877,0.537202
1.85111,0.537202
1.85346,0.537203
1.8558,0.537203
1.85815,0.537203
1.86049,0.537203
1.86284,0.537204
1.86518,0.537204
1.86753,0.537204
1.86987,0.537204
1.87222,0.537204
1.87456,0.537205
1.87691,0.537205
1.87925,0.537205
1.88159,0.537205
1.88394,0.537205
1.88628,0.537205
1.88863,0.537206
1.89097,0.537206
1.89332,0.537206
1.89566,0.537206
1.89801,0.537206
1.90035,0.537206
1.9027,0.537206
1.90504,0.537206
1.90739,0.537206
1.90973,0.537206
1.91208,0.537206
1.91442,0.537207
1.91676,0.537207
1.91911,0.537207
1.92145,0.537207
1.9238,0.537207
1.92614,0.537207
1.92849,0.537207
1.93083,0.537207
1.93318,0.537207
1.93552,0.537207
1.93787,0.537207
1.94021,0.537207
1.94256,0.537207
1.9449,0.537207
1.94725,0.537207
1.94959,0.537207
1.95193,0.537207
1.95428,0.537207
1.95662,0.537207
1.95897,0.537207
1.96131,0.537207
1.96366,0.537207
1.966,0.537207
1.96835,0.537207
1.97069,0.537208
1.97304,0.537208
1.97538,0.537208
1.97773,0.537208
1.98007,0.537208
1.98242,0.537208
1.98476,0.537208
1.9871,0.537208
1.98945,0.537208
1.99179,0.537208
1.99414,0.537208
1.99648,0.537208
1.99883,0.537208
