0.00102669,0
0.00308008,8.85529e-09
0.00513347,1.81751e-08
0.00718686,2.79827e-08
0.00924025,3.83025e-08
0.0112936,4.91602e-08
0.013347,6.05827e-08
0.0154004,7.25979e-08
0.0174538,8.52354e-08
0.0195072,9.8526e-08
0.0215606,1.12502e-07
0.023614,1.27197e-07
0.0256674,1.42646e-07
0.0277207,1.58888e-07
0.0297741,1.75959e-07
0.0318275,1.93901e-07
0.0338809,2.12757e-07
0.0359343,2.3257e-07
0.0379877,2.53387e-07
0.0400411,2.75257e-07
0.0420945,2.98231e-07
0.0441478,3.22361e-07
0.0462012,3.47703e-07
0.0482546,3.74316e-07
0.050308,4.0226e-07
0.0523614,4.31598e-07
0.0544148,4.62397e-07
0.0564682,4.94727e-07
0.0585216,5.28659e-07
0.0605749,5.64269e-07
0.0626283,6.01637e-07
0.0646817,6.40845e-07
0.0667351,6.81979e-07
0.0687885,7.2513e-07
0.0708419,7.70391e-07
0.0728953,8.17861e-07
0.0749487,8.67641e-07
0.0770021,9.19841e-07
0.0790554,9.7457e-07
0.0811088,1.03195e-06
0.0831622,1.09209e-06
0.0852156,1.15513e-06
0.087269,1.22119e-06
0.0893224,1.29043e-06
0.0913758,1.36297e-06
0.0934292,1.43897e-06
0.0954825,1.51859e-06
0.0975359,1.60198e-06
0.0995893,1.68933e-06
0.101643,1.7808e-06
0.103696,1.87659e-06
0.105749,1.97688e-06
0.107803,2.08188e-06
0.109856,2.19179e-06
0.11191,2.30684e-06
0.113963,2.42724e-06
0.116016,2.55324e-06
0.11807,2.68509e-06
0.120123,2.82303e-06
0.122177,2.96734e-06
0.12423,3.11829e-06
0.126283,3.27618e-06
0.128337,3.4413e-06
0.13039,3.61397e-06
0.132444,3.79451e-06
0.134497,3.98326e-06
0.13655,4.18058e-06
0.138604,4.38682e-06
0.140657,4.60239e-06
0.14271,4.82766e-06
0.144764,5.06306e-06
0.146817,5.30901e-06
0.148871,5.56595e-06
0.150924,5.83436e-06
0.152977,6.11471e-06
0.155031,6.4075e-06
0.157084,6.71326e-06
0.159138,7.03252e-06
0.161191,7.36585e-06
0.163244,7.71382e-06
0.165298,8.07705e-06
0.167351,8.45616e-06
0.169405,8.85181e-06
0.171458,9.26467e-06
0.173511,9.69545e-06
0.175565,1.01449e-05
0.177618,1.06137e-05
0.179671,1.11027e-05
0.181725,1.16127e-05
0.183778,1.21446e-05
0.185832,1.26992e-05
0.187885,1.32775e-05
0.189938,1.38803e-05
0.191992,1.45087e-05
0.194045,1.51636e-05
0.196099,1.58462e-05
0.198152,1.65576e-05
0.200205,1.72987e-05
0.202259,1.80709e-05
0.204312,1.88754e-05
0.206366,1.97133e-05
0.208419,2.0586e-05
0.210472,2.14949e-05
0.212526,2.24413e-05
0.214579,2.34267e-05
0.216632,2.44526e-05
0.218686,2.55206e-05
0.220739,2.66322e-05
0.222793,2.7789e-05
0.224846,2.8993e-05
0.226899,3.02457e-05
0.228953,3.1549e-05
0.231006,3.2905e-05
0.23306,3.43154e-05
0.235113,3.57824e-05
0.237166,3.73081e-05
0.23922,3.88946e-05
0.241273,4.05442e-05
0.243326,4.22593e-05
0.24538,4.40422e-05
0.247433,4.58954e-05
0.249487,4.78215e-05
0.25154,4.98231e-05
0.253593,5.19031e-05
0.255647,5.40641e-05
0.2577,5.63093e-05
0.259754,5.86415e-05
0.261807,6.10639e-05
0.26386,6.35797e-05
0.265914,6.61923e-05
0.267967,6.89051e-05
0.270021,7.17216e-05
0.272074,7.46455e-05
0.274127,7.76806e-05
0.276181,8.08307e-05
0.278234,8.41e-05
0.280287,8.74924e-05
0.282341,9.10123e-05
0.284394,9.46642e-05
0.286448,9.84525e-05
0.288501,0.000102382
0.290554,0.000106457
0.292608,0.000110684
0.294661,0.000115066
0.296715,0.00011961
0.298768,0.00012432
0.300821,0.000129203
0.302875,0.000134264
0.304928,0.000139509
0.306982,0.000144945
0.309035,0.000150577
0.311088,0.000156412
0.313142,0.000162457
0.315195,0.000168718
0.317248,0.000175203
0.319302,0.000181919
0.321355,0.000188874
0.323409,0.000196074
0.325462,0.000203529
0.327515,0.000211246
0.329569,0.000219234
0.331622,0.000227501
0.333676,0.000236056
0.335729,0.000244908
0.337782,0.000254067
0.339836,0.000263542
0.341889,0.000273343
0.343943,0.000283481
0.345996,0.000293965
0.348049,0.000304806
0.350103,0.000316016
0.352156,0.000327606
0.354209,0.000339587
0.356263,0.000351971
0.358316,0.00036477
0.36037,0.000377997
0.362423,0.000391666
0.364476,0.000405788
0.36653,0.000420378
0.368583,0.000435449
0.370637,0.000451016
0.37269,0.000467093
0.374743,0.000483695
0.376797,0.000500838
0.37885,0.000518538
0.380903,0.00053681
0.382957,0.000555671
0.38501,0.000575138
0.387064,0.000595228
0.389117,0.00061596
0.39117,0.00063735
0.393224,0.000659419
0.395277,0.000682185
0.397331,0.000705667
0.399384,0.000729886
0.401437,0.000754862
0.403491,0.000780616
0.405544,0.000807169
0.407598,0.000834544
0.409651,0.000862762
0.411704,0.000891847
0.413758,0.000921823
0.415811,0.000952712
0.417864,0.00098454
0.419918,0.00101733
0.421971,0.00105111
0.424025,0.00108591
0.426078,0.00112175
0.428131,0.00115866
0.430185,0.00119667
0.432238,0.0012358
0.434292,0.00127609
0.436345,0.00131756
0.438398,0.00136025
0.440452,0.00140418
0.442505,0.00144939
0.444559,0.00149592
0.446612,0.00154378
0.448665,0.00159302
0.450719,0.00164368
0.452772,0.00169578
0.454825,0.00174936
0.456879,0.00180445
0.458932,0.00186111
0.460986,0.00191935
0.463039,0.00197923
0.465092,0.00204078
0.467146,0.00210403
0.469199,0.00216904
0.471253,0.00223584
0.473306,0.00230448
0.475359,0.00237499
0.477413,0.00244742
0.479466,0.00252182
0.48152,0.00259823
0.483573,0.00267669
0.485626,0.00275726
0.48768,0.00283998
0.489733,0.00292491
0.491786,0.00301208
0.49384,0.00310155
0.495893,0.00319337
0.497947,0.00328759
0.5,0.00338426
0.502053,0.00348345
0.504107,0.0035852
0.50616,0.00368956
0.508214,0.0037966
0.510267,0.00390637
0.51232,0.00401893
0.514374,0.00413434
0.516427,0.00425266
0.51848,0.00437394
0.520534,0.00449825
0.522587,0.00462565
0.524641,0.0047562
0.526694,0.00488998
0.528747,0.00502703
0.530801,0.00516744
0.532854,0.00531126
0.534908,0.00545856
0.536961,0.00560941
0.539014,0.00576389
0.541068,0.00592205
0.543121,0.00608398
0.545175,0.00624974
0.547228,0.00641941
0.549281,0.00659306
0.551335,0.00677076
0.553388,0.0069526
0.555441,0.00713864
0.557495,0.00732896
0.559548,0.00752365
0.561602,0.00772278
0.563655,0.00792644
0.565708,0.00813469
0.567762,0.00834763
0.569815,0.00856533
0.571869,0.00878789
0.573922,0.00901538
0.575975,0.00924788
0.578029,0.00948549
0.580082,0.00972829
0.582136,0.00997637
0.584189,0.0102298
0.586242,0.0104887
0.588296,0.0107532
0.590349,0.0110232
0.592402,0.011299
0.594456,0.0115806
0.596509,0.0118682
0.598563,0.0121617
0.600616,0.0124613
0.602669,0.0127671
0.604723,0.0130792
0.606776,0.0133977
0.60883,0.0137227
0.610883,0.0140542
0.612936,0.0143924
0.61499,0.0147374
0.617043,0.0150892
0.619097,0.015448
0.62115,0.0158139
0.623203,0.0161869
0.625257,0.0165672
0.62731,0.0169549
0.629363,0.0173501
0.631417,0.0177528
0.63347,0.0181631
0.635524,0.0185813
0.637577,0.0190073
0.63963,0.0194413
0.641684,0.0198834
0.643737,0.0203337
0.645791,0.0207922
0.647844,0.0212591
0.649897,0.0217346
0.651951,0.0222186
0.654004,0.0227113
0.656057,0.0232129
0.658111,0.0237233
0.660164,0.0242428
0.662218,0.0247713
0.664271,0.0253091
0.666324,0.0258562
0.668378,0.0264127
0.670431,0.0269788
0.672485,0.0275545
0.674538,0.0281399
0.676591,0.0287351
0.678645,0.0293403
0.680698,0.0299555
0.682752,0.0305808
0.684805,0.0312164
0.686858,0.0318623
0.688912,0.0325186
0.690965,0.0331855
0.693018,0.033863
0.695072,0.0345512
0.697125,0.0352503
0.699179,0.0359602
0.701232,0.0366812
0.703285,0.0374133
0.705339,0.0381565
0.707392,0.0389111
0.709446,0.039677
0.711499,0.0404545
0.713552,0.0412434
0.715606,0.042044
0.717659,0.0428564
0.719713,0.0436805
0.721766,0.0445166
0.723819,0.0453646
0.725873,0.0462247
0.727926,0.047097
0.729979,0.0479814
0.732033,0.0488782
0.734086,0.0497874
0.73614,0.0507089
0.738193,0.051643
0.740246,0.0525897
0.7423,0.0535491
0.744353,0.0545212
0.746407,0.055506
0.74846,0.0565038
0.750513,0.0575144
0.752567,0.058538
0.75462,0.0595746
0.756674,0.0606243
0.758727,0.0616872
0.76078,0.0627633
0.762834,0.0638525
0.764887,0.0649551
0.76694,0.066071
0.768994,0.0672003
0.771047,0.068343
0.773101,0.0694991
0.775154,0.0706687
0.777207,0.0718518
0.779261,0.0730485
0.781314,0.0742588
0.783368,0.0754826
0.785421,0.0767201
0.787474,0.0779712
0.789528,0.079236
0.791581,0.0805144
0.793634,0.0818065
0.795688,0.0831123
0.797741,0.0844319
0.799795,0.0857651
0.801848,0.087112
0.803901,0.0884726
0.805955,0.0898469
0.808008,0.0912349
0.810062,0.0926366
0.812115,0.0940519
0.814168,0.0954809
0.816222,0.0969235
0.818275,0.0983796
0.820329,0.0998494
0.822382,0.101333
0.824435,0.10283
0.826489,0.10434
0.828542,0.105863
0.830595,0.107401
0.832649,0.108951
0.834702,0.110515
0.836756,0.112092
0.838809,0.113682
0.840862,0.115285
0.842916,0.116902
0.844969,0.118531
0.847023,0.120173
0.849076,0.121828
0.851129,0.123496
0.853183,0.125177
0.855236,0.12687
0.85729,0.128576
0.859343,0.130294
0.861396,0.132025
0.86345,0.133768
0.865503,0.135523
0.867556,0.13729
0.86961,0.139069
0.871663,0.14086
0.873717,0.142663
0.87577,0.144477
0.877823,0.146303
0.879877,0.14814
0.88193,0.149989
0.883984,0.151848
0.886037,0.153719
0.88809,0.1556
0.890144,0.157493
0.892197,0.159395
0.894251,0.161309
0.896304,0.163232
0.898357,0.165166
0.900411,0.16711
0.902464,0.169064
0.904517,0.171027
0.906571,0.173
0.908624,0.174982
0.910678,0.176974
0.912731,0.178974
0.914784,0.180984
0.916838,0.183002
0.918891,0.185028
0.920945,0.187063
0.922998,0.189107
0.925051,0.191158
0.927105,0.193217
0.929158,0.195283
0.931211,0.197357
0.933265,0.199439
0.935318,0.201527
0.937372,0.203622
0.939425,0.205724
0.941478,0.207832
0.943532,0.209946
0.945585,0.212066
0.947639,0.214193
0.949692,0.216325
0.951745,0.218462
0.953799,0.220604
0.955852,0.222752
0.957906,0.224904
0.959959,0.22706
0.962012,0.229221
0.964066,0.231387
0.966119,0.233556
0.968172,0.235728
0.970226,0.237904
0.972279,0.240084
0.974333,0.242266
0.976386,0.244451
0.978439,0.246639
0.980493,0.248829
0.982546,0.251021
0.9846,0.253215
0.986653,0.25541
0.988706,0.257607
0.99076,0.259805
0.992813,0.262004
0.994867,0.264203
0.99692,0.266404
0.998973,0.268604
1.00103,0.270804
1.00308,0.273004
1.00513,0.275204
1.00719,0.277403
1.00924,0.279601
1.01129,0.281798
1.01335,0.283993
1.0154,0.286187
1.01745,0.288379
1.01951,0.290569
1.02156,0.292757
1.02361,0.294942
1.02567,0.297124
1.02772,0.299303
1.02977,0.301479
1.03183,0.303652
1.03388,0.305821
1.03593,0.307986
1.03799,0.310147
1.04004,0.312304
1.04209,0.314456
1.04415,0.316603
1.0462,0.318746
1.04825,0.320883
1.05031,0.323015
1.05236,0.325141
1.05441,0.327262
1.05647,0.329376
1.05852,0.331484
1.06057,0.333586
1.06263,0.335681
1.06468,0.337769
1.06674,0.33985
1.06879,0.341924
1.07084,0.343991
1.0729,0.34605
1.07495,0.348101
1.077,0.350144
1.07906,0.352179
1.08111,0.354206
1.08316,0.356224
1.08522,0.358233
1.08727,0.360234
1.08932,0.362225
1.09138,0.364208
1.09343,0.366181
1.09548,0.368144
1.09754,0.370098
1.09959,0.372042
1.10164,0.373975
1.1037,0.375899
1.10575,0.377812
1.1078,0.379715
1.10986,0.381607
1.11191,0.383489
1.11396,0.385359
1.11602,0.387219
1.11807,0.389068
1.12012,0.390905
1.12218,0.392731
1.12423,0.394545
1.12628,0.396348
1.12834,0.398139
1.13039,0.399918
1.13244,0.401685
1.1345,0.40344
1.13655,0.405183
1.1386,0.406913
1.14066,0.408632
1.14271,0.410337
1.14476,0.412031
1.14682,0.413711
1.14887,0.415379
1.15092,0.417034
1.15298,0.418677
1.15503,0.420306
1.15708,0.421922
1.15914,0.423526
1.16119,0.425116
1.16324,0.426693
1.1653,0.428257
1.16735,0.429807
1.1694,0.431344
1.17146,0.432868
1.17351,0.434378
1.17556,0.435875
1.17762,0.437358
1.17967,0.438828
1.18172,0.440284
1.18378,0.441727
1.18583,0.443156
1.18789,0.444571
1.18994,0.445973
1.19199,0.447361
1.19405,0.448735
1.1961,0.450096
1.19815,0.451443
1.20021,0.452776
1.20226,0.454095
1.20431,0.455401
1.20637,0.456693
1.20842,0.457972
1.21047,0.459236
1.21253,0.460488
1.21458,0.461725
1.21663,0.462949
1.21869,0.464159
1.22074,0.465356
1.22279,0.466539
1.22485,0.467709
1.2269,0.468865
1.22895,0.470007
1.23101,0.471137
1.23306,0.472253
1.23511,0.473355
1.23717,0.474444
1.23922,0.47552
1.24127,0.476583
1.24333,0.477633
1.24538,0.47867
1.24743,0.479693
1.24949,0.480704
1.25154,0.481702
1.25359,0.482686
1.25565,0.483659
1.2577,0.484618
1.25975,0.485565
1.26181,0.486499
1.26386,0.48742
1.26591,0.488329
1.26797,0.489226
1.27002,0.490111
1.27207,0.490983
1.27413,0.491843
1.27618,0.492691
1.27823,0.493527
1.28029,0.494351
1.28234,0.495164
1.28439,0.495964
1.28645,0.496753
1.2885,0.497531
1.29055,0.498297
1.29261,0.499051
1.29466,0.499794
1.29671,0.500526
1.29877,0.501247
1.30082,0.501957
1.30287,0.502656
1.30493,0.503345
1.30698,0.504022
1.30903,0.504689
1.31109,0.505345
1.31314,0.505991
1.3152,0.506627
1.31725,0.507252
1.3193,0.507867
1.32136,0.508473
1.32341,0.509068
1.32546,0.509653
1.32752,0.510229
1.32957,0.510795
1.33162,0.511351
1.33368,0.511899
1.33573,0.512436
1.33778,0.512965
1.33984,0.513484
1.34189,0.513995
1.34394,0.514496
1.346,0.514989
1.34805,0.515473
1.3501,0.515949
1.35216,0.516415
1.35421,0.516874
1.35626,0.517324
1.35832,0.517766
1.36037,0.5182
1.36242,0.518626
1.36448,0.519045
1.36653,0.519455
1.36858,0.519858
1.37064,0.520253
1.37269,0.52064
1.37474,0.521021
1.3768,0.521394
1.37885,0.52176
1.3809,0.522118
1.38296,0.52247
1.38501,0.522815
1.38706,0.523153
1.38912,0.523485
1.39117,0.52381
1.39322,0.524128
1.39528,0.524441
1.39733,0.524746
1.39938,0.525046
1.40144,0.525339
1.40349,0.525627
1.40554,0.525909
1.4076,0.526184
1.40965,0.526455
1.4117,0.526719
1.41376,0.526978
1.41581,0.527231
1.41786,0.527479
1.41992,0.527722
1.42197,0.52796
1.42402,0.528192
1.42608,0.52842
1.42813,0.528642
1.43018,0.52886
1.43224,0.529073
1.43429,0.529281
1.43634,0.529485
1.4384,0.529684
1.44045,0.529879
1.44251,0.530069
1.44456,0.530255
1.44661,0.530437
1.44867,0.530615
1.45072,0.530788
1.45277,0.530958
1.45483,0.531124
1.45688,0.531286
1.45893,0.531444
1.46099,0.531598
1.46304,0.531749
1.46509,0.531896
1.46715,0.53204
1.4692,0.532181
1.47125,0.532318
1.47331,0.532451
1.47536,0.532582
1.47741,0.532709
1.47947,0.532834
1.48152,0.532955
1.48357,0.533073
1.48563,0.533189
1.48768,0.533301
1.48973,0.533411
1.49179,0.533518
1.49384,0.533622
1.49589,0.533724
1.49795,0.533823
1.5,0.53392
1.50205,0.534014
1.50411,0.534106
1.50616,0.534196
1.50821,0.534283
1.51027,0.534368
1.51232,0.53445
1.51437,0.534531
1.51643,0.534609
1.51848,0.534686
1.52053,0.53476
1.52259,0.534833
1.52464,0.534903
1.52669,0.534972
1.52875,0.535039
1.5308,0.535104
1.53285,0.535167
1.53491,0.535228
1.53696,0.535288
1.53901,0.535347
1.54107,0.535403
1.54312,0.535458
1.54517,0.535512
1.54723,0.535564
1.54928,0.535615
1.55133,0.535664
1.55339,0.535712
1.55544,0.535758
1.55749,0.535803
1.55955,0.535847
1.5616,0.53589
1.56366,0.535932
1.56571,0.535972
1.56776,0.536011
1.56982,0.536049
1.57187,0.536086
1.57392,0.536122
1.57598,0.536157
1.57803,0.53619
1.58008,0.536223
1.58214,0.536255
1.58419,0.536286
1.58624,0.536316
1.5883,0.536345
1.59035,0.536373
1.5924,0.536401
1.59446,0.536427
1.59651,0.536453
1.59856,0.536478
1.60062,0.536502
1.60267,0.536525
1.60472,0.536548
1.60678,0.53657
1.60883,0.536592
1.61088,0.536612
1.61294,0.536633
1.61499,0.536652
1.61704,0.536671
1.6191,0.536689
1.62115,0.536707
1.6232,0.536724
1.62526,0.536741
1.62731,0.536757
1.62936,0.536772
1.63142,0.536787
1.63347,0.536802
1.63552,0.536816
1.63758,0.53683
1.63963,0.536843
1.64168,0.536856
1.64374,0.536868
1.64579,0.53688
1.64784,0.536892
1.6499,0.536903
1.65195,0.536914
1.654,0.536924
1.65606,0.536934
1.65811,0.536944
1.66016,0.536954
1.66222,0.536963
1.66427,0.536972
1.66632,0.53698
1.66838,0.536988
1.67043,0.536996
1.67248,0.537004
1.67454,0.537012
1.67659,0.537019
1.67864,0.537026
1.6807,0.537032
1.68275,0.537039
1.6848,0.537045
1.68686,0.537051
1.68891,0.537057
1.69097,0.537063
1.69302,0.537068
1.69507,0.537073
1.69713,0.537078
1.69918,0.537083
1.70123,0.537088
1.70329,0.537093
1.70534,0.537097
1.70739,0.537101
1.70945,0.537105
1.7115,0.537109
1.71355,0.537113
1.71561,0.537117
1.71766,0.53712
1.71971,0.537124
1.72177,0.537127
1.72382,0.53713
1.72587,0.537133
1.72793,0.537136
1.72998,0.537139
1.73203,0.537141
1.73409,0.537144
1.73614,0.537147
1.73819,0.537149
1.74025,0.537151
1.7423,0.537154
1.74435,0.537156
1.74641,0.537158
1.74846,0.53716
1.75051,0.537162
1.75257,0.537164
1.75462,0.537165
1.75667,0.537167
1.75873,0.537169
1.76078,0.53717
1.76283,0.537172
1.76489,0.537173
1.76694,0.537175
1.76899,0.537176
1.77105,0.537177
1.7731,0.537179
1.77515,0.53718
1.77721,0.537181
1.77926,0.537182
1.78131,0.537183
1.78337,0.537184
1.78542,0.537185
1.78747,0.537186
1.78953,0.537187
1.79158,0.537188
1.79363,0.537189
1.79569,0.53719
1.79774,0.53719
1.79979,0.537191
1.80185,0.537192
1.8039,0.537193
1.80595,0.537193
1.80801,0.537194
1.81006,0.537194
1.81211,0.537195
1.81417,0.537196
1.81622,0.537196
1.81828,0.537197
1.82033,0.537197
1.82238,0.537198
1.82444,0.537198
1.82649,0.537198
1.82854,0.537199
1.8306,0.537199
1.83265,0.5372
1.8347,0.5372
1.83676,0.5372
1.83881,0.537201
1.84086,0.537201
1.84292,0.537201
1.84497,0.537202
1.84702,0.537202
1.84908,0.537202
1.85113,0.537202
1.85318,0.537203
1.85524,0.537203
1.85729,0.537203
1.85934,0.537203
1.8614,0.537203
1.86345,0.537204
1.8655,0.537204
1.86756,0.537204
1.86961,0.537204
1.87166,0.537204
1.87372,0.537205
1.87577,0.537205
1.87782,0.537205
1.87988,0.537205
1.88193,0.537205
1.88398,0.537205
1.88604,0.537205
1.88809,0.537205
1.89014,0.537206
1.8922,0.537206
1.89425,0.537206
1.8963,0.537206
1.89836,0.537206
1.90041,0.537206
1.90246,0.537206
1.90452,0.537206
1.90657,0.537206
1.90862,0.537206
1.91068,0.537206
1.91273,0.537207
1.91478,0.537207
1.91684,0.537207
1.91889,0.537207
1.92094,0.537207
1.923,0.537207
1.92505,0.537207
1.9271,0.537207
1.92916,0.537207
1.93121,0.537207
1.93326,0.537207
1.93532,0.537207
1.93737,0.537207
1.93943,0.537207
1.94148,0.537207
1.94353,0.537207
1.94559,0.537207
1.94764,0.537207
1.94969,0.537207
1.95175,0.537207
1.9538,0.537207
1.95585,0.537207
1.95791,0.537207
1.95996,0.537207
1.96201,0.537207
1.96407,0.537207
1.96612,0.537207
1.96817,0.537207
1.97023,0.537208
1.97228,0.537208
1.97433,0.537208
1.97639,0.537208
1.97844,0.537208
1.98049,0.537208
1.98255,0.537208
1.9846,0.537208
1.98665,0.537208
1.98871,0.537208
1.99076,0.537208
1.99281,0.537208
1.99487,0.537208
1.99692,0.537208
1.99897,0.537208
