0.00168919,0
0.00506757,1.53084e-08
0.00844595,3.19565e-08
0.0118243,5.00562e-08
0.0152027,6.97286e-08
0.0185811,9.11041e-08
0.0219595,1.14324e-07
0.0253378,1.39539e-07
0.0287162,1.66914e-07
0.0320946,1.96625e-07
0.035473,2.28863e-07
0.0388514,2.63832e-07
0.0422297,3.01752e-07
0.0456081,3.42861e-07
0.0489865,3.87415e-07
0.0523649,4.35689e-07
0.0557432,4.87977e-07
0.0591216,5.44598e-07
0.0625,6.05894e-07
0.0658784,6.72231e-07
0.0692568,7.44003e-07
0.0726351,8.21634e-07
0.0760135,9.05578e-07
0.0793919,9.96322e-07
0.0827703,1.09439e-06
0.0861486,1.20034e-06
0.089527,1.31478e-06
0.0929054,1.43834e-06
0.0962838,1.57173e-06
0.0996622,1.71568e-06
0.103041,1.87097e-06
0.106419,2.03847e-06
0.109797,2.21906e-06
0.113176,2.41374e-06
0.116554,2.62352e-06
0.119932,2.84952e-06
0.123311,3.09293e-06
0.126689,3.35501e-06
0.130068,3.63711e-06
0.133446,3.94067e-06
0.136824,4.26723e-06
0.140203,4.61845e-06
0.143581,4.99606e-06
0.146959,5.40194e-06
0.150338,5.83808e-06
0.153716,6.3066e-06
0.157095,6.80977e-06
0.160473,7.34998e-06
0.163851,7.92981e-06
0.16723,8.55197e-06
0.170608,9.21938e-06
0.173986,9.93511e-06
0.177365,1.07025e-05
0.180743,1.15249e-05
0.184122,1.24061e-05
0.1875,1.33501e-05
0.190878,1.43609e-05
0.194257,1.54431e-05
0.197635,1.66014e-05
0.201014,1.78407e-05
0.204392,1.91663e-05
0.20777,2.05839e-05
0.211149,2.20993e-05
0.214527,2.37189e-05
0.217905,2.54493e-05
0.221284,2.72977e-05
0.224662,2.92714e-05
0.228041,3.13784e-05
0.231419,3.3627e-05
0.234797,3.60261e-05
0.238176,3.8585e-05
0.241554,4.13136e-05
0.244932,4.42223e-05
0.248311,4.7322e-05
0.251689,5.06245e-05
0.255068,5.41419e-05
0.258446,5.78872e-05
0.261824,6.1874e-05
0.265203,6.61166e-05
0.268581,7.06303e-05
0.271959,7.54309e-05
0.275338,8.05353e-05
0.278716,8.5961e-05
0.282095,9.17267e-05
0.285473,9.78519e-05
0.288851,0.000104357
0.29223,0.000111264
0.295608,0.000118596
0.298986,0.000126376
0.302365,0.000134629
0.305743,0.000143382
0.309122,0.000152662
0.3125,0.000162498
0.315878,0.000172921
0.319257,0.000183962
0.322635,0.000195655
0.326014,0.000208035
0.329392,0.000221138
0.33277,0.000235002
0.336149,0.000249669
0.339527,0.000265178
0.342905,0.000281576
0.346284,0.000298906
0.349662,0.000317218
0.353041,0.000336561
0.356419,0.000356987
0.359797,0.000378551
0.363176,0.00040131
0.366554,0.000425324
0.369932,0.000450653
0.373311,0.000477363
0.376689,0.000505521
0.380068,0.000535197
0.383446,0.000566463
0.386824,0.000599396
0.390203,0.000634075
0.393581,0.000670581
0.396959,0.000709
0.400338,0.000749421
0.403716,0.000791936
0.407095,0.00083664
0.410473,0.000883633
0.413851,0.000933019
0.41723,0.000984903
0.420608,0.0010394
0.423986,0.00109662
0.427365,0.00115668
0.430743,0.00121971
0.434122,0.00128583
0.4375,0.00135519
0.440878,0.0014279
0.444257,0.00150413
0.447635,0.001584
0.451014,0.00166767
0.454392,0.00175531
0.45777,0.00184706
0.461149,0.0019431
0.464527,0.0020436
0.467905,0.00214874
0.471284,0.00225868
0.474662,0.00237364
0.478041,0.00249379
0.481419,0.00261934
0.484797,0.00275049
0.488176,0.00288746
0.491554,0.00303045
0.494932,0.0031797
0.498311,0.00333543
0.501689,0.00349788
0.505068,0.00366729
0.508446,0.0038439
0.511824,0.00402798
0.515203,0.00421977
0.518581,0.00441955
0.521959,0.0046276
0.525338,0.00484418
0.528716,0.00506959
0.532095,0.00530412
0.535473,0.00554807
0.538851,0.00580175
0.54223,0.00606546
0.545608,0.00633953
0.548986,0.00662428
0.552365,0.00692005
0.555743,0.00722716
0.559122,0.00754598
0.5625,0.00787684
0.565878,0.00822011
0.569257,0.00857614
0.572635,0.00894532
0.576014,0.00932801
0.579392,0.00972459
0.58277,0.0101355
0.586149,0.010561
0.589527,0.0110016
0.592905,0.0114577
0.596284,0.0119297
0.599662,0.012418
0.603041,0.012923
0.606419,0.0134451
0.609797,0.0139849
0.613176,0.0145426
0.616554,0.0151188
0.619932,0.0157138
0.623311,0.0163282
0.626689,0.0169623
0.630068,0.0176167
0.633446,0.0182917
0.636824,0.0189879
0.640203,0.0197056
0.643581,0.0204454
0.646959,0.0212077
0.650338,0.0219929
0.653716,0.0228015
0.657095,0.0236341
0.660473,0.024491
0.663851,0.0253726
0.66723,0.0262796
0.670608,0.0272123
0.673986,0.0281711
0.677365,0.0291566
0.680743,0.0301691
0.684122,0.0312092
0.6875,0.0322772
0.690878,0.0333736
0.694257,0.0344989
0.697635,0.0356535
0.701014,0.0368377
0.704392,0.0380521
0.70777,0.039297
0.711149,0.0405728
0.714527,0.04188
0.717905,0.0432188
0.721284,0.0445897
0.724662,0.0459931
0.728041,0.0474293
0.731419,0.0488987
0.734797,0.0504015
0.738176,0.0519382
0.741554,0.053509
0.744932,0.0551143
0.748311,0.0567543
0.751689,0.0584292
0.755068,0.0601395
0.758446,0.0618852
0.761824,0.0636667
0.765203,0.0654841
0.768581,0.0673376
0.771959,0.0692274
0.775338,0.0711537
0.778716,0.0731167
0.782095,0.0751164
0.785473,0.0771529
0.788851,0.0792264
0.79223,0.0813369
0.795608,0.0834844
0.798986,0.0856691
0.802365,0.0878908
0.805743,0.0901496
0.809122,0.0924454
0.8125,0.0947782
0.815878,0.0971479
0.819257,0.0995544
0.822635,0.101998
0.826014,0.104477
0.829392,0.106993
0.83277,0.109545
0.836149,0.112134
0.839527,0.114757
0.842905,0.117417
0.846284,0.120111
0.849662,0.12284
0.853041,0.125604
0.856419,0.128402
0.859797,0.131233
0.863176,0.134098
0.866554,0.136996
0.869932,0.139926
0.873311,0.142888
0.876689,0.145882
0.880068,0.148906
0.883446,0.151961
0.886824,0.155045
0.890203,0.158159
0.893581,0.161302
0.896959,0.164472
0.900338,0.167669
0.903716,0.170893
0.907095,0.174143
0.910473,0.177418
0.913851,0.180718
0.91723,0.184041
0.920608,0.187387
0.923986,0.190755
0.927365,0.194144
0.930743,0.197553
0.934122,0.200982
0.9375,0.20443
0.940878,0.207895
0.944257,0.211378
0.947635,0.214876
0.951014,0.218389
0.954392,0.221916
0.95777,0.225457
0.961149,0.229009
0.964527,0.232573
0.967905,0.236147
0.971284,0.23973
0.974662,0.243321
0.978041,0.24692
0.981419,0.250524
0.984797,0.254134
0.988176,0.257748
0.991554,0.261365
0.994932,0.264984
0.998311,0.268604
1.00169,0.272224
1.00507,0.275843
1.00845,0.27946
1.01182,0.283074
1.0152,0.286683
1.01858,0.290288
1.02196,0.293886
1.02534,0.297478
1.02872,0.301061
1.03209,0.304635
1.03547,0.308198
1.03885,0.311751
1.04223,0.315291
1.04561,0.318819
1.04899,0.322332
1.05236,0.32583
1.05574,0.329312
1.05912,0.332778
1.0625,0.336225
1.06588,0.339654
1.06926,0.343064
1.07264,0.346453
1.07601,0.349821
1.07939,0.353167
1.08277,0.35649
1.08615,0.359789
1.08953,0.363064
1.09291,0.366314
1.09628,0.369538
1.09966,0.372736
1.10304,0.375906
1.10642,0.379048
1.1098,0.382162
1.11318,0.385247
1.11655,0.388302
1.11993,0.391326
1.12331,0.39432
1.12669,0.397282
1.13007,0.400212
1.13345,0.40311
1.13682,0.405974
1.1402,0.408806
1.14358,0.411604
1.14696,0.414367
1.15034,0.417097
1.15372,0.419791
1.15709,0.42245
1.16047,0.425074
1.16385,0.427662
1.16723,0.430214
1.17061,0.43273
1.17399,0.43521
1.17736,0.437653
1.18074,0.44006
1.18412,0.442429
1.1875,0.444762
1.19088,0.447058
1.19426,0.449317
1.19764,0.451539
1.20101,0.453723
1.20439,0.455871
1.20777,0.457981
1.21115,0.460055
1.21453,0.462091
1.21791,0.464091
1.22128,0.466054
1.22466,0.46798
1.22804,0.46987
1.23142,0.471724
1.2348,0.473541
1.23818,0.475322
1.24155,0.477068
1.24493,0.478778
1.24831,0.480453
1.25169,0.482093
1.25507,0.483699
1.25845,0.485269
1.26182,0.486806
1.2652,0.488309
1.26858,0.489778
1.27196,0.491215
1.27534,0.492618
1.27872,0.493989
1.28209,0.495328
1.28547,0.496635
1.28885,0.497911
1.29223,0.499156
1.29561,0.50037
1.29899,0.501554
1.30236,0.502709
1.30574,0.503834
1.30912,0.50493
1.3125,0.505998
1.31588,0.507039
1.31926,0.508051
1.32264,0.509037
1.32601,0.509995
1.32939,0.510928
1.33277,0.511835
1.33615,0.512717
1.33953,0.513574
1.34291,0.514406
1.34628,0.515215
1.34966,0.516
1.35304,0.516762
1.35642,0.517502
1.3598,0.51822
1.36318,0.518916
1.36655,0.519591
1.36993,0.520245
1.37331,0.520879
1.37669,0.521494
1.38007,0.522089
1.38345,0.522665
1.38682,0.523223
1.3902,0.523763
1.39358,0.524285
1.39696,0.52479
1.40034,0.525278
1.40372,0.52575
1.40709,0.526206
1.41047,0.526647
1.41385,0.527072
1.41723,0.527483
1.42061,0.52788
1.42399,0.528262
1.42736,0.528632
1.43074,0.528988
1.43412,0.529331
1.4375,0.529662
1.44088,0.52998
1.44426,0.530288
1.44764,0.530583
1.45101,0.530868
1.45439,0.531142
1.45777,0.531406
1.46115,0.53166
1.46453,0.531904
1.46791,0.532138
1.47128,0.532363
1.47466,0.53258
1.47804,0.532788
1.48142,0.532988
1.4848,0.53318
1.48818,0.533364
1.49155,0.53354
1.49493,0.53371
1.49831,0.533872
1.50169,0.534028
1.50507,0.534177
1.50845,0.53432
1.51182,0.534457
1.5152,0.534588
1.51858,0.534714
1.52196,0.534834
1.52534,0.534949
1.52872,0.535059
1.53209,0.535164
1.53547,0.535265
1.53885,0.535361
1.54223,0.535452
1.54561,0.53554
1.54899,0.535624
1.55236,0.535704
1.55574,0.53578
1.55912,0.535852
1.5625,0.535922
1.56588,0.535988
1.56926,0.536051
1.57264,0.536111
1.57601,0.536168
1.57939,0.536223
1.58277,0.536275
1.58615,0.536324
1.58953,0.536371
1.59291,0.536416
1.59628,0.536458
1.59966,0.536499
1.60304,0.536537
1.60642,0.536574
1.6098,0.536608
1.61318,0.536641
1.61655,0.536672
1.61993,0.536702
1.62331,0.53673
1.62669,0.536757
1.63007,0.536782
1.63345,0.536806
1.63682,0.536829
1.6402,0.536851
1.64358,0.536871
1.64696,0.53689
1.65034,0.536909
1.65372,0.536926
1.65709,0.536942
1.66047,0.536958
1.66385,0.536973
1.66723,0.536987
1.67061,0.537
1.67399,0.537012
1.67736,0.537024
1.68074,0.537035
1.68412,0.537045
1.6875,0.537055
1.69088,0.537064
1.69426,0.537073
1.69764,0.537081
1.70101,0.537089
1.70439,0.537096
1.70777,0.537103
1.71115,0.53711
1.71453,0.537116
1.71791,0.537122
1.72128,0.537127
1.72466,0.537132
1.72804,0.537137
1.73142,0.537142
1.7348,0.537146
1.73818,0.53715
1.74155,0.537154
1.74493,0.537157
1.74831,0.53716
1.75169,0.537163
1.75507,0.537166
1.75845,0.537169
1.76182,0.537172
1.7652,0.537174
1.76858,0.537176
1.77196,0.537178
1.77534,0.53718
1.77872,0.537182
1.78209,0.537184
1.78547,0.537186
1.78885,0.537187
1.79223,0.537188
1.79561,0.53719
1.79899,0.537191
1.80236,0.537192
1.80574,0.537193
1.80912,0.537194
1.8125,0.537195
1.81588,0.537196
1.81926,0.537197
1.82264,0.537198
1.82601,0.537198
1.82939,0.537199
1.83277,0.5372
1.83615,0.5372
1.83953,0.537201
1.84291,0.537201
1.84628,0.537202
1.84966,0.537202
1.85304,0.537203
1.85642,0.537203
1.8598,0.537203
1.86318,0.537204
1.86655,0.537204
1.86993,0.537204
1.87331,0.537205
1.87669,0.537205
1.88007,0.537205
1.88345,0.537205
1.88682,0.537205
1.8902,0.537206
1.89358,0.537206
1.89696,0.537206
1.90034,0.537206
1.90372,0.537206
1.90709,0.537206
1.91047,0.537206
1.91385,0.537207
1.91723,0.537207
1.92061,0.537207
1.92399,0.537207
1.92736,0.537207
1.93074,0.537207
1.93412,0.537207
1.9375,0.537207
1.94088,0.537207
1.94426,0.537207
1.94764,0.537207
1.95101,0.537207
1.95439,0.537207
1.95777,0.537207
1.96115,0.537207
1.96453,0.537207
1.96791,0.537207
1.97128,0.537208
1.97466,0.537208
1.97804,0.537208
1.98142,0.537208
1.9848,0.537208
1.98818,0.537208
1.99155,0.537208
1.99493,0.537208
1.99831,0.537208
