0.00251256,0
0.00753769,2.42114e-08
0.0125628,5.16291e-08
0.0175879,8.26581e-08
0.0226131,1.17752e-07
0.0276382,1.57418e-07
0.0326633,2.02224e-07
0.0376884,2.52803e-07
0.0427136,3.09864e-07
0.0477387,3.74197e-07
0.0527638,4.46683e-07
0.0577889,5.28302e-07
0.0628141,6.20149e-07
0.0678392,7.23439e-07
0.0728643,8.39526e-07
0.0778894,9.69911e-07
0.0829146,1.11626e-06
0.0879397,1.28044e-06
0.0929648,1.46448e-06
0.0979899,1.67067e-06
0.103015,1.90153e-06
0.10804,2.15985e-06
0.113065,2.44871e-06
0.11809,2.77151e-06
0.123116,3.13202e-06
0.128141,3.53438e-06
0.133166,3.98318e-06
0.138191,4.48345e-06
0.143216,5.04075e-06
0.148241,5.66119e-06
0.153266,6.35148e-06
0.158291,7.11901e-06
0.163317,7.97188e-06
0.168342,8.91897e-06
0.173367,9.97004e-06
0.178392,1.11358e-05
0.183417,1.24278e-05
0.188442,1.3859e-05
0.193467,1.54433e-05
0.198492,1.7196e-05
0.203518,1.91338e-05
0.208543,2.12748e-05
0.213568,2.36389e-05
0.218593,2.62476e-05
0.223618,2.91246e-05
0.228643,3.22952e-05
0.233668,3.57874e-05
0.238693,3.96313e-05
0.243719,4.38597e-05
0.248744,4.8508e-05
0.253769,5.36149e-05
0.258794,5.92218e-05
0.263819,6.5374e-05
0.268844,7.21201e-05
0.273869,7.9513e-05
0.278894,8.76094e-05
0.28392,9.64707e-05
0.288945,0.000106163
0.29397,0.000116758
0.298995,0.000128331
0.30402,0.000140967
0.309045,0.000154752
0.31407,0.000169783
0.319095,0.000186161
0.324121,0.000203996
0.329146,0.000223406
0.334171,0.000244515
0.339196,0.000267459
0.344221,0.000292382
0.349246,0.000319435
0.354271,0.000348785
0.359296,0.000380604
0.364322,0.000415079
0.369347,0.000452409
0.374372,0.000492804
0.379397,0.000536488
0.384422,0.000583699
0.389447,0.000634691
0.394472,0.000689729
0.399497,0.0007491
0.404523,0.000813102
0.409548,0.000882054
0.414573,0.000956292
0.419598,0.00103617
0.424623,0.00112206
0.429648,0.00121437
0.434673,0.00131349
0.439698,0.00141988
0.444724,0.001534
0.449749,0.00165631
0.454774,0.00178735
0.459799,0.00192762
0.464824,0.0020777
0.469849,0.00223817
0.474874,0.00240964
0.479899,0.00259273
0.484925,0.00278814
0.48995,0.00299653
0.494975,0.00321865
0.5,0.00345524
0.505025,0.00370709
0.51005,0.00397501
0.515075,0.00425986
0.520101,0.0045625
0.525126,0.00488384
0.530151,0.00522483
0.535176,0.00558644
0.540201,0.00596968
0.545226,0.00637557
0.550251,0.0068052
0.555276,0.00725965
0.560302,0.00774006
0.565327,0.0082476
0.570352,0.00878346
0.575377,0.00934885
0.580402,0.00994504
0.585427,0.0105733
0.590452,0.0112349
0.595477,0.0119313
0.600503,0.0126637
0.605528,0.0134336
0.610553,0.0142423
0.615578,0.0150913
0.620603,0.0159821
0.625628,0.016916
0.630653,0.0178946
0.635678,0.0189194
0.640704,0.0199918
0.645729,0.0211133
0.650754,0.0222856
0.655779,0.02351
0.660804,0.0247882
0.665829,0.0261215
0.670854,0.0275116
0.675879,0.0289599
0.680905,0.030468
0.68593,0.0320372
0.690955,0.033669
0.69598,0.035365
0.701005,0.0371264
0.70603,0.0389546
0.711055,0.040851
0.71608,0.0428169
0.721106,0.0448536
0.726131,0.0469622
0.731156,0.0491439
0.736181,0.0513998
0.741206,0.0537311
0.746231,0.0561386
0.751256,0.0586233
0.756281,0.0611861
0.761307,0.0638277
0.766332,0.0665489
0.771357,0.0693503
0.776382,0.0722324
0.781407,0.0751957
0.786432,0.0782405
0.791457,0.0813671
0.796482,0.0845757
0.801508,0.0878664
0.806533,0.0912391
0.811558,0.0946936
0.816583,0.0982298
0.821608,0.101847
0.826633,0.105546
0.831658,0.109324
0.836683,0.113182
0.841709,0.117119
0.846734,0.121134
0.851759,0.125225
0.856784,0.129392
0.861809,0.133634
0.866834,0.137948
0.871859,0.142333
0.876884,0.146789
0.88191,0.151312
0.886935,0.155902
0.89196,0.160555
0.896985,0.165271
0.90201,0.170047
0.907035,0.17488
0.91206,0.179769
0.917085,0.18471
0.922111,0.189702
0.927136,0.194741
0.932161,0.199825
0.937186,0.20495
0.942211,0.210115
0.947236,0.215316
0.952261,0.220549
0.957286,0.225813
0.962312,0.231103
0.967337,0.236416
0.972362,0.24175
0.977387,0.2471
0.982412,0.252464
0.987437,0.257838
0.992462,0.263219
0.997487,0.268604
1.00251,0.273988
1.00754,0.279369
1.01256,0.284743
1.01759,0.290107
1.02261,0.295458
1.02764,0.300791
1.03266,0.306105
1.03769,0.311395
1.04271,0.316658
1.04774,0.321892
1.05276,0.327093
1.05779,0.332257
1.06281,0.337383
1.06784,0.342467
1.07286,0.347506
1.07789,0.352497
1.08291,0.357439
1.08794,0.362327
1.09296,0.367161
1.09799,0.371936
1.10302,0.376652
1.10804,0.381306
1.11307,0.385896
1.11809,0.390419
1.12312,0.394874
1.12814,0.39926
1.13317,0.403574
1.13819,0.407815
1.14322,0.411982
1.14824,0.416074
1.15327,0.420088
1.15829,0.424025
1.16332,0.427883
1.16834,0.431662
1.17337,0.43536
1.17839,0.438978
1.18342,0.442514
1.18844,0.445969
1.19347,0.449341
1.19849,0.452632
1.20352,0.455841
1.20854,0.458967
1.21357,0.462012
1.21859,0.464975
1.22362,0.467857
1.22864,0.470659
1.23367,0.47338
1.23869,0.476022
1.24372,0.478584
1.24874,0.481069
1.25377,0.483477
1.25879,0.485808
1.26382,0.488064
1.26884,0.490245
1.27387,0.492354
1.27889,0.494391
1.28392,0.496357
1.28894,0.498253
1.29397,0.500081
1.29899,0.501843
1.30402,0.503539
1.30905,0.50517
1.31407,0.50674
1.3191,0.508248
1.32412,0.509696
1.32915,0.511086
1.33417,0.512419
1.3392,0.513698
1.34422,0.514922
1.34925,0.516094
1.35427,0.517216
1.3593,0.518288
1.36432,0.519313
1.36935,0.520292
1.37437,0.521226
1.3794,0.522116
1.38442,0.522965
1.38945,0.523774
1.39447,0.524544
1.3995,0.525276
1.40452,0.525973
1.40955,0.526634
1.41457,0.527263
1.4196,0.527859
1.42462,0.528424
1.42965,0.52896
1.43467,0.529468
1.4397,0.529948
1.44472,0.530402
1.44975,0.530832
1.45477,0.531238
1.4598,0.531621
1.46482,0.531983
1.46985,0.532324
1.47487,0.532645
1.4799,0.532948
1.48492,0.533233
1.48995,0.533501
1.49497,0.533752
1.5,0.533989
1.50503,0.534211
1.51005,0.53442
1.51508,0.534615
1.5201,0.534798
1.52513,0.534969
1.53015,0.53513
1.53518,0.53528
1.5402,0.53542
1.54523,0.535551
1.55025,0.535674
1.55528,0.535788
1.5603,0.535894
1.56533,0.535993
1.57035,0.536086
1.57538,0.536171
1.5804,0.536251
1.58543,0.536326
1.59045,0.536395
1.59548,0.536459
1.6005,0.536518
1.60553,0.536573
1.61055,0.536624
1.61558,0.536671
1.6206,0.536715
1.62563,0.536755
1.63065,0.536793
1.63568,0.536827
1.6407,0.536859
1.64573,0.536888
1.65075,0.536915
1.65578,0.53694
1.6608,0.536963
1.66583,0.536984
1.67085,0.537004
1.67588,0.537021
1.6809,0.537038
1.68593,0.537053
1.69095,0.537067
1.69598,0.537079
1.70101,0.537091
1.70603,0.537101
1.71106,0.537111
1.71608,0.53712
1.72111,0.537128
1.72613,0.537136
1.73116,0.537142
1.73618,0.537148
1.74121,0.537154
1.74623,0.537159
1.75126,0.537164
1.75628,0.537168
1.76131,0.537172
1.76633,0.537175
1.77136,0.537179
1.77638,0.537181
1.78141,0.537184
1.78643,0.537186
1.79146,0.537189
1.79648,0.53719
1.80151,0.537192
1.80653,0.537194
1.81156,0.537195
1.81658,0.537197
1.82161,0.537198
1.82663,0.537199
1.83166,0.5372
1.83668,0.537201
1.84171,0.537201
1.84673,0.537202
1.85176,0.537203
1.85678,0.537203
1.86181,0.537204
1.86683,0.537204
1.87186,0.537205
1.87688,0.537205
1.88191,0.537205
1.88693,0.537205
1.89196,0.537206
1.89698,0.537206
1.90201,0.537206
1.90704,0.537206
1.91206,0.537207
1.91709,0.537207
1.92211,0.537207
1.92714,0.537207
1.93216,0.537207
1.93719,0.537207
1.94221,0.537207
1.94724,0.537207
1.95226,0.537207
1.95729,0.537207
1.96231,0.537207
1.96734,0.537207
1.97236,0.537208
1.97739,0.537208
1.98241,0.537208
1.98744,0.537208
1.99246,0.537208
1.99749,0.537208
