0.00316456,0
0.00949367,3.20089e-08
0.0158228,6.94303e-08
0.0221519,1.13135e-07
0.028481,1.64128e-07
0.0348101,2.23565e-07
0.0411392,2.92773e-07
0.0474684,3.7328e-07
0.0537975,4.66836e-07
0.0601266,5.75447e-07
0.0664557,7.0141e-07
0.0727848,8.47351e-07
0.0791139,1.01627e-06
0.085443,1.21158e-06
0.0917722,1.4372e-06
0.0981013,1.69755e-06
0.10443,1.99769e-06
0.110759,2.34334e-06
0.117089,2.74102e-06
0.123418,3.19809e-06
0.129747,3.72291e-06
0.136076,4.3249e-06
0.142405,5.01472e-06
0.148734,5.80441e-06
0.155063,6.7075e-06
0.161392,7.73925e-06
0.167722,8.91682e-06
0.174051,1.02595e-05
0.18038,1.17888e-05
0.186709,1.3529e-05
0.193038,1.55072e-05
0.199367,1.77538e-05
0.205696,2.03024e-05
0.212025,2.31909e-05
0.218354,2.64614e-05
0.224684,3.01605e-05
0.231013,3.43403e-05
0.237342,3.90587e-05
0.243671,4.43795e-05
0.25,5.03737e-05
0.256329,5.71198e-05
0.262658,6.47045e-05
0.268987,7.32235e-05
0.275316,8.27823e-05
0.281646,9.34972e-05
0.287975,0.000105496
0.294304,0.000118919
0.300633,0.00013392
0.306962,0.000150668
0.313291,0.000169347
0.31962,0.00019016
0.325949,0.000213328
0.332278,0.00023909
0.338608,0.000267708
0.344937,0.000299467
0.351266,0.000334678
0.357595,0.000373675
0.363924,0.000416823
0.370253,0.000464516
0.376582,0.00051718
0.382911,0.000575274
0.389241,0.000639295
0.39557,0.000709776
0.401899,0.000787291
0.408228,0.000872459
0.414557,0.000965939
0.420886,0.00106844
0.427215,0.00118072
0.433544,0.0013036
0.439873,0.00143792
0.446203,0.00158462
0.452532,0.00174468
0.458861,0.00191913
0.46519,0.00210908
0.471519,0.00231571
0.477848,0.00254024
0.484177,0.00278398
0.490506,0.00304833
0.496835,0.00333472
0.503165,0.00364469
0.509494,0.00397984
0.515823,0.00434186
0.522152,0.00473251
0.528481,0.00515363
0.53481,0.00560715
0.541139,0.00609506
0.547468,0.00661944
0.553797,0.00718248
0.560127,0.00778639
0.566456,0.00843352
0.572785,0.00912624
0.579114,0.00986704
0.585443,0.0106585
0.591772,0.0115031
0.598101,0.0124037
0.60443,0.0133629
0.610759,0.0143835
0.617089,0.0154685
0.623418,0.0166206
0.629747,0.0178428
0.636076,0.0191382
0.642405,0.0205096
0.648734,0.0219602
0.655063,0.0234929
0.661392,0.0251107
0.667722,0.0268168
0.674051,0.028614
0.68038,0.0305054
0.686709,0.032494
0.693038,0.0345825
0.699367,0.0367739
0.705696,0.0390709
0.712025,0.0414762
0.718354,0.0439924
0.724684,0.0466219
0.731013,0.0493671
0.737342,0.0522303
0.743671,0.0552134
0.75,0.0583185
0.756329,0.0615473
0.762658,0.0649012
0.768987,0.0683818
0.775316,0.0719902
0.781646,0.0757273
0.787975,0.0795938
0.794304,0.0835903
0.800633,0.0877168
0.806962,0.0919735
0.813291,0.0963601
0.81962,0.100876
0.825949,0.10552
0.832278,0.110292
0.838608,0.115189
0.844937,0.12021
0.851266,0.125354
0.857595,0.130618
0.863924,0.135998
0.870253,0.141493
0.876582,0.1471
0.882911,0.152814
0.889241,0.158632
0.89557,0.16455
0.901899,0.170563
0.908228,0.176667
0.914557,0.182858
0.920886,0.18913
0.927215,0.195477
0.933544,0.201895
0.939873,0.208378
0.946203,0.214919
0.952532,0.221512
0.958861,0.228153
0.96519,0.234833
0.971519,0.241546
0.977848,0.248287
0.984177,0.255048
0.990506,0.261823
0.996835,0.268604
1.00316,0.275385
1.00949,0.28216
1.01582,0.28892
1.02215,0.295661
1.02848,0.302375
1.03481,0.309055
1.04114,0.315695
1.04747,0.322289
1.0538,0.32883
1.06013,0.335313
1.06646,0.34173
1.07278,0.348078
1.07911,0.35435
1.08544,0.36054
1.09177,0.366645
1.0981,0.372658
1.10443,0.378576
1.11076,0.384394
1.11709,0.390108
1.12342,0.395714
1.12975,0.401209
1.13608,0.40659
1.14241,0.411854
1.14873,0.416997
1.15506,0.422019
1.16139,0.426916
1.16772,0.431688
1.17405,0.436332
1.18038,0.440848
1.18671,0.445234
1.19304,0.449491
1.19937,0.453617
1.2057,0.457614
1.21203,0.46148
1.21835,0.465217
1.22468,0.468826
1.23101,0.472306
1.23734,0.47566
1.24367,0.478889
1.25,0.481994
1.25633,0.484977
1.26266,0.487841
1.26899,0.490586
1.27532,0.493215
1.28165,0.495731
1.28797,0.498137
1.2943,0.500434
1.30063,0.502625
1.30696,0.504714
1.31329,0.506702
1.31962,0.508594
1.32595,0.510391
1.33228,0.512097
1.33861,0.513715
1.34494,0.515247
1.35127,0.516698
1.35759,0.518069
1.36392,0.519365
1.37025,0.520587
1.37658,0.521739
1.38291,0.522824
1.38924,0.523845
1.39557,0.524804
1.4019,0.525705
1.40823,0.526549
1.41456,0.527341
1.42089,0.528081
1.42722,0.528774
1.43354,0.529421
1.43987,0.530025
1.4462,0.530588
1.45253,0.531113
1.45886,0.5316
1.46519,0.532054
1.47152,0.532475
1.47785,0.532866
1.48418,0.533228
1.49051,0.533563
1.49684,0.533873
1.50316,0.534159
1.50949,0.534424
1.51582,0.534667
1.52215,0.534892
1.52848,0.535099
1.53481,0.535289
1.54114,0.535463
1.54747,0.535623
1.5538,0.53577
1.56013,0.535904
1.56646,0.536027
1.57278,0.536139
1.57911,0.536242
1.58544,0.536335
1.59177,0.53642
1.5981,0.536498
1.60443,0.536568
1.61076,0.536632
1.61709,0.53669
1.62342,0.536743
1.62975,0.536791
1.63608,0.536834
1.64241,0.536873
1.64873,0.536908
1.65506,0.53694
1.66139,0.536969
1.66772,0.536994
1.67405,0.537017
1.68038,0.537038
1.68671,0.537057
1.69304,0.537074
1.69937,0.537089
1.7057,0.537102
1.71203,0.537114
1.71835,0.537125
1.72468,0.537134
1.73101,0.537143
1.73734,0.537151
1.74367,0.537157
1.75,0.537163
1.75633,0.537169
1.76266,0.537173
1.76899,0.537177
1.77532,0.537181
1.78165,0.537184
1.78797,0.537187
1.7943,0.53719
1.80063,0.537192
1.80696,0.537194
1.81329,0.537196
1.81962,0.537197
1.82595,0.537199
1.83228,0.5372
1.83861,0.537201
1.84494,0.537202
1.85127,0.537203
1.85759,0.537203
1.86392,0.537204
1.87025,0.537204
1.87658,0.537205
1.88291,0.537205
1.88924,0.537206
1.89557,0.537206
1.9019,0.537206
1.90823,0.537206
1.91456,0.537207
1.92089,0.537207
1.92722,0.537207
1.93354,0.537207
1.93987,0.537207
1.9462,0.537207
1.95253,0.537207
1.95886,0.537207
1.96519,0.537207
1.97152,0.537208
1.97785,0.537208
1.98418,0.537208
1.99051,0.537208
1.99684,0.537208
