0.00163132,0
0.00489396,1.47203e-08
0.00815661,3.06831e-08
0.0114192,4.79887e-08
0.0146819,6.6745e-08
0.0179445,8.70682e-08
0.0212072,1.09083e-07
0.0244698,1.32925e-07
0.0277325,1.58738e-07
0.0309951,1.86678e-07
0.0342577,2.16911e-07
0.0375204,2.49618e-07
0.040783,2.84992e-07
0.0440457,3.23239e-07
0.0473083,3.64582e-07
0.050571,4.0926e-07
0.0538336,4.5753e-07
0.0570962,5.09664e-07
0.0603589,5.6596e-07
0.0636215,6.26731e-07
0.0668842,6.92317e-07
0.0701468,7.6308e-07
0.0734095,8.39409e-07
0.0766721,9.2172e-07
0.0799347,1.01046e-06
0.0831974,1.1061e-06
0.08646,1.20915e-06
0.0897227,1.32016e-06
0.0929853,1.43971e-06
0.096248,1.56842e-06
0.0995106,1.70696e-06
0.102773,1.85604e-06
0.106036,2.01642e-06
0.109299,2.1889e-06
0.112561,2.37436e-06
0.115824,2.57372e-06
0.119086,2.78795e-06
0.122349,3.01811e-06
0.125612,3.26532e-06
0.128874,3.53078e-06
0.132137,3.81574e-06
0.1354,4.12156e-06
0.138662,4.44968e-06
0.141925,4.80164e-06
0.145188,5.17907e-06
0.14845,5.5837e-06
0.151713,6.01737e-06
0.154976,6.48205e-06
0.158238,6.97982e-06
0.161501,7.5129e-06
0.164763,8.08363e-06
0.168026,8.69453e-06
0.171289,9.34823e-06
0.174551,1.00475e-05
0.177814,1.07955e-05
0.181077,1.15952e-05
0.184339,1.245e-05
0.187602,1.33635e-05
0.190865,1.43395e-05
0.194127,1.53819e-05
0.19739,1.6495e-05
0.200653,1.76832e-05
0.203915,1.89513e-05
0.207178,2.03043e-05
0.21044,2.17475e-05
0.213703,2.32865e-05
0.216966,2.49273e-05
0.220228,2.6676e-05
0.223491,2.85393e-05
0.226754,3.05241e-05
0.230016,3.26379e-05
0.233279,3.48884e-05
0.236542,3.72839e-05
0.239804,3.98329e-05
0.243067,4.25446e-05
0.24633,4.54286e-05
0.249592,4.8495e-05
0.252855,5.17546e-05
0.256117,5.52186e-05
0.25938,5.88987e-05
0.262643,6.28075e-05
0.265905,6.6958e-05
0.269168,7.13641e-05
0.272431,7.60401e-05
0.275693,8.10014e-05
0.278956,8.6264e-05
0.282219,9.18446e-05
0.285481,9.77609e-05
0.288744,0.000104031
0.292007,0.000110676
0.295269,0.000117714
0.298532,0.000125167
0.301794,0.000133059
0.305057,0.000141412
0.30832,0.000150251
0.311582,0.000159601
0.314845,0.00016949
0.318108,0.000179947
0.32137,0.000191
0.324633,0.00020268
0.327896,0.00021502
0.331158,0.000228054
0.334421,0.000241817
0.337684,0.000256346
0.340946,0.000271679
0.344209,0.000287857
0.347471,0.000304922
0.350734,0.000322917
0.353997,0.000341888
0.357259,0.000361883
0.360522,0.000382951
0.363785,0.000405145
0.367047,0.000428517
0.37031,0.000453125
0.373573,0.000479026
0.376835,0.000506281
0.380098,0.000534953
0.383361,0.000565109
0.386623,0.000596816
0.389886,0.000630145
0.393148,0.00066517
0.396411,0.000701967
0.399674,0.000740616
0.402936,0.0007812
0.406199,0.000823803
0.409462,0.000868514
0.412724,0.000915426
0.415987,0.000964633
0.41925,0.00101623
0.422512,0.00107033
0.425775,0.00112703
0.429038,0.00118644
0.4323,0.00124867
0.435563,0.00131384
0.438825,0.00138208
0.442088,0.0014535
0.445351,0.00152824
0.448613,0.00160642
0.451876,0.00168819
0.455139,0.00177369
0.458401,0.00186306
0.461664,0.00195646
0.464927,0.00205404
0.468189,0.00215595
0.471452,0.00226237
0.474715,0.00237346
0.477977,0.0024894
0.48124,0.00261037
0.484502,0.00273655
0.487765,0.00286813
0.491028,0.0030053
0.49429,0.00314828
0.497553,0.00329725
0.500816,0.00345243
0.504078,0.00361404
0.507341,0.0037823
0.510604,0.00395744
0.513866,0.00413968
0.517129,0.00432927
0.520392,0.00452645
0.523654,0.00473147
0.526917,0.00494459
0.530179,0.00516606
0.533442,0.00539614
0.536705,0.00563513
0.539967,0.00588328
0.54323,0.00614089
0.546493,0.00640824
0.549755,0.00668563
0.553018,0.00697335
0.556281,0.00727172
0.559543,0.00758105
0.562806,0.00790165
0.566069,0.00823384
0.569331,0.00857796
0.572594,0.00893433
0.575856,0.00930329
0.579119,0.00968519
0.582382,0.0100804
0.585644,0.0104892
0.588907,0.010912
0.59217,0.0113492
0.595432,0.0118011
0.598695,0.0122681
0.601958,0.0127506
0.60522,0.013249
0.608483,0.0137635
0.611746,0.0142947
0.615008,0.014843
0.618271,0.0154086
0.621533,0.0159921
0.624796,0.0165937
0.628059,0.017214
0.631321,0.0178533
0.634584,0.018512
0.637847,0.0191906
0.641109,0.0198894
0.644372,0.0206089
0.647635,0.0213495
0.650897,0.0221115
0.65416,0.0228955
0.657423,0.0237017
0.660685,0.0245308
0.663948,0.0253829
0.66721,0.0262587
0.670473,0.0271584
0.673736,0.0280825
0.676998,0.0290314
0.680261,0.0300055
0.683524,0.0310052
0.686786,0.0320309
0.690049,0.033083
0.693312,0.0341619
0.696574,0.035268
0.699837,0.0364016
0.7031,0.0375632
0.706362,0.0387531
0.709625,0.0399717
0.712887,0.0412193
0.71615,0.0424964
0.719413,0.0438031
0.722675,0.04514
0.725938,0.0465072
0.729201,0.0479052
0.732463,0.0493341
0.735726,0.0507945
0.738989,0.0522864
0.742251,0.0538103
0.745514,0.0553663
0.748777,0.0569547
0.752039,0.0585758
0.755302,0.0602298
0.758564,0.061917
0.761827,0.0636374
0.76509,0.0653914
0.768352,0.067179
0.771615,0.0690006
0.774878,0.0708561
0.77814,0.0727457
0.781403,0.0746696
0.784666,0.0766279
0.787928,0.0786206
0.791191,0.0806478
0.794454,0.0827095
0.797716,0.0848058
0.800979,0.0869368
0.804241,0.0891023
0.807504,0.0913023
0.810767,0.0935369
0.814029,0.0958059
0.817292,0.0981093
0.820555,0.100447
0.823817,0.102819
0.82708,0.105225
0.830343,0.107664
0.833605,0.110138
0.836868,0.112645
0.840131,0.115185
0.843393,0.117758
0.846656,0.120363
0.849918,0.123002
0.853181,0.125672
0.856444,0.128374
0.859706,0.131108
0.862969,0.133873
0.866232,0.136668
0.869494,0.139494
0.872757,0.142349
0.87602,0.145234
0.879282,0.148148
0.882545,0.151091
0.885808,0.154061
0.88907,0.157059
0.892333,0.160083
0.895595,0.163134
0.898858,0.166211
0.902121,0.169312
0.905383,0.172438
0.908646,0.175588
0.911909,0.178761
0.915171,0.181957
0.918434,0.185174
0.921697,0.188412
0.924959,0.19167
0.928222,0.194949
0.931485,0.198245
0.934747,0.20156
0.93801,0.204893
0.941272,0.208241
0.944535,0.211606
0.947798,0.214985
0.95106,0.218378
0.954323,0.221784
0.957586,0.225202
0.960848,0.228632
0.964111,0.232072
0.967374,0.235522
0.970636,0.238981
0.973899,0.242448
0.977162,0.245921
0.980424,0.2494
0.983687,0.252885
0.986949,0.256374
0.990212,0.259866
0.993475,0.26336
0.996737,0.266856
1,0.270352
1.00326,0.273848
1.00653,0.277342
1.00979,0.280834
1.01305,0.284323
1.01631,0.287807
1.01958,0.291287
1.02284,0.29476
1.0261,0.298227
1.02936,0.301685
1.03263,0.305135
1.03589,0.308576
1.03915,0.312005
1.04241,0.315424
1.04568,0.31883
1.04894,0.322223
1.0522,0.325602
1.05546,0.328966
1.05873,0.332315
1.06199,0.335647
1.06525,0.338962
1.06852,0.342259
1.07178,0.345537
1.07504,0.348796
1.0783,0.352034
1.08157,0.355251
1.08483,0.358447
1.08809,0.36162
1.09135,0.364769
1.09462,0.367895
1.09788,0.370997
1.10114,0.374073
1.1044,0.377124
1.10767,0.380149
1.11093,0.383147
1.11419,0.386117
1.11746,0.389059
1.12072,0.391973
1.12398,0.394858
1.12724,0.397714
1.13051,0.40054
1.13377,0.403335
1.13703,0.4061
1.14029,0.408833
1.14356,0.411536
1.14682,0.414206
1.15008,0.416844
1.15334,0.41945
1.15661,0.422023
1.15987,0.424563
1.16313,0.42707
1.16639,0.429543
1.16966,0.431983
1.17292,0.434389
1.17618,0.436761
1.17945,0.439098
1.18271,0.441402
1.18597,0.443671
1.18923,0.445905
1.1925,0.448105
1.19576,0.450271
1.19902,0.452402
1.20228,0.454498
1.20555,0.45656
1.20881,0.458587
1.21207,0.46058
1.21533,0.462538
1.2186,0.464462
1.22186,0.466352
1.22512,0.468207
1.22838,0.470029
1.23165,0.471816
1.23491,0.47357
1.23817,0.475291
1.24144,0.476978
1.2447,0.478632
1.24796,0.480253
1.25122,0.481841
1.25449,0.483397
1.25775,0.484921
1.26101,0.486413
1.26427,0.487874
1.26754,0.489303
1.2708,0.4907
1.27406,0.492068
1.27732,0.493405
1.28059,0.494711
1.28385,0.495988
1.28711,0.497236
1.29038,0.498455
1.29364,0.499644
1.2969,0.500806
1.30016,0.50194
1.30343,0.503046
1.30669,0.504125
1.30995,0.505177
1.31321,0.506202
1.31648,0.507202
1.31974,0.508176
1.323,0.509125
1.32626,0.510049
1.32953,0.510949
1.33279,0.511825
1.33605,0.512677
1.33931,0.513506
1.34258,0.514312
1.34584,0.515096
1.3491,0.515858
1.35237,0.516599
1.35563,0.517318
1.35889,0.518017
1.36215,0.518696
1.36542,0.519354
1.36868,0.519994
1.37194,0.520614
1.3752,0.521216
1.37847,0.521799
1.38173,0.522365
1.38499,0.522913
1.38825,0.523444
1.39152,0.523959
1.39478,0.524457
1.39804,0.52494
1.40131,0.525407
1.40457,0.525858
1.40783,0.526296
1.41109,0.526718
1.41436,0.527127
1.41762,0.527522
1.42088,0.527904
1.42414,0.528273
1.42741,0.52863
1.43067,0.528974
1.43393,0.529306
1.43719,0.529627
1.44046,0.529936
1.44372,0.530234
1.44698,0.530522
1.45024,0.530799
1.45351,0.531067
1.45677,0.531324
1.46003,0.531573
1.4633,0.531812
1.46656,0.532042
1.46982,0.532263
1.47308,0.532476
1.47635,0.532681
1.47961,0.532878
1.48287,0.533068
1.48613,0.53325
1.4894,0.533425
1.49266,0.533594
1.49592,0.533755
1.49918,0.53391
1.50245,0.534059
1.50571,0.534202
1.50897,0.53434
1.51223,0.534471
1.5155,0.534597
1.51876,0.534718
1.52202,0.534834
1.52529,0.534945
1.52855,0.535052
1.53181,0.535154
1.53507,0.535251
1.53834,0.535345
1.5416,0.535434
1.54486,0.535519
1.54812,0.535601
1.55139,0.535679
1.55465,0.535754
1.55791,0.535826
1.56117,0.535894
1.56444,0.535959
1.5677,0.536021
1.57096,0.536081
1.57423,0.536137
1.57749,0.536191
1.58075,0.536243
1.58401,0.536292
1.58728,0.536339
1.59054,0.536384
1.5938,0.536426
1.59706,0.536467
1.60033,0.536506
1.60359,0.536542
1.60685,0.536578
1.61011,0.536611
1.61338,0.536643
1.61664,0.536673
1.6199,0.536701
1.62316,0.536729
1.62643,0.536755
1.62969,0.536779
1.63295,0.536803
1.63622,0.536825
1.63948,0.536846
1.64274,0.536866
1.646,0.536885
1.64927,0.536903
1.65253,0.53692
1.65579,0.536936
1.65905,0.536951
1.66232,0.536966
1.66558,0.53698
1.66884,0.536993
1.6721,0.537005
1.67537,0.537017
1.67863,0.537028
1.68189,0.537038
1.68515,0.537048
1.68842,0.537057
1.69168,0.537066
1.69494,0.537075
1.69821,0.537082
1.70147,0.53709
1.70473,0.537097
1.70799,0.537104
1.71126,0.53711
1.71452,0.537116
1.71778,0.537121
1.72104,0.537127
1.72431,0.537132
1.72757,0.537136
1.73083,0.537141
1.73409,0.537145
1.73736,0.537149
1.74062,0.537152
1.74388,0.537156
1.74715,0.537159
1.75041,0.537162
1.75367,0.537165
1.75693,0.537168
1.7602,0.53717
1.76346,0.537173
1.76672,0.537175
1.76998,0.537177
1.77325,0.537179
1.77651,0.537181
1.77977,0.537183
1.78303,0.537184
1.7863,0.537186
1.78956,0.537187
1.79282,0.537189
1.79608,0.53719
1.79935,0.537191
1.80261,0.537192
1.80587,0.537193
1.80914,0.537194
1.8124,0.537195
1.81566,0.537196
1.81892,0.537197
1.82219,0.537198
1.82545,0.537198
1.82871,0.537199
1.83197,0.5372
1.83524,0.5372
1.8385,0.537201
1.84176,0.537201
1.84502,0.537202
1.84829,0.537202
1.85155,0.537202
1.85481,0.537203
1.85808,0.537203
1.86134,0.537204
1.8646,0.537204
1.86786,0.537204
1.87113,0.537204
1.87439,0.537205
1.87765,0.537205
1.88091,0.537205
1.88418,0.537205
1.88744,0.537205
1.8907,0.537206
1.89396,0.537206
1.89723,0.537206
1.90049,0.537206
1.90375,0.537206
1.90701,0.537206
1.91028,0.537206
1.91354,0.537207
1.9168,0.537207
1.92007,0.537207
1.92333,0.537207
1.92659,0.537207
1.92985,0.537207
1.93312,0.537207
1.93638,0.537207
1.93964,0.537207
1.9429,0.537207
1.94617,0.537207
1.94943,0.537207
1.95269,0.537207
1.95595,0.537207
1.95922,0.537207
1.96248,0.537207
1.96574,0.537207
1.969,0.537208
1.97227,0.537208
1.97553,0.537208
1.97879,0.537208
1.98206,0.537208
1.98532,0.537208
1.98858,0.537208
1.99184,0.537208
1.99511,0.537208
1.99837,0.537208
