0.00151515,0
0.00454545,1.3554e-08
0.00757576,2.8168e-08
0.0106061,4.39212e-08
0.0136364,6.08987e-08
0.0166667,7.91913e-08
0.019697,9.88964e-08
0.0227273,1.20118e-07
0.0257576,1.42968e-07
0.0287879,1.67566e-07
0.0318182,1.94038e-07
0.0348485,2.22522e-07
0.0378788,2.53163e-07
0.0409091,2.86117e-07
0.0439394,3.2155e-07
0.0469697,3.59641e-07
0.05,4.00578e-07
0.0530303,4.44566e-07
0.0560606,4.9182e-07
0.0590909,5.42571e-07
0.0621212,5.97065e-07
0.0651515,6.55565e-07
0.0681818,7.18351e-07
0.0712121,7.85723e-07
0.0742424,8.57997e-07
0.0772727,9.35512e-07
0.080303,1.01863e-06
0.0833333,1.10774e-06
0.0863636,1.20324e-06
0.0893939,1.30558e-06
0.0924242,1.41521e-06
0.0954545,1.53263e-06
0.0984848,1.65837e-06
0.101515,1.79297e-06
0.104545,1.93705e-06
0.107576,2.09121e-06
0.110606,2.25615e-06
0.113636,2.43255e-06
0.116667,2.62119e-06
0.119697,2.82286e-06
0.122727,3.03842e-06
0.125758,3.26876e-06
0.128788,3.51484e-06
0.131818,3.77768e-06
0.134848,4.05836e-06
0.137879,4.35802e-06
0.140909,4.67786e-06
0.143939,5.01918e-06
0.14697,5.38332e-06
0.15,5.77173e-06
0.15303,6.18592e-06
0.156061,6.62751e-06
0.159091,7.0982e-06
0.162121,7.5998e-06
0.165152,8.1342e-06
0.168182,8.70343e-06
0.171212,9.30961e-06
0.174242,9.95501e-06
0.177273,1.0642e-05
0.180303,1.13731e-05
0.183333,1.21509e-05
0.186364,1.29782e-05
0.189394,1.38581e-05
0.192424,1.47936e-05
0.195455,1.5788e-05
0.198485,1.68448e-05
0.201515,1.79676e-05
0.204545,1.91602e-05
0.207576,2.04269e-05
0.210606,2.17717e-05
0.213636,2.31992e-05
0.216667,2.47142e-05
0.219697,2.63216e-05
0.222727,2.80268e-05
0.225758,2.98351e-05
0.228788,3.17524e-05
0.231818,3.37849e-05
0.234848,3.59389e-05
0.237879,3.82213e-05
0.240909,4.06389e-05
0.243939,4.31994e-05
0.24697,4.59106e-05
0.25,4.87805e-05
0.25303,5.18179e-05
0.256061,5.50318e-05
0.259091,5.84316e-05
0.262121,6.20273e-05
0.265152,6.58292e-05
0.268182,6.98484e-05
0.271212,7.40962e-05
0.274242,7.85846e-05
0.277273,8.33261e-05
0.280303,8.8334e-05
0.283333,9.36218e-05
0.286364,9.9204e-05
0.289394,0.000105096
0.292424,0.000111312
0.295455,0.000117871
0.298485,0.000124788
0.301515,0.000132082
0.304545,0.000139771
0.307576,0.000147876
0.310606,0.000156415
0.313636,0.000165412
0.316667,0.000174888
0.319697,0.000184866
0.322727,0.000195371
0.325758,0.000206427
0.328788,0.000218062
0.331818,0.000230302
0.334848,0.000243176
0.337879,0.000256714
0.340909,0.000270946
0.343939,0.000285906
0.34697,0.000301626
0.35,0.000318141
0.35303,0.000335489
0.356061,0.000353705
0.359091,0.00037283
0.362121,0.000392904
0.365152,0.00041397
0.368182,0.00043607
0.371212,0.000459252
0.374242,0.000483562
0.377273,0.00050905
0.380303,0.000535765
0.383333,0.000563762
0.386364,0.000593094
0.389394,0.000623818
0.392424,0.000655993
0.395455,0.00068968
0.398485,0.000724941
0.401515,0.000761842
0.404545,0.000800451
0.407576,0.000840836
0.410606,0.00088307
0.413636,0.000927228
0.416667,0.000973386
0.419697,0.00102162
0.422727,0.00107203
0.425758,0.00112467
0.428788,0.00117965
0.431818,0.00123706
0.434848,0.00129699
0.437879,0.00135953
0.440909,0.00142478
0.443939,0.00149285
0.44697,0.00156383
0.45,0.00163785
0.45303,0.00171501
0.456061,0.00179542
0.459091,0.00187921
0.462121,0.00196649
0.465152,0.00205739
0.468182,0.00215204
0.471212,0.00225056
0.474242,0.00235311
0.477273,0.00245981
0.480303,0.0025708
0.483333,0.00268624
0.486364,0.00280627
0.489394,0.00293105
0.492424,0.00306074
0.495455,0.0031955
0.498485,0.00333549
0.501515,0.00348089
0.504545,0.00363186
0.507576,0.00378859
0.510606,0.00395126
0.513636,0.00412005
0.516667,0.00429516
0.519697,0.00447678
0.522727,0.00466511
0.525758,0.00486035
0.528788,0.0050627
0.531818,0.00527239
0.534848,0.00548963
0.537879,0.00571462
0.540909,0.00594761
0.543939,0.00618882
0.54697,0.00643848
0.55,0.00669682
0.55303,0.0069641
0.556061,0.00724055
0.559091,0.00752642
0.562121,0.00782196
0.565152,0.00812744
0.568182,0.00844312
0.571212,0.00876925
0.574242,0.00910611
0.577273,0.00945398
0.580303,0.00981312
0.583333,0.0101838
0.586364,0.0105664
0.589394,0.0109611
0.592424,0.0113682
0.595455,0.011788
0.598485,0.0122208
0.601515,0.012667
0.604545,0.0131268
0.607576,0.0136005
0.610606,0.0140884
0.613636,0.0145909
0.616667,0.0151083
0.619697,0.0156408
0.622727,0.0161889
0.625758,0.0167527
0.628788,0.0173328
0.631818,0.0179293
0.634848,0.0185426
0.637879,0.019173
0.640909,0.0198209
0.643939,0.0204866
0.64697,0.0211704
0.65,0.0218726
0.65303,0.0225937
0.656061,0.0233338
0.659091,0.0240934
0.662121,0.0248728
0.665152,0.0256723
0.668182,0.0264923
0.671212,0.027333
0.674242,0.0281949
0.677273,0.0290782
0.680303,0.0299832
0.683333,0.0309103
0.686364,0.0318598
0.689394,0.032832
0.692424,0.0338273
0.695455,0.0348459
0.698485,0.0358882
0.701515,0.0369544
0.704545,0.0380449
0.707576,0.03916
0.710606,0.0402998
0.713636,0.0414649
0.716667,0.0426553
0.719697,0.0438714
0.722727,0.0451135
0.725758,0.0463818
0.728788,0.0476766
0.731818,0.0489981
0.734848,0.0503466
0.737879,0.0517223
0.740909,0.0531254
0.743939,0.0545561
0.74697,0.0560147
0.75,0.0575014
0.75303,0.0590163
0.756061,0.0605597
0.759091,0.0621317
0.762121,0.0637324
0.765152,0.0653621
0.768182,0.0670208
0.771212,0.0687087
0.774242,0.0704259
0.777273,0.0721726
0.780303,0.0739487
0.783333,0.0757545
0.786364,0.07759
0.789394,0.0794551
0.792424,0.0813501
0.795455,0.0832749
0.798485,0.0852295
0.801515,0.0872139
0.804545,0.0892282
0.807576,0.0912723
0.810606,0.0933461
0.813636,0.0954497
0.816667,0.097583
0.819697,0.0997459
0.822727,0.101938
0.825758,0.10416
0.828788,0.106411
0.831818,0.108691
0.834848,0.111
0.837879,0.113338
0.840909,0.115705
0.843939,0.118099
0.84697,0.120523
0.85,0.122974
0.85303,0.125453
0.856061,0.127959
0.859091,0.130492
0.862121,0.133053
0.865152,0.13564
0.868182,0.138253
0.871212,0.140892
0.874242,0.143557
0.877273,0.146247
0.880303,0.148962
0.883333,0.151701
0.886364,0.154464
0.889394,0.157251
0.892424,0.160061
0.895455,0.162893
0.898485,0.165748
0.901515,0.168624
0.904545,0.171522
0.907576,0.17444
0.910606,0.177379
0.913636,0.180337
0.916667,0.183314
0.919697,0.18631
0.922727,0.189323
0.925758,0.192354
0.928788,0.195402
0.931818,0.198466
0.934848,0.201545
0.937879,0.20464
0.940909,0.207748
0.943939,0.21087
0.94697,0.214005
0.95,0.217153
0.95303,0.220312
0.956061,0.223481
0.959091,0.226661
0.962121,0.229851
0.965152,0.233049
0.968182,0.236255
0.971212,0.239469
0.974242,0.242689
0.977273,0.245916
0.980303,0.249147
0.983333,0.252383
0.986364,0.255623
0.989394,0.258866
0.992424,0.26211
0.995455,0.265357
0.998485,0.268604
1.00152,0.271851
1.00455,0.275097
1.00758,0.278342
1.01061,0.281585
1.01364,0.284824
1.01667,0.28806
1.0197,0.291292
1.02273,0.294518
1.02576,0.297739
1.02879,0.300952
1.03182,0.304159
1.03485,0.307357
1.03788,0.310546
1.04091,0.313726
1.04394,0.316896
1.04697,0.320055
1.05,0.323202
1.05303,0.326337
1.05606,0.329459
1.05909,0.332568
1.06212,0.335662
1.06515,0.338742
1.06818,0.341806
1.07121,0.344853
1.07424,0.347884
1.07727,0.350898
1.0803,0.353894
1.08333,0.356871
1.08636,0.359829
1.08939,0.362767
1.09242,0.365686
1.09545,0.368583
1.09848,0.37146
1.10152,0.374315
1.10455,0.377147
1.10758,0.379957
1.11061,0.382744
1.11364,0.385507
1.11667,0.388246
1.1197,0.390961
1.12273,0.393651
1.12576,0.396316
1.12879,0.398955
1.13182,0.401568
1.13485,0.404155
1.13788,0.406715
1.14091,0.409249
1.14394,0.411755
1.14697,0.414234
1.15,0.416685
1.15303,0.419108
1.15606,0.421503
1.15909,0.42387
1.16212,0.426208
1.16515,0.428517
1.16818,0.430797
1.17121,0.433048
1.17424,0.435269
1.17727,0.437462
1.1803,0.439625
1.18333,0.441758
1.18636,0.443862
1.18939,0.445935
1.19242,0.447979
1.19545,0.449994
1.19848,0.451978
1.20152,0.453933
1.20455,0.455858
1.20758,0.457753
1.21061,0.459618
1.21364,0.461453
1.21667,0.463259
1.2197,0.465035
1.22273,0.466782
1.22576,0.468499
1.22879,0.470187
1.23182,0.471846
1.23485,0.473475
1.23788,0.475076
1.24091,0.476648
1.24394,0.478191
1.24697,0.479706
1.25,0.481193
1.25303,0.482652
1.25606,0.484082
1.25909,0.485485
1.26212,0.486861
1.26515,0.48821
1.26818,0.489531
1.27121,0.490826
1.27424,0.492094
1.27727,0.493336
1.2803,0.494552
1.28333,0.495743
1.28636,0.496908
1.28939,0.498048
1.29242,0.499163
1.29545,0.500253
1.29848,0.501319
1.30152,0.502362
1.30455,0.50338
1.30758,0.504376
1.31061,0.505348
1.31364,0.506297
1.31667,0.507224
1.3197,0.50813
1.32273,0.509013
1.32576,0.509875
1.32879,0.510715
1.33182,0.511535
1.33485,0.512335
1.33788,0.513114
1.34091,0.513874
1.34394,0.514614
1.34697,0.515335
1.35,0.516037
1.35303,0.516721
1.35606,0.517387
1.35909,0.518035
1.36212,0.518665
1.36515,0.519278
1.36818,0.519875
1.37121,0.520455
1.37424,0.521019
1.37727,0.521567
1.3803,0.522099
1.38333,0.522617
1.38636,0.523119
1.38939,0.523607
1.39242,0.524081
1.39545,0.524541
1.39848,0.524987
1.40152,0.52542
1.40455,0.525839
1.40758,0.526247
1.41061,0.526641
1.41364,0.527024
1.41667,0.527395
1.4197,0.527754
1.42273,0.528102
1.42576,0.528438
1.42879,0.528765
1.43182,0.52908
1.43485,0.529386
1.43788,0.529681
1.44091,0.529967
1.44394,0.530244
1.44697,0.530511
1.45,0.530769
1.45303,0.531019
1.45606,0.53126
1.45909,0.531493
1.46212,0.531718
1.46515,0.531935
1.46818,0.532145
1.47121,0.532347
1.47424,0.532543
1.47727,0.532731
1.4803,0.532913
1.48333,0.533088
1.48636,0.533256
1.48939,0.533419
1.49242,0.533576
1.49545,0.533727
1.49848,0.533872
1.50152,0.534012
1.50455,0.534147
1.50758,0.534277
1.51061,0.534401
1.51364,0.534521
1.51667,0.534637
1.5197,0.534748
1.52273,0.534855
1.52576,0.534957
1.52879,0.535056
1.53182,0.53515
1.53485,0.535241
1.53788,0.535328
1.54091,0.535412
1.54394,0.535493
1.54697,0.53557
1.55,0.535644
1.55303,0.535715
1.55606,0.535783
1.55909,0.535848
1.56212,0.535911
1.56515,0.535971
1.56818,0.536028
1.57121,0.536083
1.57424,0.536136
1.57727,0.536186
1.5803,0.536234
1.58333,0.53628
1.58636,0.536325
1.58939,0.536367
1.59242,0.536407
1.59545,0.536446
1.59848,0.536483
1.60152,0.536518
1.60455,0.536552
1.60758,0.536584
1.61061,0.536615
1.61364,0.536644
1.61667,0.536672
1.6197,0.536699
1.62273,0.536724
1.62576,0.536748
1.62879,0.536772
1.63182,0.536794
1.63485,0.536815
1.63788,0.536835
1.64091,0.536854
1.64394,0.536872
1.64697,0.53689
1.65,0.536906
1.65303,0.536922
1.65606,0.536937
1.65909,0.536951
1.66212,0.536964
1.66515,0.536977
1.66818,0.53699
1.67121,0.537001
1.67424,0.537012
1.67727,0.537023
1.6803,0.537033
1.68333,0.537042
1.68636,0.537051
1.68939,0.53706
1.69242,0.537068
1.69545,0.537076
1.69848,0.537083
1.70152,0.53709
1.70455,0.537096
1.70758,0.537103
1.71061,0.537108
1.71364,0.537114
1.71667,0.537119
1.7197,0.537124
1.72273,0.537129
1.72576,0.537134
1.72879,0.537138
1.73182,0.537142
1.73485,0.537146
1.73788,0.537149
1.74091,0.537153
1.74394,0.537156
1.74697,0.537159
1.75,0.537162
1.75303,0.537164
1.75606,0.537167
1.75909,0.537169
1.76212,0.537172
1.76515,0.537174
1.76818,0.537176
1.77121,0.537178
1.77424,0.53718
1.77727,0.537181
1.7803,0.537183
1.78333,0.537184
1.78636,0.537186
1.78939,0.537187
1.79242,0.537189
1.79545,0.53719
1.79848,0.537191
1.80152,0.537192
1.80455,0.537193
1.80758,0.537194
1.81061,0.537195
1.81364,0.537196
1.81667,0.537196
1.8197,0.537197
1.82273,0.537198
1.82576,0.537198
1.82879,0.537199
1.83182,0.5372
1.83485,0.5372
1.83788,0.537201
1.84091,0.537201
1.84394,0.537201
1.84697,0.537202
1.85,0.537202
1.85303,0.537203
1.85606,0.537203
1.85909,0.537203
1.86212,0.537204
1.86515,0.537204
1.86818,0.537204
1.87121,0.537204
1.87424,0.537205
1.87727,0.537205
1.8803,0.537205
1.88333,0.537205
1.88636,0.537205
1.88939,0.537206
1.89242,0.537206
1.89545,0.537206
1.89848,0.537206
1.90152,0.537206
1.90455,0.537206
1.90758,0.537206
1.91061,0.537206
1.91364,0.537207
1.91667,0.537207
1.9197,0.537207
1.92273,0.537207
1.92576,0.537207
1.92879,0.537207
1.93182,0.537207
1.93485,0.537207
1.93788,0.537207
1.94091,0.537207
1.94394,0.537207
1.94697,0.537207
1.95,0.537207
1.95303,0.537207
1.95606,0.537207
1.95909,0.537207
1.96212,0.537207
1.96515,0.537207
1.96818,0.537207
1.97121,0.537208
1.97424,0.537208
1.97727,0.537208
1.9803,0.537208
1.98333,0.537208
1.98636,0.537208
1.98939,0.537208
1.99242,0.537208
1.99545,0.537208
1.99848,0.537208
