0.00145773,0
0.00437318,1.29845e-08
0.00728863,2.69448e-08
0.0102041,4.1951e-08
0.0131195,5.80781e-08
0.016035,7.54061e-08
0.0189504,9.40206e-08
0.0218659,1.14013e-07
0.0247813,1.3548e-07
0.0276968,1.58526e-07
0.0306122,1.83262e-07
0.0335277,2.09806e-07
0.0364431,2.38284e-07
0.0393586,2.68831e-07
0.0422741,3.0159e-07
0.0451895,3.36714e-07
0.048105,3.74365e-07
0.0510204,4.14717e-07
0.0539359,4.57954e-07
0.0568513,5.04273e-07
0.0597668,5.53882e-07
0.0626822,6.07005e-07
0.0655977,6.63878e-07
0.0685131,7.24752e-07
0.0714286,7.89897e-07
0.074344,8.59595e-07
0.0772595,9.3415e-07
0.0801749,1.01388e-06
0.0830904,1.09914e-06
0.0860058,1.19027e-06
0.0889213,1.28768e-06
0.0918367,1.39176e-06
0.0947522,1.50295e-06
0.0976676,1.62171e-06
0.100583,1.74853e-06
0.103499,1.88393e-06
0.106414,2.02846e-06
0.109329,2.18269e-06
0.112245,2.34726e-06
0.11516,2.5228e-06
0.118076,2.71002e-06
0.120991,2.90965e-06
0.123907,3.12247e-06
0.126822,3.34929e-06
0.129738,3.59099e-06
0.132653,3.84849e-06
0.135569,4.12277e-06
0.138484,4.41486e-06
0.141399,4.72584e-06
0.144315,5.05686e-06
0.14723,5.40916e-06
0.150146,5.784e-06
0.153061,6.18276e-06
0.155977,6.60686e-06
0.158892,7.05782e-06
0.161808,7.53724e-06
0.164723,8.04682e-06
0.167638,8.58832e-06
0.170554,9.16362e-06
0.173469,9.77472e-06
0.176385,1.04237e-05
0.1793,1.11127e-05
0.182216,1.18442e-05
0.185131,1.26205e-05
0.188047,1.34442e-05
0.190962,1.4318e-05
0.193878,1.52448e-05
0.196793,1.62276e-05
0.199708,1.72695e-05
0.202624,1.83739e-05
0.205539,1.95443e-05
0.208455,2.07843e-05
0.21137,2.20978e-05
0.214286,2.34889e-05
0.217201,2.49618e-05
0.220117,2.6521e-05
0.223032,2.81712e-05
0.225948,2.99174e-05
0.228863,3.17648e-05
0.231778,3.37188e-05
0.234694,3.5785e-05
0.237609,3.79696e-05
0.240525,4.02787e-05
0.24344,4.2719e-05
0.246356,4.52974e-05
0.249271,4.80211e-05
0.252187,5.08977e-05
0.255102,5.39351e-05
0.258017,5.71416e-05
0.260933,6.05259e-05
0.263848,6.40972e-05
0.266764,6.78649e-05
0.269679,7.1839e-05
0.272595,7.603e-05
0.27551,8.04487e-05
0.278426,8.51064e-05
0.281341,9.00152e-05
0.284257,9.51875e-05
0.287172,0.000100636
0.290087,0.000106375
0.293003,0.000112417
0.295918,0.000118779
0.298834,0.000125475
0.301749,0.000132521
0.304665,0.000139934
0.30758,0.000147732
0.310496,0.000155933
0.313411,0.000164555
0.316327,0.000173619
0.319242,0.000183145
0.322157,0.000193154
0.325073,0.000203669
0.327988,0.000214714
0.330904,0.000226311
0.333819,0.000238487
0.336735,0.000251267
0.33965,0.000264679
0.342566,0.000278751
0.345481,0.000293511
0.348397,0.000308992
0.351312,0.000325223
0.354227,0.000342239
0.357143,0.000360073
0.360058,0.00037876
0.362974,0.000398337
0.365889,0.000418843
0.368805,0.000440316
0.37172,0.000462798
0.374636,0.000486331
0.377551,0.000510959
0.380466,0.000536727
0.383382,0.000563683
0.386297,0.000591874
0.389213,0.000621352
0.392128,0.000652169
0.395044,0.000684379
0.397959,0.000718036
0.400875,0.0007532
0.40379,0.00078993
0.406706,0.000828287
0.409621,0.000868334
0.412536,0.000910138
0.415452,0.000953766
0.418367,0.000999289
0.421283,0.00104678
0.424198,0.00109631
0.427114,0.00114795
0.430029,0.0012018
0.432945,0.00125792
0.43586,0.0013164
0.438776,0.00137733
0.441691,0.0014408
0.444606,0.0015069
0.447522,0.00157572
0.450437,0.00164736
0.453353,0.00172192
0.456268,0.00179951
0.459184,0.00188022
0.462099,0.00196416
0.465015,0.00205146
0.46793,0.00214222
0.470845,0.00223655
0.473761,0.00233458
0.476676,0.00243644
0.479592,0.00254225
0.482507,0.00265213
0.485423,0.00276623
0.488338,0.00288467
0.491254,0.0030076
0.494169,0.00313516
0.497085,0.0032675
0.5,0.00340476
0.502915,0.00354711
0.505831,0.00369469
0.508746,0.00384767
0.511662,0.0040062
0.514577,0.00417046
0.517493,0.00434063
0.520408,0.00451686
0.523324,0.00469934
0.526239,0.00488825
0.529155,0.00508378
0.53207,0.00528612
0.534985,0.00549545
0.537901,0.00571198
0.540816,0.0059359
0.543732,0.00616742
0.546647,0.00640674
0.549563,0.00665407
0.552478,0.00690963
0.555394,0.00717364
0.558309,0.00744631
0.561224,0.00772788
0.56414,0.00801856
0.567055,0.00831859
0.569971,0.00862821
0.572886,0.00894766
0.575802,0.00927717
0.578717,0.00961699
0.581633,0.00996737
0.584548,0.0103286
0.587464,0.0107008
0.590379,0.0110844
0.593294,0.0114796
0.59621,0.0118866
0.599125,0.0123057
0.602041,0.0127372
0.604956,0.0131813
0.607872,0.0136384
0.610787,0.0141087
0.613703,0.0145924
0.616618,0.01509
0.619534,0.0156015
0.622449,0.0161274
0.625364,0.0166679
0.62828,0.0172233
0.631195,0.017794
0.634111,0.01838
0.637026,0.0189819
0.639942,0.0195998
0.642857,0.0202341
0.645773,0.0208851
0.648688,0.021553
0.651603,0.0222382
0.654519,0.0229409
0.657434,0.0236614
0.66035,0.0244001
0.663265,0.0251573
0.666181,0.0259331
0.669096,0.026728
0.672012,0.0275422
0.674927,0.028376
0.677843,0.0292297
0.680758,0.0301036
0.683673,0.030998
0.686589,0.0319131
0.689504,0.0328493
0.69242,0.0338068
0.695335,0.034786
0.698251,0.035787
0.701166,0.0368101
0.704082,0.0378557
0.706997,0.0389239
0.709913,0.0400151
0.712828,0.0411295
0.715743,0.0422673
0.718659,0.0434289
0.721574,0.0446144
0.72449,0.045824
0.727405,0.0470581
0.730321,0.0483167
0.733236,0.0496003
0.736152,0.0509089
0.739067,0.0522427
0.741983,0.0536021
0.744898,0.0549871
0.747813,0.0563979
0.750729,0.0578347
0.753644,0.0592978
0.75656,0.0607872
0.759475,0.062303
0.762391,0.0638456
0.765306,0.0654149
0.768222,0.0670111
0.771137,0.0686344
0.774052,0.0702847
0.776968,0.0719623
0.779883,0.0736672
0.782799,0.0753995
0.785714,0.0771593
0.78863,0.0789466
0.791545,0.0807614
0.794461,0.0826038
0.797376,0.0844738
0.800292,0.0863715
0.803207,0.0882967
0.806122,0.0902496
0.809038,0.09223
0.811953,0.094238
0.814869,0.0962735
0.817784,0.0983364
0.8207,0.100427
0.823615,0.102544
0.826531,0.104689
0.829446,0.106861
0.832362,0.109059
0.835277,0.111285
0.838192,0.113537
0.841108,0.115816
0.844023,0.118121
0.846939,0.120452
0.849854,0.122809
0.85277,0.125191
0.855685,0.127599
0.858601,0.130033
0.861516,0.132491
0.864431,0.134974
0.867347,0.137481
0.870262,0.140012
0.873178,0.142567
0.876093,0.145146
0.879009,0.147748
0.881924,0.150372
0.88484,0.153019
0.887755,0.155688
0.890671,0.158378
0.893586,0.16109
0.896501,0.163823
0.899417,0.166576
0.902332,0.169349
0.905248,0.172141
0.908163,0.174953
0.911079,0.177783
0.913994,0.180631
0.91691,0.183497
0.919825,0.18638
0.922741,0.189279
0.925656,0.192195
0.928571,0.195126
0.931487,0.198072
0.934402,0.201033
0.937318,0.204007
0.940233,0.206995
0.943149,0.209995
0.946064,0.213008
0.94898,0.216032
0.951895,0.219067
0.95481,0.222112
0.957726,0.225167
0.960641,0.228232
0.963557,0.231304
0.966472,0.234385
0.969388,0.237473
0.972303,0.240567
0.975219,0.243667
0.978134,0.246773
0.98105,0.249883
0.983965,0.252997
0.98688,0.256114
0.989796,0.259234
0.992711,0.262356
0.995627,0.26548
0.998542,0.268604
1.00146,0.271728
1.00437,0.274851
1.00729,0.277973
1.0102,0.281093
1.01312,0.284211
1.01603,0.287325
1.01895,0.290435
1.02187,0.293541
1.02478,0.296641
1.0277,0.299735
1.03061,0.302823
1.03353,0.305903
1.03644,0.308976
1.03936,0.31204
1.04227,0.315095
1.04519,0.318141
1.0481,0.321176
1.05102,0.3242
1.05394,0.327212
1.05685,0.330213
1.05977,0.333201
1.06268,0.336175
1.0656,0.339136
1.06851,0.342082
1.07143,0.345013
1.07434,0.347928
1.07726,0.350828
1.08017,0.353711
1.08309,0.356577
1.08601,0.359425
1.08892,0.362255
1.09184,0.365066
1.09475,0.367859
1.09767,0.370632
1.10058,0.373385
1.1035,0.376117
1.10641,0.378829
1.10933,0.38152
1.11224,0.384189
1.11516,0.386836
1.11808,0.38946
1.12099,0.392062
1.12391,0.39464
1.12682,0.397195
1.12974,0.399727
1.13265,0.402234
1.13557,0.404717
1.13848,0.407175
1.1414,0.409608
1.14431,0.412016
1.14723,0.414399
1.15015,0.416756
1.15306,0.419087
1.15598,0.421392
1.15889,0.423671
1.16181,0.425923
1.16472,0.428148
1.16764,0.430347
1.17055,0.432519
1.17347,0.434663
1.17638,0.436781
1.1793,0.438871
1.18222,0.440934
1.18513,0.44297
1.18805,0.444978
1.19096,0.446958
1.19388,0.448911
1.19679,0.450836
1.19971,0.452734
1.20262,0.454604
1.20554,0.456446
1.20845,0.458261
1.21137,0.460048
1.21429,0.461808
1.2172,0.46354
1.22012,0.465245
1.22303,0.466923
1.22595,0.468573
1.22886,0.470197
1.23178,0.471793
1.23469,0.473362
1.23761,0.474905
1.24052,0.476421
1.24344,0.47791
1.24636,0.479373
1.24927,0.48081
1.25219,0.482221
1.2551,0.483606
1.25802,0.484965
1.26093,0.486299
1.26385,0.487607
1.26676,0.488891
1.26968,0.49015
1.27259,0.491384
1.27551,0.492593
1.27843,0.493779
1.28134,0.49494
1.28426,0.496078
1.28717,0.497193
1.29009,0.498284
1.293,0.499352
1.29592,0.500398
1.29883,0.501421
1.30175,0.502422
1.30466,0.503401
1.30758,0.504358
1.3105,0.505295
1.31341,0.50621
1.31633,0.507104
1.31924,0.507978
1.32216,0.508832
1.32507,0.509665
1.32799,0.51048
1.3309,0.511275
1.33382,0.51205
1.33673,0.512808
1.33965,0.513546
1.34257,0.514267
1.34548,0.514969
1.3484,0.515655
1.35131,0.516323
1.35423,0.516974
1.35714,0.517608
1.36006,0.518226
1.36297,0.518828
1.36589,0.519414
1.3688,0.519984
1.37172,0.52054
1.37464,0.52108
1.37755,0.521606
1.38047,0.522118
1.38338,0.522615
1.3863,0.523099
1.38921,0.523569
1.39213,0.524026
1.39504,0.52447
1.39796,0.524902
1.40087,0.525321
1.40379,0.525728
1.40671,0.526123
1.40962,0.526507
1.41254,0.526879
1.41545,0.52724
1.41837,0.527591
1.42128,0.52793
1.4242,0.52826
1.42711,0.528579
1.43003,0.528889
1.43294,0.529189
1.43586,0.52948
1.43878,0.529761
1.44169,0.530034
1.44461,0.530298
1.44752,0.530554
1.45044,0.530801
1.45335,0.53104
1.45627,0.531272
1.45918,0.531496
1.4621,0.531712
1.46501,0.531922
1.46793,0.532124
1.47085,0.532319
1.47376,0.532508
1.47668,0.532691
1.47959,0.532867
1.48251,0.533037
1.48542,0.533201
1.48834,0.53336
1.49125,0.533513
1.49417,0.533661
1.49708,0.533803
1.5,0.53394
1.50292,0.534073
1.50583,0.5342
1.50875,0.534323
1.51166,0.534441
1.51458,0.534556
1.51749,0.534665
1.52041,0.534771
1.52332,0.534873
1.52624,0.534971
1.52915,0.535065
1.53207,0.535156
1.53499,0.535243
1.5379,0.535327
1.54082,0.535408
1.54373,0.535486
1.54665,0.53556
1.54956,0.535632
1.55248,0.535701
1.55539,0.535767
1.55831,0.53583
1.56122,0.535891
1.56414,0.53595
1.56706,0.536006
1.56997,0.53606
1.57289,0.536111
1.5758,0.536161
1.57872,0.536208
1.58163,0.536254
1.58455,0.536298
1.58746,0.536339
1.59038,0.536379
1.59329,0.536418
1.59621,0.536454
1.59913,0.53649
1.60204,0.536523
1.60496,0.536555
1.60787,0.536586
1.61079,0.536616
1.6137,0.536644
1.61662,0.536671
1.61953,0.536697
1.62245,0.536721
1.62536,0.536745
1.62828,0.536767
1.6312,0.536789
1.63411,0.536809
1.63703,0.536829
1.63994,0.536848
1.64286,0.536865
1.64577,0.536882
1.64869,0.536899
1.6516,0.536914
1.65452,0.536929
1.65743,0.536943
1.66035,0.536956
1.66327,0.536969
1.66618,0.536981
1.6691,0.536993
1.67201,0.537004
1.67493,0.537015
1.67784,0.537025
1.68076,0.537034
1.68367,0.537043
1.68659,0.537052
1.6895,0.53706
1.69242,0.537068
1.69534,0.537075
1.69825,0.537082
1.70117,0.537089
1.70408,0.537095
1.707,0.537101
1.70991,0.537107
1.71283,0.537112
1.71574,0.537118
1.71866,0.537123
1.72157,0.537127
1.72449,0.537132
1.72741,0.537136
1.73032,0.53714
1.73324,0.537144
1.73615,0.537147
1.73907,0.537151
1.74198,0.537154
1.7449,0.537157
1.74781,0.53716
1.75073,0.537162
1.75364,0.537165
1.75656,0.537167
1.75948,0.53717
1.76239,0.537172
1.76531,0.537174
1.76822,0.537176
1.77114,0.537178
1.77405,0.537179
1.77697,0.537181
1.77988,0.537183
1.7828,0.537184
1.78571,0.537186
1.78863,0.537187
1.79155,0.537188
1.79446,0.537189
1.79738,0.53719
1.80029,0.537191
1.80321,0.537192
1.80612,0.537193
1.80904,0.537194
1.81195,0.537195
1.81487,0.537196
1.81778,0.537197
1.8207,0.537197
1.82362,0.537198
1.82653,0.537199
1.82945,0.537199
1.83236,0.5372
1.83528,0.5372
1.83819,0.537201
1.84111,0.537201
1.84402,0.537201
1.84694,0.537202
1.84985,0.537202
1.85277,0.537203
1.85569,0.537203
1.8586,0.537203
1.86152,0.537204
1.86443,0.537204
1.86735,0.537204
1.87026,0.537204
1.87318,0.537205
1.87609,0.537205
1.87901,0.537205
1.88192,0.537205
1.88484,0.537205
1.88776,0.537205
1.89067,0.537206
1.89359,0.537206
1.8965,0.537206
1.89942,0.537206
1.90233,0.537206
1.90525,0.537206
1.90816,0.537206
1.91108,0.537206
1.91399,0.537207
1.91691,0.537207
1.91983,0.537207
1.92274,0.537207
1.92566,0.537207
1.92857,0.537207
1.93149,0.537207
1.9344,0.537207
1.93732,0.537207
1.94023,0.537207
1.94315,0.537207
1.94606,0.537207
1.94898,0.537207
1.9519,0.537207
1.95481,0.537207
1.95773,0.537207
1.96064,0.537207
1.96356,0.537207
1.96647,0.537207
1.96939,0.537208
1.9723,0.537208
1.97522,0.537208
1.97813,0.537208
1.98105,0.537208
1.98397,0.537208
1.98688,0.537208
1.9898,0.537208
1.99271,0.537208
1.99563,0.537208
1.99854,0.537208
