0.00123457,0
0.0037037,1.08149e-08
0.00617284,2.2315e-08
0.00864198,3.45417e-08
0.0111111,4.75391e-08
0.0135802,6.13534e-08
0.0160494,7.6034e-08
0.0185185,9.16326e-08
0.0209877,1.08204e-07
0.0234568,1.25807e-07
0.0259259,1.44502e-07
0.0283951,1.64354e-07
0.0308642,1.85431e-07
0.0333333,2.07807e-07
0.0358025,2.31556e-07
0.0382716,2.56759e-07
0.0407407,2.83503e-07
0.0432099,3.11875e-07
0.045679,3.41971e-07
0.0481481,3.73891e-07
0.0506173,4.0774e-07
0.0530864,4.4363e-07
0.0555556,4.81677e-07
0.0580247,5.22004e-07
0.0604938,5.64743e-07
0.062963,6.10031e-07
0.0654321,6.58011e-07
0.0679012,7.08837e-07
0.0703704,7.62669e-07
0.0728395,8.19676e-07
0.0753086,8.80036e-07
0.0777778,9.43937e-07
0.0802469,1.01158e-06
0.082716,1.08316e-06
0.0851852,1.15891e-06
0.0876543,1.23906e-06
0.0901235,1.32384e-06
0.0925926,1.41351e-06
0.0950617,1.50834e-06
0.0975309,1.60861e-06
0.1,1.71462e-06
0.102469,1.82667e-06
0.104938,1.9451e-06
0.107407,2.07025e-06
0.109877,2.20247e-06
0.112346,2.34216e-06
0.114815,2.4897e-06
0.117284,2.64551e-06
0.119753,2.81004e-06
0.122222,2.98374e-06
0.124691,3.1671e-06
0.12716,3.36062e-06
0.12963,3.56484e-06
0.132099,3.78032e-06
0.134568,4.00764e-06
0.137037,4.24741e-06
0.139506,4.50028e-06
0.141975,4.76693e-06
0.144444,5.04806e-06
0.146914,5.34441e-06
0.149383,5.65677e-06
0.151852,5.98593e-06
0.154321,6.33277e-06
0.15679,6.69816e-06
0.159259,7.08305e-06
0.161728,7.4884e-06
0.164198,7.91525e-06
0.166667,8.36467e-06
0.169136,8.83778e-06
0.171605,9.33574e-06
0.174074,9.85979e-06
0.176543,1.04112e-05
0.179012,1.09913e-05
0.181481,1.16016e-05
0.183951,1.22434e-05
0.18642,1.29183e-05
0.188889,1.36279e-05
0.191358,1.4374e-05
0.193827,1.51581e-05
0.196296,1.59822e-05
0.198765,1.68481e-05
0.201235,1.77578e-05
0.203704,1.87135e-05
0.206173,1.97173e-05
0.208642,2.07713e-05
0.211111,2.18781e-05
0.21358,2.304e-05
0.216049,2.42596e-05
0.218519,2.55395e-05
0.220988,2.68827e-05
0.223457,2.82918e-05
0.225926,2.97701e-05
0.228395,3.13206e-05
0.230864,3.29466e-05
0.233333,3.46516e-05
0.235802,3.6439e-05
0.238272,3.83126e-05
0.240741,4.02763e-05
0.24321,4.2334e-05
0.245679,4.449e-05
0.248148,4.67486e-05
0.250617,4.91143e-05
0.253086,5.15918e-05
0.255556,5.4186e-05
0.258025,5.6902e-05
0.260494,5.97451e-05
0.262963,6.27208e-05
0.265432,6.58347e-05
0.267901,6.90928e-05
0.27037,7.25012e-05
0.27284,7.60664e-05
0.275309,7.9795e-05
0.277778,8.36939e-05
0.280247,8.77703e-05
0.282716,9.20315e-05
0.285185,9.64852e-05
0.287654,0.00010114
0.290123,0.000106003
0.292593,0.000111083
0.295062,0.00011639
0.297531,0.000121933
0.3,0.000127721
0.302469,0.000133764
0.304938,0.000140072
0.307407,0.000146656
0.309877,0.000153528
0.312346,0.000160698
0.314815,0.000168178
0.317284,0.000175981
0.319753,0.000184119
0.322222,0.000192605
0.324691,0.000201454
0.32716,0.000210678
0.32963,0.000220293
0.332099,0.000230313
0.334568,0.000240754
0.337037,0.000251632
0.339506,0.000262964
0.341975,0.000274766
0.344444,0.000287057
0.346914,0.000299854
0.349383,0.000313177
0.351852,0.000327044
0.354321,0.000341477
0.35679,0.000356495
0.359259,0.000372121
0.361728,0.000388375
0.364198,0.000405281
0.366667,0.000422863
0.369136,0.000441145
0.371605,0.00046015
0.374074,0.000479907
0.376543,0.000500439
0.379012,0.000521776
0.381481,0.000543945
0.383951,0.000566975
0.38642,0.000590896
0.388889,0.000615738
0.391358,0.000641533
0.393827,0.000668314
0.396296,0.000696113
0.398765,0.000724967
0.401235,0.000754908
0.403704,0.000785975
0.406173,0.000818204
0.408642,0.000851634
0.411111,0.000886304
0.41358,0.000922255
0.416049,0.000959528
0.418519,0.000998166
0.420988,0.00103821
0.423457,0.00107971
0.425926,0.00112272
0.428395,0.00116727
0.430864,0.00121341
0.433333,0.0012612
0.435802,0.00131069
0.438272,0.00136193
0.440741,0.00141498
0.44321,0.00146988
0.445679,0.0015267
0.448148,0.00158549
0.450617,0.00164631
0.453086,0.00170923
0.455556,0.0017743
0.458025,0.0018416
0.460494,0.00191117
0.462963,0.0019831
0.465432,0.00205744
0.467901,0.00213428
0.47037,0.00221367
0.47284,0.00229569
0.475309,0.00238043
0.477778,0.00246794
0.480247,0.00255832
0.482716,0.00265163
0.485185,0.00274796
0.487654,0.0028474
0.490123,0.00295003
0.492593,0.00305592
0.495062,0.00316518
0.497531,0.00327789
0.5,0.00339414
0.502469,0.00351403
0.504938,0.00363764
0.507407,0.00376509
0.509877,0.00389645
0.512346,0.00403184
0.514815,0.00417136
0.517284,0.00431511
0.519753,0.0044632
0.522222,0.00461573
0.524691,0.00477281
0.52716,0.00493456
0.52963,0.00510108
0.532099,0.0052725
0.534568,0.00544893
0.537037,0.00563049
0.539506,0.00581729
0.541975,0.00600947
0.544444,0.00620714
0.546914,0.00641044
0.549383,0.00661948
0.551852,0.00683441
0.554321,0.00705535
0.55679,0.00728243
0.559259,0.00751579
0.561728,0.00775558
0.564198,0.00800191
0.566667,0.00825495
0.569136,0.00851483
0.571605,0.00878169
0.574074,0.00905568
0.576543,0.00933694
0.579012,0.00962564
0.581481,0.00992191
0.583951,0.0102259
0.58642,0.0105378
0.588889,0.0108577
0.591358,0.0111859
0.593827,0.0115223
0.596296,0.0118673
0.598765,0.012221
0.601235,0.0125835
0.603704,0.0129551
0.606173,0.0133358
0.608642,0.0137258
0.611111,0.0141253
0.61358,0.0145346
0.616049,0.0149536
0.618519,0.0153827
0.620988,0.015822
0.623457,0.0162716
0.625926,0.0167318
0.628395,0.0172027
0.630864,0.0176845
0.633333,0.0181773
0.635802,0.0186814
0.638272,0.0191969
0.640741,0.019724
0.64321,0.0202629
0.645679,0.0208138
0.648148,0.0213768
0.650617,0.0219521
0.653086,0.0225399
0.655556,0.0231403
0.658025,0.0237537
0.660494,0.0243801
0.662963,0.0250196
0.665432,0.0256726
0.667901,0.0263392
0.67037,0.0270195
0.67284,0.0277138
0.675309,0.0284221
0.677778,0.0291448
0.680247,0.0298819
0.682716,0.0306336
0.685185,0.0314001
0.687654,0.0321817
0.690123,0.0329784
0.692593,0.0337904
0.695062,0.0346179
0.697531,0.035461
0.7,0.03632
0.702469,0.037195
0.704938,0.0380861
0.707407,0.0389936
0.709877,0.0399175
0.712346,0.040858
0.714815,0.0418153
0.717284,0.0427895
0.719753,0.0437808
0.722222,0.0447894
0.724691,0.0458152
0.72716,0.0468586
0.72963,0.0479197
0.732099,0.0489985
0.734568,0.0500952
0.737037,0.05121
0.739506,0.0523429
0.741975,0.053494
0.744444,0.0546636
0.746914,0.0558517
0.749383,0.0570584
0.751852,0.0582838
0.754321,0.059528
0.75679,0.0607912
0.759259,0.0620733
0.761728,0.0633746
0.764198,0.064695
0.766667,0.0660347
0.769136,0.0673938
0.771605,0.0687722
0.774074,0.0701701
0.776543,0.0715875
0.779012,0.0730245
0.781481,0.0744811
0.783951,0.0759574
0.78642,0.0774534
0.788889,0.0789691
0.791358,0.0805046
0.793827,0.0820599
0.796296,0.083635
0.798765,0.0852299
0.801235,0.0868446
0.803704,0.0884791
0.806173,0.0901334
0.808642,0.0918075
0.811111,0.0935014
0.81358,0.095215
0.816049,0.0969483
0.818519,0.0987012
0.820988,0.100474
0.823457,0.102266
0.825926,0.104078
0.828395,0.105909
0.830864,0.107759
0.833333,0.109629
0.835802,0.111518
0.838272,0.113426
0.840741,0.115353
0.84321,0.117298
0.845679,0.119263
0.848148,0.121246
0.850617,0.123248
0.853086,0.125268
0.855556,0.127307
0.858025,0.129363
0.860494,0.131438
0.862963,0.13353
0.865432,0.13564
0.867901,0.137767
0.87037,0.139912
0.87284,0.142074
0.875309,0.144252
0.877778,0.146447
0.880247,0.148659
0.882716,0.150887
0.885185,0.153131
0.887654,0.155391
0.890123,0.157666
0.892593,0.159956
0.895062,0.162262
0.897531,0.164582
0.9,0.166917
0.902469,0.169267
0.904938,0.17163
0.907407,0.174007
0.909877,0.176397
0.912346,0.178801
0.914815,0.181217
0.917284,0.183646
0.919753,0.186087
0.922222,0.188541
0.924691,0.191005
0.92716,0.193482
0.92963,0.195969
0.932099,0.198466
0.934568,0.200974
0.937037,0.203492
0.939506,0.20602
0.941975,0.208557
0.944444,0.211102
0.946914,0.213657
0.949383,0.216219
0.951852,0.218789
0.954321,0.221367
0.95679,0.223952
0.959259,0.226543
0.961728,0.229141
0.964198,0.231745
0.966667,0.234354
0.969136,0.236969
0.971605,0.239588
0.974074,0.242212
0.976543,0.24484
0.979012,0.247471
0.981481,0.250106
0.983951,0.252743
0.98642,0.255383
0.988889,0.258025
0.991358,0.260668
0.993827,0.263313
0.996296,0.265958
0.998765,0.268604
1.00123,0.27125
1.0037,0.273895
1.00617,0.27654
1.00864,0.279183
1.01111,0.281825
1.01358,0.284465
1.01605,0.287102
1.01852,0.289737
1.02099,0.292368
1.02346,0.294996
1.02593,0.297619
1.0284,0.300239
1.03086,0.302853
1.03333,0.305463
1.0358,0.308066
1.03827,0.310664
1.04074,0.313256
1.04321,0.315841
1.04568,0.318418
1.04815,0.320989
1.05062,0.323551
1.05309,0.326105
1.05556,0.328651
1.05802,0.331188
1.06049,0.333715
1.06296,0.336233
1.06543,0.338741
1.0679,0.341239
1.07037,0.343726
1.07284,0.346202
1.07531,0.348667
1.07778,0.35112
1.08025,0.353561
1.08272,0.35599
1.08519,0.358407
1.08765,0.36081
1.09012,0.363201
1.09259,0.365578
1.09506,0.367941
1.09753,0.37029
1.1,0.372625
1.10247,0.374946
1.10494,0.377251
1.10741,0.379542
1.10988,0.381817
1.11235,0.384077
1.11481,0.386321
1.11728,0.388549
1.11975,0.39076
1.12222,0.392955
1.12469,0.395134
1.12716,0.397296
1.12963,0.39944
1.1321,0.401568
1.13457,0.403677
1.13704,0.40577
1.13951,0.407844
1.14198,0.409901
1.14444,0.411939
1.14691,0.413959
1.14938,0.415961
1.15185,0.417945
1.15432,0.419909
1.15679,0.421855
1.15926,0.423782
1.16173,0.42569
1.1642,0.427579
1.16667,0.429449
1.16914,0.431299
1.1716,0.43313
1.17407,0.434942
1.17654,0.436734
1.17901,0.438506
1.18148,0.440259
1.18395,0.441993
1.18642,0.443706
1.18889,0.4454
1.19136,0.447074
1.19383,0.448729
1.1963,0.450363
1.19877,0.451978
1.20123,0.453573
1.2037,0.455148
1.20617,0.456703
1.20864,0.458239
1.21111,0.459754
1.21358,0.46125
1.21605,0.462727
1.21852,0.464183
1.22099,0.46562
1.22346,0.467038
1.22593,0.468435
1.2284,0.469814
1.23086,0.471173
1.23333,0.472513
1.2358,0.473833
1.23827,0.475134
1.24074,0.476416
1.24321,0.47768
1.24568,0.478924
1.24815,0.480149
1.25062,0.481356
1.25309,0.482544
1.25556,0.483714
1.25802,0.484865
1.26049,0.485998
1.26296,0.487112
1.26543,0.488209
1.2679,0.489288
1.27037,0.490349
1.27284,0.491392
1.27531,0.492418
1.27778,0.493427
1.28025,0.494418
1.28272,0.495392
1.28519,0.49635
1.28765,0.49729
1.29012,0.498214
1.29259,0.499122
1.29506,0.500013
1.29753,0.500888
1.3,0.501747
1.30247,0.50259
1.30494,0.503417
1.30741,0.504229
1.30988,0.505026
1.31235,0.505808
1.31481,0.506574
1.31728,0.507326
1.31975,0.508063
1.32222,0.508786
1.32469,0.509494
1.32716,0.510188
1.32963,0.510868
1.3321,0.511535
1.33457,0.512188
1.33704,0.512828
1.33951,0.513454
1.34198,0.514067
1.34444,0.514668
1.34691,0.515256
1.34938,0.515831
1.35185,0.516394
1.35432,0.516945
1.35679,0.517484
1.35926,0.518011
1.36173,0.518526
1.3642,0.51903
1.36667,0.519523
1.36914,0.520005
1.3716,0.520476
1.37407,0.520936
1.37654,0.521386
1.37901,0.521825
1.38148,0.522254
1.38395,0.522673
1.38642,0.523082
1.38889,0.523482
1.39136,0.523872
1.39383,0.524253
1.3963,0.524624
1.39877,0.524987
1.40123,0.52534
1.4037,0.525685
1.40617,0.526022
1.40864,0.52635
1.41111,0.52667
1.41358,0.526982
1.41605,0.527286
1.41852,0.527582
1.42099,0.527871
1.42346,0.528152
1.42593,0.528426
1.4284,0.528693
1.43086,0.528953
1.43333,0.529206
1.4358,0.529452
1.43827,0.529692
1.44074,0.529925
1.44321,0.530152
1.44568,0.530373
1.44815,0.530588
1.45062,0.530797
1.45309,0.531001
1.45556,0.531198
1.45802,0.53139
1.46049,0.531577
1.46296,0.531759
1.46543,0.531935
1.4679,0.532107
1.47037,0.532273
1.47284,0.532435
1.47531,0.532592
1.47778,0.532744
1.48025,0.532893
1.48272,0.533036
1.48519,0.533176
1.48765,0.533311
1.49012,0.533443
1.49259,0.53357
1.49506,0.533694
1.49753,0.533814
1.5,0.53393
1.50247,0.534042
1.50494,0.534152
1.50741,0.534258
1.50988,0.53436
1.51235,0.53446
1.51481,0.534556
1.51728,0.534649
1.51975,0.53474
1.52222,0.534827
1.52469,0.534912
1.52716,0.534994
1.52963,0.535073
1.5321,0.53515
1.53457,0.535225
1.53704,0.535296
1.53951,0.535366
1.54198,0.535433
1.54444,0.535498
1.54691,0.535561
1.54938,0.535622
1.55185,0.535681
1.55432,0.535738
1.55679,0.535793
1.55926,0.535846
1.56173,0.535897
1.5642,0.535946
1.56667,0.535994
1.56914,0.53604
1.5716,0.536085
1.57407,0.536128
1.57654,0.536169
1.57901,0.53621
1.58148,0.536248
1.58395,0.536285
1.58642,0.536321
1.58889,0.536356
1.59136,0.536389
1.59383,0.536422
1.5963,0.536453
1.59877,0.536483
1.60123,0.536512
1.6037,0.536539
1.60617,0.536566
1.60864,0.536592
1.61111,0.536617
1.61358,0.536641
1.61605,0.536664
1.61852,0.536686
1.62099,0.536707
1.62346,0.536728
1.62593,0.536748
1.6284,0.536767
1.63086,0.536785
1.63333,0.536802
1.6358,0.536819
1.63827,0.536836
1.64074,0.536851
1.64321,0.536866
1.64568,0.536881
1.64815,0.536894
1.65062,0.536908
1.65309,0.536921
1.65556,0.536933
1.65802,0.536945
1.66049,0.536956
1.66296,0.536967
1.66543,0.536977
1.6679,0.536987
1.67037,0.536997
1.67284,0.537006
1.67531,0.537015
1.67778,0.537024
1.68025,0.537032
1.68272,0.537039
1.68519,0.537047
1.68765,0.537054
1.69012,0.537061
1.69259,0.537068
1.69506,0.537074
1.69753,0.53708
1.7,0.537086
1.70247,0.537091
1.70494,0.537097
1.70741,0.537102
1.70988,0.537107
1.71235,0.537111
1.71481,0.537116
1.71728,0.53712
1.71975,0.537124
1.72222,0.537128
1.72469,0.537132
1.72716,0.537135
1.72963,0.537139
1.7321,0.537142
1.73457,0.537145
1.73704,0.537148
1.73951,0.537151
1.74198,0.537153
1.74444,0.537156
1.74691,0.537159
1.74938,0.537161
1.75185,0.537163
1.75432,0.537165
1.75679,0.537167
1.75926,0.537169
1.76173,0.537171
1.7642,0.537173
1.76667,0.537175
1.76914,0.537176
1.7716,0.537178
1.77407,0.537179
1.77654,0.537181
1.77901,0.537182
1.78148,0.537183
1.78395,0.537185
1.78642,0.537186
1.78889,0.537187
1.79136,0.537188
1.79383,0.537189
1.7963,0.53719
1.79877,0.537191
1.80123,0.537192
1.8037,0.537193
1.80617,0.537193
1.80864,0.537194
1.81111,0.537195
1.81358,0.537195
1.81605,0.537196
1.81852,0.537197
1.82099,0.537197
1.82346,0.537198
1.82593,0.537198
1.8284,0.537199
1.83086,0.537199
1.83333,0.5372
1.8358,0.5372
1.83827,0.537201
1.84074,0.537201
1.84321,0.537201
1.84568,0.537202
1.84815,0.537202
1.85062,0.537202
1.85309,0.537203
1.85556,0.537203
1.85802,0.537203
1.86049,0.537203
1.86296,0.537204
1.86543,0.537204
1.8679,0.537204
1.87037,0.537204
1.87284,0.537205
1.87531,0.537205
1.87778,0.537205
1.88025,0.537205
1.88272,0.537205
1.88519,0.537205
1.88765,0.537205
1.89012,0.537206
1.89259,0.537206
1.89506,0.537206
1.89753,0.537206
1.9,0.537206
1.90247,0.537206
1.90494,0.537206
1.90741,0.537206
1.90988,0.537206
1.91235,0.537207
1.91481,0.537207
1.91728,0.537207
1.91975,0.537207
1.92222,0.537207
1.92469,0.537207
1.92716,0.537207
1.92963,0.537207
1.9321,0.537207
1.93457,0.537207
1.93704,0.537207
1.93951,0.537207
1.94198,0.537207
1.94444,0.537207
1.94691,0.537207
1.94938,0.537207
1.95185,0.537207
1.95432,0.537207
1.95679,0.537207
1.95926,0.537207
1.96173,0.537207
1.9642,0.537207
1.96667,0.537207
1.96914,0.537208
1.9716,0.537208
1.97407,0.537208
1.97654,0.537208
1.97901,0.537208
1.98148,0.537208
1.98395,0.537208
1.98642,0.537208
1.98889,0.537208
1.99136,0.537208
1.99383,0.537208
1.9963,0.537208
1.99877,0.537208
