0.00277778,0
0.00833333,2.73005e-08
0.0138889,5.86202e-08
0.0194444,9.45233e-08
0.025,1.35649e-07
0.0305556,1.8272e-07
0.0361111,2.36554e-07
0.0416667,2.98077e-07
0.0472222,3.68331e-07
0.0527778,4.48494e-07
0.0583333,5.39893e-07
0.0638889,6.44023e-07
0.0694444,7.62565e-07
0.075,8.9741e-07
0.0805556,1.05068e-06
0.0861111,1.22476e-06
0.0916667,1.42233e-06
0.0972222,1.64637e-06
0.102778,1.90025e-06
0.108333,2.1877e-06
0.113889,2.51293e-06
0.119444,2.88061e-06
0.125,3.29596e-06
0.130556,3.76481e-06
0.136111,4.29362e-06
0.141667,4.88962e-06
0.147222,5.56082e-06
0.152778,6.31612e-06
0.158333,7.16541e-06
0.163889,8.11966e-06
0.169444,9.19099e-06
0.175,1.03928e-05
0.180556,1.17401e-05
0.186111,1.32492e-05
0.191667,1.49382e-05
0.197222,1.68272e-05
0.202778,1.89381e-05
0.208333,2.12953e-05
0.213889,2.39255e-05
0.219444,2.6858e-05
0.225,3.0125e-05
0.230556,3.37618e-05
0.236111,3.78073e-05
0.241667,4.23039e-05
0.247222,4.7298e-05
0.252778,5.28404e-05
0.258333,5.89864e-05
0.263889,6.57968e-05
0.269444,7.33373e-05
0.275,8.16798e-05
0.280556,9.09026e-05
0.286111,0.000101091
0.291667,0.000112336
0.297222,0.00012474
0.302778,0.00013841
0.308333,0.000153464
0.313889,0.000170029
0.319444,0.000188244
0.325,0.000208257
0.330556,0.000230228
0.336111,0.000254331
0.341667,0.000280752
0.347222,0.000309691
0.352778,0.000341364
0.358333,0.000376003
0.363889,0.000413857
0.369444,0.00045519
0.375,0.00050029
0.380556,0.00054946
0.386111,0.000603027
0.391667,0.00066134
0.397222,0.000724769
0.402778,0.00079371
0.408333,0.000868585
0.413889,0.000949841
0.419444,0.00103795
0.425,0.00113343
0.430556,0.0012368
0.436111,0.00134864
0.441667,0.00146954
0.447222,0.00160014
0.452778,0.00174111
0.458333,0.00189315
0.463889,0.00205701
0.469444,0.00223346
0.475,0.00242334
0.480556,0.0026275
0.486111,0.00284685
0.491667,0.00308233
0.497222,0.00333495
0.502778,0.00360573
0.508333,0.00389576
0.513889,0.00420616
0.519444,0.00453812
0.525,0.00489286
0.530556,0.00527164
0.536111,0.00567578
0.541667,0.00610666
0.547222,0.00656567
0.552778,0.00705429
0.558333,0.00757403
0.563889,0.00812643
0.569444,0.00871309
0.575,0.00933567
0.580556,0.00999585
0.586111,0.0106954
0.591667,0.011436
0.597222,0.0122195
0.602778,0.0130478
0.608333,0.0139227
0.613889,0.0148462
0.619444,0.0158202
0.625,0.0168467
0.630556,0.0179276
0.636111,0.019065
0.641667,0.0202609
0.647222,0.0215173
0.652778,0.0228363
0.658333,0.02422
0.663889,0.0256703
0.669444,0.0271894
0.675,0.0287792
0.680556,0.0304418
0.686111,0.0321791
0.691667,0.0339931
0.697222,0.0358858
0.702778,0.037859
0.708333,0.0399146
0.713889,0.0420544
0.719444,0.04428
0.725,0.0465931
0.730556,0.0489954
0.736111,0.0514884
0.741667,0.0540734
0.747222,0.0567518
0.752778,0.0595248
0.758333,0.0623936
0.763889,0.0653592
0.769444,0.0684225
0.775,0.0715842
0.780556,0.074845
0.786111,0.0782054
0.791667,0.0816659
0.797222,0.0852265
0.802778,0.0888875
0.808333,0.0926486
0.813889,0.0965097
0.819444,0.10047
0.825,0.10453
0.830556,0.108688
0.836111,0.112944
0.841667,0.117295
0.847222,0.121742
0.852778,0.126282
0.858333,0.130915
0.863889,0.135637
0.869444,0.140448
0.875,0.145345
0.880556,0.150326
0.886111,0.155388
0.891667,0.160529
0.897222,0.165746
0.902778,0.171035
0.908333,0.176395
0.913889,0.181821
0.919444,0.187311
0.925,0.19286
0.930556,0.198464
0.936111,0.204122
0.941667,0.209827
0.947222,0.215576
0.952778,0.221366
0.958333,0.227191
0.963889,0.233048
0.969444,0.238932
0.975,0.244839
0.980556,0.250764
0.986111,0.256703
0.991667,0.262651
0.997222,0.268604
1.00278,0.274556
1.00833,0.280504
1.01389,0.286443
1.01944,0.292368
1.025,0.298275
1.03056,0.304159
1.03611,0.310016
1.04167,0.315842
1.04722,0.321631
1.05278,0.327381
1.05833,0.333086
1.06389,0.338743
1.06944,0.344348
1.075,0.349897
1.08056,0.355386
1.08611,0.360813
1.09167,0.366172
1.09722,0.371462
1.10278,0.376679
1.10833,0.38182
1.11389,0.386882
1.11944,0.391863
1.125,0.39676
1.13056,0.40157
1.13611,0.406293
1.14167,0.410925
1.14722,0.415466
1.15278,0.419912
1.15833,0.424264
1.16389,0.428519
1.16944,0.432677
1.175,0.436737
1.18056,0.440698
1.18611,0.444559
1.19167,0.44832
1.19722,0.451981
1.20278,0.455542
1.20833,0.459002
1.21389,0.462363
1.21944,0.465623
1.225,0.468785
1.23056,0.471848
1.23611,0.474814
1.24167,0.477683
1.24722,0.480456
1.25278,0.483134
1.25833,0.485719
1.26389,0.488212
1.26944,0.490614
1.275,0.492928
1.28056,0.495153
1.28611,0.497293
1.29167,0.499349
1.29722,0.501322
1.30278,0.503214
1.30833,0.505029
1.31389,0.506766
1.31944,0.508428
1.325,0.510018
1.33056,0.511537
1.33611,0.512988
1.34167,0.514371
1.34722,0.51569
1.35278,0.516947
1.35833,0.518143
1.36389,0.51928
1.36944,0.520361
1.375,0.521387
1.38056,0.522361
1.38611,0.523285
1.39167,0.52416
1.39722,0.524988
1.40278,0.525772
1.40833,0.526512
1.41389,0.527212
1.41944,0.527872
1.425,0.528495
1.43056,0.529081
1.43611,0.529634
1.44167,0.530153
1.44722,0.530642
1.45278,0.531101
1.45833,0.531532
1.46389,0.531936
1.46944,0.532315
1.475,0.53267
1.48056,0.533001
1.48611,0.533312
1.49167,0.533602
1.49722,0.533873
1.50278,0.534125
1.50833,0.534361
1.51389,0.53458
1.51944,0.534784
1.525,0.534974
1.53056,0.535151
1.53611,0.535314
1.54167,0.535467
1.54722,0.535607
1.55278,0.535738
1.55833,0.535859
1.56389,0.535971
1.56944,0.536074
1.575,0.53617
1.58056,0.536258
1.58611,0.536339
1.59167,0.536414
1.59722,0.536483
1.60278,0.536546
1.60833,0.536605
1.61389,0.536658
1.61944,0.536707
1.625,0.536752
1.63056,0.536794
1.63611,0.536832
1.64167,0.536866
1.64722,0.536898
1.65278,0.536927
1.65833,0.536953
1.66389,0.536977
1.66944,0.536999
1.675,0.537019
1.68056,0.537038
1.68611,0.537054
1.69167,0.537069
1.69722,0.537083
1.70278,0.537095
1.70833,0.537107
1.71389,0.537117
1.71944,0.537126
1.725,0.537134
1.73056,0.537142
1.73611,0.537149
1.74167,0.537155
1.74722,0.53716
1.75278,0.537165
1.75833,0.53717
1.76389,0.537174
1.76944,0.537178
1.775,0.537181
1.78056,0.537184
1.78611,0.537186
1.79167,0.537189
1.79722,0.537191
1.80278,0.537193
1.80833,0.537194
1.81389,0.537196
1.81944,0.537197
1.825,0.537198
1.83056,0.5372
1.83611,0.5372
1.84167,0.537201
1.84722,0.537202
1.85278,0.537203
1.85833,0.537203
1.86389,0.537204
1.86944,0.537204
1.875,0.537205
1.88056,0.537205
1.88611,0.537205
1.89167,0.537206
1.89722,0.537206
1.90278,0.537206
1.90833,0.537206
1.91389,0.537207
1.91944,0.537207
1.925,0.537207
1.93056,0.537207
1.93611,0.537207
1.94167,0.537207
1.94722,0.537207
1.95278,0.537207
1.95833,0.537207
1.96389,0.537207
1.96944,0.537208
1.975,0.537208
1.98056,0.537208
1.98611,0.537208
1.99167,0.537208
1.99722,0.537208
