0.00130208,0
0.00390625,1.14641e-08
0.00651042,2.36952e-08
0.00911458,3.67425e-08
0.0117188,5.0658e-08
0.0143229,6.5497e-08
0.0169271,8.13182e-08
0.0195312,9.81836e-08
0.0221354,1.16159e-07
0.0247396,1.35315e-07
0.0273438,1.55724e-07
0.0299479,1.77466e-07
0.0325521,2.00623e-07
0.0351562,2.25284e-07
0.0377604,2.51541e-07
0.0403646,2.79494e-07
0.0429687,3.09245e-07
0.0455729,3.40907e-07
0.0481771,3.74596e-07
0.0507812,4.10436e-07
0.0533854,4.48557e-07
0.0559896,4.89097e-07
0.0585937,5.32204e-07
0.0611979,5.78032e-07
0.0638021,6.26743e-07
0.0664062,6.78512e-07
0.0690104,7.3352e-07
0.0716146,7.91961e-07
0.0742187,8.54037e-07
0.0768229,9.19965e-07
0.0794271,9.8997e-07
0.0820312,1.06429e-06
0.0846354,1.14319e-06
0.0872396,1.22692e-06
0.0898438,1.31577e-06
0.0924479,1.41003e-06
0.0950521,1.51003e-06
0.0976563,1.61608e-06
0.10026,1.72854e-06
0.102865,1.84778e-06
0.105469,1.97418e-06
0.108073,2.10814e-06
0.110677,2.2501e-06
0.113281,2.40052e-06
0.115885,2.55985e-06
0.11849,2.72861e-06
0.121094,2.90733e-06
0.123698,3.09656e-06
0.126302,3.29687e-06
0.128906,3.5089e-06
0.13151,3.73327e-06
0.134115,3.97068e-06
0.136719,4.22184e-06
0.139323,4.48749e-06
0.141927,4.76843e-06
0.144531,5.06548e-06
0.147135,5.37953e-06
0.14974,5.71147e-06
0.152344,6.06228e-06
0.154948,6.43296e-06
0.157552,6.82457e-06
0.160156,7.23823e-06
0.16276,7.67509e-06
0.165365,8.13639e-06
0.167969,8.62341e-06
0.170573,9.1375e-06
0.173177,9.68006e-06
0.175781,1.02526e-05
0.178385,1.08566e-05
0.18099,1.14938e-05
0.183594,1.21658e-05
0.186198,1.28744e-05
0.188802,1.36215e-05
0.191406,1.44091e-05
0.19401,1.52392e-05
0.196615,1.61139e-05
0.199219,1.70355e-05
0.201823,1.80063e-05
0.204427,1.90289e-05
0.207031,2.01057e-05
0.209635,2.12395e-05
0.21224,2.2433e-05
0.214844,2.36892e-05
0.217448,2.50112e-05
0.220052,2.64022e-05
0.222656,2.78655e-05
0.22526,2.94047e-05
0.227865,3.10233e-05
0.230469,3.27253e-05
0.233073,3.45145e-05
0.235677,3.63952e-05
0.238281,3.83716e-05
0.240885,4.04484e-05
0.24349,4.26302e-05
0.246094,4.49219e-05
0.248698,4.73287e-05
0.251302,4.9856e-05
0.253906,5.25093e-05
0.25651,5.52944e-05
0.259115,5.82174e-05
0.261719,6.12846e-05
0.264323,6.45025e-05
0.266927,6.7878e-05
0.269531,7.14183e-05
0.272135,7.51306e-05
0.27474,7.90228e-05
0.277344,8.31028e-05
0.279948,8.73789e-05
0.282552,9.186e-05
0.285156,9.65549e-05
0.28776,0.000101473
0.290365,0.000106624
0.292969,0.000112018
0.295573,0.000117666
0.298177,0.000123579
0.300781,0.000129767
0.303385,0.000136243
0.30599,0.000143019
0.308594,0.000150107
0.311198,0.000157521
0.313802,0.000165275
0.316406,0.000173382
0.31901,0.000181857
0.321615,0.000190716
0.324219,0.000199974
0.326823,0.000209648
0.329427,0.000219754
0.332031,0.00023031
0.334635,0.000241335
0.33724,0.000252847
0.339844,0.000264865
0.342448,0.00027741
0.345052,0.000290502
0.347656,0.000304164
0.35026,0.000318417
0.352865,0.000333285
0.355469,0.000348791
0.358073,0.00036496
0.360677,0.000381818
0.363281,0.000399391
0.365885,0.000417706
0.36849,0.000436792
0.371094,0.000456677
0.373698,0.000477391
0.376302,0.000498965
0.378906,0.000521432
0.38151,0.000544824
0.384115,0.000569174
0.386719,0.000594519
0.389323,0.000620894
0.391927,0.000648337
0.394531,0.000676885
0.397135,0.000706578
0.39974,0.000737458
0.402344,0.000769565
0.404948,0.000802943
0.407552,0.000837637
0.410156,0.000873693
0.41276,0.000911156
0.415365,0.000950076
0.417969,0.000990503
0.420573,0.00103249
0.423177,0.00107608
0.425781,0.00112134
0.428385,0.00116832
0.43099,0.00121708
0.433594,0.00126767
0.436198,0.00132016
0.438802,0.0013746
0.441406,0.00143107
0.44401,0.00148962
0.446615,0.00155033
0.449219,0.00161326
0.451823,0.00167848
0.454427,0.00174606
0.457031,0.00181609
0.459635,0.00188862
0.46224,0.00196375
0.464844,0.00204154
0.467448,0.00212209
0.470052,0.00220547
0.472656,0.00229178
0.47526,0.00238109
0.477865,0.00247349
0.480469,0.00256908
0.483073,0.00266795
0.485677,0.0027702
0.488281,0.00287592
0.490885,0.00298521
0.49349,0.00309818
0.496094,0.00321492
0.498698,0.00333555
0.501302,0.00346017
0.503906,0.00358889
0.50651,0.00372182
0.509115,0.00385908
0.511719,0.00400079
0.514323,0.00414706
0.516927,0.00429802
0.519531,0.00445379
0.522135,0.00461449
0.52474,0.00478026
0.527344,0.00495123
0.529948,0.00512752
0.532552,0.00530927
0.535156,0.00549662
0.53776,0.00568972
0.540365,0.0058887
0.542969,0.0060937
0.545573,0.00630488
0.548177,0.00652238
0.550781,0.00674635
0.553385,0.00697695
0.55599,0.00721434
0.558594,0.00745866
0.561198,0.00771009
0.563802,0.00796878
0.566406,0.0082349
0.56901,0.00850862
0.571615,0.00879011
0.574219,0.00907952
0.576823,0.00937705
0.579427,0.00968287
0.582031,0.00999714
0.584635,0.0103201
0.58724,0.0106518
0.589844,0.0109926
0.592448,0.0113425
0.595052,0.0117018
0.597656,0.0120707
0.60026,0.0124493
0.602865,0.0128379
0.605469,0.0132367
0.608073,0.0136458
0.610677,0.0140654
0.613281,0.0144957
0.615885,0.014937
0.61849,0.0153894
0.621094,0.0158532
0.623698,0.0163285
0.626302,0.0168156
0.628906,0.0173146
0.63151,0.0178257
0.634115,0.0183493
0.636719,0.0188854
0.639323,0.0194343
0.641927,0.0199961
0.644531,0.0205712
0.647135,0.0211597
0.64974,0.0217619
0.652344,0.0223778
0.654948,0.0230078
0.657552,0.0236521
0.660156,0.0243108
0.66276,0.0249843
0.665365,0.0256726
0.667969,0.026376
0.670573,0.0270947
0.673177,0.0278289
0.675781,0.0285789
0.678385,0.0293448
0.68099,0.0301268
0.683594,0.0309252
0.686198,0.0317401
0.688802,0.0325718
0.691406,0.0334204
0.69401,0.0342862
0.696615,0.0351693
0.699219,0.03607
0.701823,0.0369884
0.704427,0.0379247
0.707031,0.0388791
0.709635,0.0398519
0.71224,0.0408431
0.714844,0.0418529
0.717448,0.0428816
0.720052,0.0439294
0.722656,0.0449962
0.72526,0.0460825
0.727865,0.0471882
0.730469,0.0483136
0.733073,0.0494589
0.735677,0.0506241
0.738281,0.0518095
0.740885,0.0530151
0.74349,0.0542411
0.746094,0.0554876
0.748698,0.0567549
0.751302,0.0580429
0.753906,0.0593518
0.75651,0.0606818
0.759115,0.0620329
0.761719,0.0634052
0.764323,0.0647989
0.766927,0.066214
0.769531,0.0676506
0.772135,0.0691089
0.77474,0.0705887
0.777344,0.0720904
0.779948,0.0736138
0.782552,0.0751591
0.785156,0.0767262
0.78776,0.0783153
0.790365,0.0799264
0.792969,0.0815595
0.795573,0.0832146
0.798177,0.0848917
0.800781,0.0865909
0.803385,0.0883121
0.80599,0.0900553
0.808594,0.0918206
0.811198,0.0936078
0.813802,0.095417
0.816406,0.0972481
0.81901,0.099101
0.821615,0.100976
0.824219,0.102872
0.826823,0.10479
0.829427,0.10673
0.832031,0.108691
0.834635,0.110674
0.83724,0.112678
0.839844,0.114703
0.842448,0.116749
0.845052,0.118816
0.847656,0.120904
0.85026,0.123013
0.852865,0.125142
0.855469,0.127291
0.858073,0.12946
0.860677,0.13165
0.863281,0.133859
0.865885,0.136087
0.86849,0.138335
0.871094,0.140603
0.873698,0.142889
0.876302,0.145193
0.878906,0.147517
0.88151,0.149858
0.884115,0.152217
0.886719,0.154594
0.889323,0.156989
0.891927,0.1594
0.894531,0.161828
0.897135,0.164273
0.89974,0.166734
0.902344,0.169211
0.904948,0.171704
0.907552,0.174212
0.910156,0.176734
0.91276,0.179272
0.915365,0.181823
0.917969,0.184389
0.920573,0.186968
0.923177,0.18956
0.925781,0.192165
0.928385,0.194782
0.93099,0.197411
0.933594,0.200052
0.936198,0.202704
0.938802,0.205367
0.941406,0.20804
0.94401,0.210724
0.946615,0.213417
0.949219,0.216119
0.951823,0.21883
0.954427,0.221549
0.957031,0.224275
0.959635,0.22701
0.96224,0.229751
0.964844,0.232499
0.967448,0.235253
0.970052,0.238012
0.972656,0.240777
0.97526,0.243546
0.977865,0.24632
0.980469,0.249097
0.983073,0.251877
0.985677,0.254661
0.988281,0.257447
0.990885,0.260234
0.99349,0.263023
0.996094,0.265813
0.998698,0.268604
1.0013,0.271394
1.00391,0.274184
1.00651,0.276973
1.00911,0.279761
1.01172,0.282547
1.01432,0.28533
1.01693,0.288111
1.01953,0.290888
1.02214,0.293662
1.02474,0.296431
1.02734,0.299196
1.02995,0.301955
1.03255,0.304709
1.03516,0.307457
1.03776,0.310198
1.04036,0.312932
1.04297,0.315659
1.04557,0.318378
1.04818,0.321089
1.05078,0.323791
1.05339,0.326484
1.05599,0.329167
1.05859,0.331841
1.0612,0.334503
1.0638,0.337156
1.06641,0.339796
1.06901,0.342426
1.07161,0.345043
1.07422,0.347648
1.07682,0.35024
1.07943,0.352819
1.08203,0.355384
1.08464,0.357936
1.08724,0.360473
1.08984,0.362996
1.09245,0.365504
1.09505,0.367996
1.09766,0.370473
1.10026,0.372934
1.10286,0.375379
1.10547,0.377808
1.10807,0.380219
1.11068,0.382613
1.11328,0.38499
1.11589,0.38735
1.11849,0.389691
1.12109,0.392014
1.1237,0.394319
1.1263,0.396605
1.12891,0.398872
1.13151,0.40112
1.13411,0.403349
1.13672,0.405558
1.13932,0.407747
1.14193,0.409917
1.14453,0.412066
1.14714,0.414195
1.14974,0.416304
1.15234,0.418391
1.15495,0.420459
1.15755,0.422505
1.16016,0.42453
1.16276,0.426534
1.16536,0.428516
1.16797,0.430478
1.17057,0.432417
1.17318,0.434335
1.17578,0.436232
1.17839,0.438107
1.18099,0.43996
1.18359,0.441791
1.1862,0.4436
1.1888,0.445387
1.19141,0.447152
1.19401,0.448896
1.19661,0.450617
1.19922,0.452316
1.20182,0.453993
1.20443,0.455648
1.20703,0.457281
1.20964,0.458892
1.21224,0.460481
1.21484,0.462049
1.21745,0.463594
1.22005,0.465117
1.22266,0.466619
1.22526,0.468099
1.22786,0.469557
1.23047,0.470994
1.23307,0.472409
1.23568,0.473802
1.23828,0.475175
1.24089,0.476526
1.24349,0.477856
1.24609,0.479165
1.2487,0.480453
1.2513,0.48172
1.25391,0.482967
1.25651,0.484193
1.25911,0.485398
1.26172,0.486584
1.26432,0.487749
1.26693,0.488894
1.26953,0.490019
1.27214,0.491125
1.27474,0.492211
1.27734,0.493278
1.27995,0.494326
1.28255,0.495355
1.28516,0.496365
1.28776,0.497356
1.29036,0.498329
1.29297,0.499283
1.29557,0.500219
1.29818,0.501138
1.30078,0.502038
1.30339,0.502921
1.30599,0.503787
1.30859,0.504636
1.3112,0.505468
1.3138,0.506282
1.31641,0.507081
1.31901,0.507863
1.32161,0.508629
1.32422,0.509379
1.32682,0.510113
1.32943,0.510832
1.33203,0.511535
1.33464,0.512223
1.33724,0.512897
1.33984,0.513556
1.34245,0.5142
1.34505,0.51483
1.34766,0.515446
1.35026,0.516048
1.35286,0.516636
1.35547,0.517212
1.35807,0.517773
1.36068,0.518322
1.36328,0.518858
1.36589,0.519382
1.36849,0.519893
1.37109,0.520392
1.3737,0.520879
1.3763,0.521354
1.37891,0.521818
1.38151,0.522271
1.38411,0.522712
1.38672,0.523142
1.38932,0.523562
1.39193,0.523971
1.39453,0.52437
1.39714,0.524758
1.39974,0.525137
1.40234,0.525506
1.40495,0.525865
1.40755,0.526215
1.41016,0.526556
1.41276,0.526888
1.41536,0.527211
1.41797,0.527525
1.42057,0.527831
1.42318,0.528128
1.42578,0.528418
1.42839,0.528699
1.43099,0.528973
1.43359,0.529239
1.4362,0.529498
1.4388,0.529749
1.44141,0.529993
1.44401,0.530231
1.44661,0.530461
1.44922,0.530685
1.45182,0.530903
1.45443,0.531114
1.45703,0.531319
1.45964,0.531518
1.46224,0.531711
1.46484,0.531898
1.46745,0.53208
1.47005,0.532256
1.47266,0.532427
1.47526,0.532593
1.47786,0.532754
1.48047,0.53291
1.48307,0.533061
1.48568,0.533207
1.48828,0.533349
1.49089,0.533486
1.49349,0.533619
1.49609,0.533747
1.4987,0.533872
1.5013,0.533993
1.50391,0.534109
1.50651,0.534222
1.50911,0.534332
1.51172,0.534437
1.51432,0.53454
1.51693,0.534639
1.51953,0.534734
1.52214,0.534827
1.52474,0.534916
1.52734,0.535002
1.52995,0.535086
1.53255,0.535166
1.53516,0.535244
1.53776,0.535319
1.54036,0.535392
1.54297,0.535462
1.54557,0.535529
1.54818,0.535594
1.55078,0.535657
1.55339,0.535718
1.55599,0.535777
1.55859,0.535833
1.5612,0.535888
1.5638,0.53594
1.56641,0.535991
1.56901,0.536039
1.57161,0.536086
1.57422,0.536132
1.57682,0.536175
1.57943,0.536217
1.58203,0.536258
1.58464,0.536297
1.58724,0.536334
1.58984,0.53637
1.59245,0.536405
1.59505,0.536438
1.59766,0.53647
1.60026,0.536501
1.60286,0.536531
1.60547,0.536559
1.60807,0.536587
1.61068,0.536613
1.61328,0.536638
1.61589,0.536663
1.61849,0.536686
1.62109,0.536709
1.6237,0.53673
1.6263,0.536751
1.62891,0.536771
1.63151,0.53679
1.63411,0.536808
1.63672,0.536826
1.63932,0.536843
1.64193,0.536859
1.64453,0.536874
1.64714,0.536889
1.64974,0.536904
1.65234,0.536917
1.65495,0.53693
1.65755,0.536943
1.66016,0.536955
1.66276,0.536966
1.66536,0.536977
1.66797,0.536988
1.67057,0.536998
1.67318,0.537008
1.67578,0.537017
1.67839,0.537026
1.68099,0.537034
1.68359,0.537042
1.6862,0.53705
1.6888,0.537058
1.69141,0.537065
1.69401,0.537071
1.69661,0.537078
1.69922,0.537084
1.70182,0.53709
1.70443,0.537096
1.70703,0.537101
1.70964,0.537106
1.71224,0.537111
1.71484,0.537116
1.71745,0.53712
1.72005,0.537125
1.72266,0.537129
1.72526,0.537133
1.72786,0.537136
1.73047,0.53714
1.73307,0.537143
1.73568,0.537146
1.73828,0.537149
1.74089,0.537152
1.74349,0.537155
1.74609,0.537158
1.7487,0.53716
1.7513,0.537163
1.75391,0.537165
1.75651,0.537167
1.75911,0.537169
1.76172,0.537171
1.76432,0.537173
1.76693,0.537175
1.76953,0.537177
1.77214,0.537178
1.77474,0.53718
1.77734,0.537181
1.77995,0.537183
1.78255,0.537184
1.78516,0.537185
1.78776,0.537186
1.79036,0.537188
1.79297,0.537189
1.79557,0.53719
1.79818,0.537191
1.80078,0.537192
1.80339,0.537192
1.80599,0.537193
1.80859,0.537194
1.8112,0.537195
1.8138,0.537196
1.81641,0.537196
1.81901,0.537197
1.82161,0.537197
1.82422,0.537198
1.82682,0.537199
1.82943,0.537199
1.83203,0.5372
1.83464,0.5372
1.83724,0.5372
1.83984,0.537201
1.84245,0.537201
1.84505,0.537202
1.84766,0.537202
1.85026,0.537202
1.85286,0.537203
1.85547,0.537203
1.85807,0.537203
1.86068,0.537203
1.86328,0.537204
1.86589,0.537204
1.86849,0.537204
1.87109,0.537204
1.8737,0.537205
1.8763,0.537205
1.87891,0.537205
1.88151,0.537205
1.88411,0.537205
1.88672,0.537205
1.88932,0.537206
1.89193,0.537206
1.89453,0.537206
1.89714,0.537206
1.89974,0.537206
1.90234,0.537206
1.90495,0.537206
1.90755,0.537206
1.91016,0.537206
1.91276,0.537207
1.91536,0.537207
1.91797,0.537207
1.92057,0.537207
1.92318,0.537207
1.92578,0.537207
1.92839,0.537207
1.93099,0.537207
1.93359,0.537207
1.9362,0.537207
1.9388,0.537207
1.94141,0.537207
1.94401,0.537207
1.94661,0.537207
1.94922,0.537207
1.95182,0.537207
1.95443,0.537207
1.95703,0.537207
1.95964,0.537207
1.96224,0.537207
1.96484,0.537207
1.96745,0.537207
1.97005,0.537208
1.97266,0.537208
1.97526,0.537208
1.97786,0.537208
1.98047,0.537208
1.98307,0.537208
1.98568,0.537208
1.98828,0.537208
1.99089,0.537208
1.99349,0.537208
1.99609,0.537208
1.9987,0.537208
