0.00175131,0
0.00525394,1.59452e-08
0.00875657,3.33389e-08
0.0122592,5.23069e-08
0.0157618,7.29854e-08
0.0192644,9.55217e-08
0.0227671,1.20075e-07
0.0262697,1.46818e-07
0.0297723,1.75937e-07
0.033275,2.07633e-07
0.0367776,2.42123e-07
0.0402802,2.79643e-07
0.0437828,3.20447e-07
0.0472855,3.64807e-07
0.0507881,4.13019e-07
0.0542907,4.65402e-07
0.0577933,5.22298e-07
0.061296,5.84079e-07
0.0647986,6.51142e-07
0.0683012,7.23917e-07
0.0718039,8.02866e-07
0.0753065,8.88486e-07
0.0788091,9.81314e-07
0.0823117,1.08192e-06
0.0858144,1.19094e-06
0.089317,1.30902e-06
0.0928196,1.43688e-06
0.0963222,1.57529e-06
0.0998249,1.72508e-06
0.103327,1.88712e-06
0.10683,2.06238e-06
0.110333,2.25186e-06
0.113835,2.45667e-06
0.117338,2.67796e-06
0.120841,2.91701e-06
0.124343,3.17514e-06
0.127846,3.4538e-06
0.131349,3.75453e-06
0.134851,4.07897e-06
0.138354,4.4289e-06
0.141856,4.80619e-06
0.145359,5.21287e-06
0.148862,5.65108e-06
0.152364,6.12312e-06
0.155867,6.63146e-06
0.15937,7.17871e-06
0.162872,7.76768e-06
0.166375,8.40134e-06
0.169877,9.08288e-06
0.17338,9.8157e-06
0.176883,1.06034e-05
0.180385,1.14499e-05
0.183888,1.23591e-05
0.187391,1.33356e-05
0.190893,1.4384e-05
0.194396,1.55092e-05
0.197898,1.67164e-05
0.201401,1.80112e-05
0.204904,1.93996e-05
0.208406,2.0888e-05
0.211909,2.24828e-05
0.215412,2.41914e-05
0.218914,2.60212e-05
0.222417,2.79803e-05
0.225919,3.0077e-05
0.229422,3.23205e-05
0.232925,3.47202e-05
0.236427,3.72862e-05
0.23993,4.00292e-05
0.243433,4.29606e-05
0.246935,4.60923e-05
0.250438,4.94369e-05
0.25394,5.30079e-05
0.257443,5.68193e-05
0.260946,6.08862e-05
0.264448,6.52244e-05
0.267951,6.98504e-05
0.271454,7.47819e-05
0.274956,8.00375e-05
0.278459,8.56367e-05
0.281961,9.16002e-05
0.285464,9.79498e-05
0.288967,0.000104708
0.292469,0.0001119
0.295972,0.00011955
0.299475,0.000127685
0.302977,0.000136333
0.30648,0.000145525
0.309982,0.00015529
0.313485,0.000165662
0.316988,0.000176675
0.32049,0.000188365
0.323993,0.00020077
0.327496,0.000213929
0.330998,0.000227884
0.334501,0.000242679
0.338004,0.00025836
0.341506,0.000274973
0.345009,0.00029257
0.348511,0.000311203
0.352014,0.000330927
0.355517,0.000351799
0.359019,0.00037388
0.362522,0.000397231
0.366025,0.00042192
0.369527,0.000448014
0.37303,0.000475584
0.376532,0.000504706
0.380035,0.000535458
0.383538,0.00056792
0.38704,0.000602178
0.390543,0.000638318
0.394046,0.000676435
0.397548,0.000716622
0.401051,0.000758979
0.404553,0.000803611
0.408056,0.000850624
0.411559,0.00090013
0.415061,0.000952247
0.418564,0.00100709
0.422067,0.0010648
0.425569,0.00112549
0.429072,0.0011893
0.432574,0.00125637
0.436077,0.00132684
0.43958,0.00140088
0.443082,0.00147862
0.446585,0.00156024
0.450088,0.0016459
0.45359,0.00173577
0.457093,0.00183002
0.460595,0.00192886
0.464098,0.00203245
0.467601,0.00214101
0.471103,0.00225473
0.474606,0.00237383
0.478109,0.00249851
0.481611,0.002629
0.485114,0.00276553
0.488616,0.00290834
0.492119,0.00305766
0.495622,0.00321375
0.499124,0.00337686
0.502627,0.00354726
0.50613,0.00372522
0.509632,0.00391102
0.513135,0.00410493
0.516637,0.00430726
0.52014,0.00451831
0.523643,0.00473838
0.527145,0.00496779
0.530648,0.00520686
0.534151,0.00545592
0.537653,0.00571531
0.541156,0.00598538
0.544658,0.00626648
0.548161,0.00655896
0.551664,0.00686321
0.555166,0.00717959
0.558669,0.00750848
0.562172,0.00785028
0.565674,0.00820538
0.569177,0.0085742
0.57268,0.00895713
0.576182,0.00935461
0.579685,0.00976704
0.583187,0.0101949
0.58669,0.0106386
0.590193,0.0110985
0.593695,0.0115752
0.597198,0.0120691
0.600701,0.0125806
0.604203,0.0131102
0.607706,0.0136585
0.611208,0.0142258
0.614711,0.0148127
0.618214,0.0154196
0.621716,0.016047
0.625219,0.0166955
0.628722,0.0173655
0.632224,0.0180576
0.635727,0.0187722
0.639229,0.0195098
0.642732,0.020271
0.646235,0.0210563
0.649737,0.0218661
0.65324,0.0227011
0.656743,0.0235616
0.660245,0.0244483
0.663748,0.0253616
0.66725,0.0263021
0.670753,0.0272702
0.674256,0.0282665
0.677758,0.0292914
0.681261,0.0303455
0.684764,0.0314293
0.688266,0.0325433
0.691769,0.0336879
0.695271,0.0348636
0.698774,0.036071
0.702277,0.0373104
0.705779,0.0385824
0.709282,0.0398874
0.712785,0.0412258
0.716287,0.0425981
0.71979,0.0440047
0.723292,0.045446
0.726795,0.0469224
0.730298,0.0484344
0.7338,0.0499822
0.737303,0.0515663
0.740806,0.053187
0.744308,0.0548447
0.747811,0.0565397
0.751313,0.0582722
0.754816,0.0600426
0.758319,0.0618511
0.761821,0.0636981
0.765324,0.0655836
0.768827,0.0675081
0.772329,0.0694715
0.775832,0.0714743
0.779335,0.0735163
0.782837,0.075598
0.78634,0.0777192
0.789842,0.0798802
0.793345,0.082081
0.796848,0.0843216
0.80035,0.0866021
0.803853,0.0889225
0.807356,0.0912827
0.810858,0.0936827
0.814361,0.0961223
0.817863,0.0986016
0.821366,0.10112
0.824869,0.103678
0.828371,0.106276
0.831874,0.108912
0.835377,0.111587
0.838879,0.1143
0.842382,0.117051
0.845884,0.11984
0.849387,0.122667
0.85289,0.125531
0.856392,0.128431
0.859895,0.131368
0.863398,0.13434
0.8669,0.137348
0.870403,0.140391
0.873905,0.143467
0.877408,0.146578
0.880911,0.149722
0.884413,0.152898
0.887916,0.156105
0.891419,0.159344
0.894921,0.162614
0.898424,0.165913
0.901926,0.169241
0.905429,0.172598
0.908932,0.175981
0.912434,0.179392
0.915937,0.182828
0.91944,0.186288
0.922942,0.189773
0.926445,0.193281
0.929947,0.196811
0.93345,0.200362
0.936953,0.203934
0.940455,0.207524
0.943958,0.211133
0.947461,0.214759
0.950963,0.218401
0.954466,0.222059
0.957968,0.22573
0.961471,0.229414
0.964974,0.233111
0.968476,0.236818
0.971979,0.240534
0.975482,0.244259
0.978984,0.247992
0.982487,0.251731
0.985989,0.255475
0.989492,0.259223
0.992995,0.262974
0.996497,0.266727
1,0.27048
1.0035,0.274233
1.00701,0.277984
1.01051,0.281732
1.01401,0.285477
1.01751,0.289216
1.02102,0.292948
1.02452,0.296673
1.02802,0.30039
1.03152,0.304097
1.03503,0.307793
1.03853,0.311478
1.04203,0.315149
1.04553,0.318806
1.04904,0.322448
1.05254,0.326074
1.05604,0.329683
1.05954,0.333274
1.06305,0.336845
1.06655,0.340396
1.07005,0.343927
1.07356,0.347434
1.07706,0.350919
1.08056,0.35438
1.08406,0.357816
1.08757,0.361226
1.09107,0.36461
1.09457,0.367966
1.09807,0.371295
1.10158,0.374594
1.10508,0.377863
1.10858,0.381102
1.11208,0.38431
1.11559,0.387486
1.11909,0.39063
1.12259,0.39374
1.12609,0.396817
1.1296,0.39986
1.1331,0.402867
1.1366,0.40584
1.14011,0.408776
1.14361,0.411677
1.14711,0.414541
1.15061,0.417367
1.15412,0.420156
1.15762,0.422908
1.16112,0.425621
1.16462,0.428296
1.16813,0.430932
1.17163,0.433529
1.17513,0.436087
1.17863,0.438606
1.18214,0.441085
1.18564,0.443525
1.18914,0.445925
1.19264,0.448285
1.19615,0.450606
1.19965,0.452886
1.20315,0.455127
1.20665,0.457327
1.21016,0.459488
1.21366,0.46161
1.21716,0.463691
1.22067,0.465733
1.22417,0.467736
1.22767,0.4697
1.23117,0.471624
1.23468,0.47351
1.23818,0.475357
1.24168,0.477165
1.24518,0.478935
1.24869,0.480668
1.25219,0.482363
1.25569,0.484021
1.25919,0.485641
1.2627,0.487225
1.2662,0.488773
1.2697,0.490285
1.2732,0.491762
1.27671,0.493203
1.28021,0.49461
1.28371,0.495982
1.28722,0.49732
1.29072,0.498625
1.29422,0.499897
1.29772,0.501137
1.30123,0.502344
1.30473,0.50352
1.30823,0.504664
1.31173,0.505778
1.31524,0.506862
1.31874,0.507916
1.32224,0.508941
1.32574,0.509937
1.32925,0.510906
1.33275,0.511846
1.33625,0.512759
1.33975,0.513646
1.34326,0.514507
1.34676,0.515342
1.35026,0.516151
1.35377,0.516937
1.35727,0.517698
1.36077,0.518435
1.36427,0.51915
1.36778,0.519842
1.37128,0.520512
1.37478,0.521161
1.37828,0.521788
1.38179,0.522395
1.38529,0.522982
1.38879,0.523549
1.39229,0.524097
1.3958,0.524627
1.3993,0.525139
1.4028,0.525632
1.4063,0.526109
1.40981,0.526569
1.41331,0.527013
1.41681,0.527441
1.42032,0.527853
1.42382,0.528251
1.42732,0.528633
1.43082,0.529002
1.43433,0.529357
1.43783,0.529699
1.44133,0.530028
1.44483,0.530344
1.44834,0.530649
1.45184,0.530941
1.45534,0.531222
1.45884,0.531492
1.46235,0.531752
1.46585,0.532001
1.46935,0.53224
1.47285,0.532469
1.47636,0.532689
1.47986,0.5329
1.48336,0.533103
1.48687,0.533297
1.49037,0.533482
1.49387,0.53366
1.49737,0.533831
1.50088,0.533994
1.50438,0.53415
1.50788,0.534299
1.51138,0.534442
1.51489,0.534579
1.51839,0.534709
1.52189,0.534834
1.52539,0.534953
1.5289,0.535067
1.5324,0.535175
1.5359,0.535279
1.5394,0.535378
1.54291,0.535472
1.54641,0.535562
1.54991,0.535647
1.55342,0.535729
1.55692,0.535807
1.56042,0.535881
1.56392,0.535951
1.56743,0.536018
1.57093,0.536082
1.57443,0.536143
1.57793,0.536201
1.58144,0.536255
1.58494,0.536308
1.58844,0.536357
1.59194,0.536404
1.59545,0.536449
1.59895,0.536491
1.60245,0.536531
1.60595,0.536569
1.60946,0.536605
1.61296,0.53664
1.61646,0.536672
1.61996,0.536703
1.62347,0.536732
1.62697,0.53676
1.63047,0.536786
1.63398,0.53681
1.63748,0.536834
1.64098,0.536856
1.64448,0.536877
1.64799,0.536896
1.65149,0.536915
1.65499,0.536933
1.65849,0.536949
1.662,0.536965
1.6655,0.53698
1.669,0.536994
1.6725,0.537007
1.67601,0.537019
1.67951,0.537031
1.68301,0.537042
1.68651,0.537052
1.69002,0.537062
1.69352,0.537071
1.69702,0.53708
1.70053,0.537088
1.70403,0.537096
1.70753,0.537103
1.71103,0.53711
1.71454,0.537116
1.71804,0.537122
1.72154,0.537128
1.72504,0.537133
1.72855,0.537138
1.73205,0.537142
1.73555,0.537147
1.73905,0.537151
1.74256,0.537155
1.74606,0.537158
1.74956,0.537162
1.75306,0.537165
1.75657,0.537168
1.76007,0.53717
1.76357,0.537173
1.76708,0.537175
1.77058,0.537178
1.77408,0.53718
1.77758,0.537182
1.78109,0.537183
1.78459,0.537185
1.78809,0.537187
1.79159,0.537188
1.7951,0.53719
1.7986,0.537191
1.8021,0.537192
1.8056,0.537193
1.80911,0.537194
1.81261,0.537195
1.81611,0.537196
1.81961,0.537197
1.82312,0.537198
1.82662,0.537199
1.83012,0.537199
1.83363,0.5372
1.83713,0.5372
1.84063,0.537201
1.84413,0.537202
1.84764,0.537202
1.85114,0.537202
1.85464,0.537203
1.85814,0.537203
1.86165,0.537204
1.86515,0.537204
1.86865,0.537204
1.87215,0.537204
1.87566,0.537205
1.87916,0.537205
1.88266,0.537205
1.88616,0.537205
1.88967,0.537206
1.89317,0.537206
1.89667,0.537206
1.90018,0.537206
1.90368,0.537206
1.90718,0.537206
1.91068,0.537206
1.91419,0.537207
1.91769,0.537207
1.92119,0.537207
1.92469,0.537207
1.9282,0.537207
1.9317,0.537207
1.9352,0.537207
1.9387,0.537207
1.94221,0.537207
1.94571,0.537207
1.94921,0.537207
1.95271,0.537207
1.95622,0.537207
1.95972,0.537207
1.96322,0.537207
1.96673,0.537207
1.97023,0.537208
1.97373,0.537208
1.97723,0.537208
1.98074,0.537208
1.98424,0.537208
1.98774,0.537208
1.99124,0.537208
1.99475,0.537208
1.99825,0.537208
