0.00185874,0
0.00557621,1.70594e-08
0.00929368,3.57673e-08
0.0130112,5.62759e-08
0.0167286,7.87509e-08
0.0204461,1.03372e-07
0.0241636,1.30335e-07
0.027881,1.59853e-07
0.0315985,1.92156e-07
0.035316,2.27496e-07
0.0390335,2.66143e-07
0.0427509,3.08393e-07
0.0464684,3.54566e-07
0.0501859,4.0501e-07
0.0539033,4.60099e-07
0.0576208,5.2024e-07
0.0613383,5.85875e-07
0.0650558,6.57481e-07
0.0687732,7.35573e-07
0.0724907,8.20711e-07
0.0762082,9.13496e-07
0.0799257,1.01458e-06
0.0836431,1.12467e-06
0.0873606,1.24453e-06
0.0910781,1.37498e-06
0.0947955,1.51689e-06
0.098513,1.67124e-06
0.10223,1.83904e-06
0.105948,2.02142e-06
0.109665,2.21956e-06
0.113383,2.43476e-06
0.1171,2.6684e-06
0.120818,2.92198e-06
0.124535,3.1971e-06
0.128253,3.49549e-06
0.13197,3.819e-06
0.135688,4.16963e-06
0.139405,4.54953e-06
0.143123,4.96098e-06
0.14684,5.40647e-06
0.150558,5.88863e-06
0.154275,6.41031e-06
0.157993,6.97454e-06
0.16171,7.5846e-06
0.165428,8.24398e-06
0.169145,8.95641e-06
0.172862,9.7259e-06
0.17658,1.05567e-05
0.180297,1.14535e-05
0.184015,1.24211e-05
0.187732,1.34647e-05
0.19145,1.45899e-05
0.195167,1.58028e-05
0.198885,1.71096e-05
0.202602,1.85172e-05
0.20632,2.00328e-05
0.210037,2.16642e-05
0.213755,2.34195e-05
0.217472,2.53076e-05
0.22119,2.73378e-05
0.224907,2.95199e-05
0.228625,3.18647e-05
0.232342,3.43832e-05
0.236059,3.70876e-05
0.239777,3.99904e-05
0.243494,4.31052e-05
0.247212,4.64464e-05
0.250929,5.0029e-05
0.254647,5.38692e-05
0.258364,5.79842e-05
0.262082,6.23921e-05
0.265799,6.7112e-05
0.269517,7.21644e-05
0.273234,7.75707e-05
0.276952,8.33538e-05
0.280669,8.95378e-05
0.284387,9.61482e-05
0.288104,0.000103212
0.291822,0.000110758
0.295539,0.000118815
0.299257,0.000127417
0.302974,0.000136595
0.306691,0.000146386
0.310409,0.000156827
0.314126,0.000167957
0.317844,0.000179818
0.321561,0.000192452
0.325279,0.000205907
0.328996,0.00022023
0.332714,0.000235471
0.336431,0.000251686
0.340149,0.000268928
0.343866,0.000287258
0.347584,0.000306737
0.351301,0.00032743
0.355019,0.000349405
0.358736,0.000372734
0.362454,0.000397491
0.366171,0.000423755
0.369888,0.000451607
0.373606,0.000481134
0.377323,0.000512426
0.381041,0.000545576
0.384758,0.000580683
0.388476,0.00061785
0.392193,0.000657183
0.395911,0.000698795
0.399628,0.000742802
0.403346,0.000789326
0.407063,0.000838494
0.410781,0.000890439
0.414498,0.000945299
0.418216,0.00100322
0.421933,0.00106434
0.425651,0.00112883
0.429368,0.00119684
0.433086,0.00126854
0.436803,0.00134411
0.44052,0.00142373
0.444238,0.00150758
0.447955,0.00159586
0.451673,0.00168877
0.45539,0.00178652
0.459108,0.00188933
0.462825,0.00199742
0.466543,0.00211102
0.47026,0.00223038
0.473978,0.00235574
0.477695,0.00248736
0.481413,0.0026255
0.48513,0.00277043
0.488848,0.00292245
0.492565,0.00308183
0.496283,0.00324888
0.5,0.0034239
0.503717,0.00360722
0.507435,0.00379916
0.511152,0.00400005
0.51487,0.00421025
0.518587,0.0044301
0.522305,0.00465997
0.526022,0.00490024
0.52974,0.00515128
0.533457,0.00541349
0.537175,0.00568727
0.540892,0.00597304
0.54461,0.00627122
0.548327,0.00658222
0.552045,0.00690651
0.555762,0.00724453
0.55948,0.00759673
0.563197,0.00796358
0.566914,0.00834557
0.570632,0.00874318
0.574349,0.0091569
0.578067,0.00958725
0.581784,0.0100347
0.585502,0.0104999
0.589219,0.0109832
0.592937,0.0114852
0.596654,0.0120065
0.600372,0.0125476
0.604089,0.0131091
0.607807,0.0136916
0.611524,0.0142955
0.615242,0.0149216
0.618959,0.0155703
0.622677,0.0162423
0.626394,0.0169382
0.630112,0.0176585
0.633829,0.0184039
0.637546,0.019175
0.641264,0.0199723
0.644981,0.0207966
0.648699,0.0216483
0.652416,0.0225281
0.656134,0.0234367
0.659851,0.0243746
0.663569,0.0253425
0.667286,0.026341
0.671004,0.0273706
0.674721,0.028432
0.678439,0.0295258
0.682156,0.0306526
0.685874,0.0318129
0.689591,0.0330075
0.693309,0.0342367
0.697026,0.0355013
0.700743,0.0368018
0.704461,0.0381388
0.708178,0.0395127
0.711896,0.0409242
0.715613,0.0423737
0.719331,0.0438617
0.723048,0.0453889
0.726766,0.0469556
0.730483,0.0485623
0.734201,0.0502094
0.737918,0.0518975
0.741636,0.0536269
0.745353,0.055398
0.749071,0.0572112
0.752788,0.0590669
0.756506,0.0609654
0.760223,0.062907
0.763941,0.064892
0.767658,0.0669207
0.771375,0.0689933
0.775093,0.0711101
0.77881,0.0732711
0.782528,0.0754767
0.786245,0.077727
0.789963,0.080022
0.79368,0.0823618
0.797398,0.0847465
0.801115,0.0871761
0.804833,0.0896506
0.80855,0.09217
0.812268,0.0947342
0.815985,0.097343
0.819703,0.0999964
0.82342,0.102694
0.827138,0.105436
0.830855,0.108222
0.834572,0.111051
0.83829,0.113924
0.842007,0.11684
0.845725,0.119798
0.849442,0.122799
0.85316,0.125842
0.856877,0.128925
0.860595,0.13205
0.864312,0.135214
0.86803,0.138418
0.871747,0.141662
0.875465,0.144943
0.879182,0.148262
0.8829,0.151618
0.886617,0.155011
0.890335,0.158438
0.894052,0.1619
0.89777,0.165396
0.901487,0.168924
0.905204,0.172485
0.908922,0.176076
0.912639,0.179697
0.916357,0.183347
0.920074,0.187025
0.923792,0.190729
0.927509,0.19446
0.931227,0.198215
0.934944,0.201993
0.938662,0.205793
0.942379,0.209615
0.946097,0.213456
0.949814,0.217317
0.953532,0.221194
0.957249,0.225088
0.960967,0.228996
0.964684,0.232918
0.968401,0.236852
0.972119,0.240797
0.975836,0.244752
0.979554,0.248714
0.983271,0.252684
0.986989,0.256659
0.990706,0.260638
0.994424,0.26462
0.998141,0.268604
1.00186,0.272587
1.00558,0.276569
1.00929,0.280548
1.01301,0.284524
1.01673,0.288493
1.02045,0.292456
1.02416,0.296411
1.02788,0.300356
1.0316,0.30429
1.03532,0.308212
1.03903,0.31212
1.04275,0.316014
1.04647,0.319891
1.05019,0.323751
1.0539,0.327593
1.05762,0.331414
1.06134,0.335215
1.06506,0.338993
1.06877,0.342748
1.07249,0.346478
1.07621,0.350183
1.07993,0.353861
1.08364,0.357511
1.08736,0.361132
1.09108,0.364723
1.0948,0.368283
1.09851,0.371812
1.10223,0.375307
1.10595,0.378769
1.10967,0.382197
1.11338,0.385589
1.1171,0.388945
1.12082,0.392264
1.12454,0.395546
1.12825,0.398789
1.13197,0.401993
1.13569,0.405158
1.13941,0.408282
1.14312,0.411366
1.14684,0.414409
1.15056,0.417409
1.15428,0.420368
1.15799,0.423283
1.16171,0.426156
1.16543,0.428986
1.16914,0.431772
1.17286,0.434514
1.17658,0.437211
1.1803,0.439865
1.18401,0.442473
1.18773,0.445038
1.19145,0.447557
1.19517,0.450032
1.19888,0.452461
1.2026,0.454846
1.20632,0.457186
1.21004,0.459481
1.21375,0.461731
1.21747,0.463937
1.22119,0.466098
1.22491,0.468214
1.22862,0.470287
1.23234,0.472316
1.23606,0.474301
1.23978,0.476242
1.24349,0.478141
1.24721,0.479996
1.25093,0.48181
1.25465,0.483581
1.25836,0.48531
1.26208,0.486998
1.2658,0.488645
1.26952,0.490252
1.27323,0.491819
1.27695,0.493346
1.28067,0.494834
1.28439,0.496284
1.2881,0.497695
1.29182,0.499069
1.29554,0.500406
1.29926,0.501706
1.30297,0.502971
1.30669,0.5042
1.31041,0.505395
1.31413,0.506555
1.31784,0.507682
1.32156,0.508776
1.32528,0.509837
1.329,0.510867
1.33271,0.511865
1.33643,0.512833
1.34015,0.513771
1.34387,0.51468
1.34758,0.515559
1.3513,0.516411
1.35502,0.517235
1.35874,0.518033
1.36245,0.518804
1.36617,0.519549
1.36989,0.520269
1.37361,0.520965
1.37732,0.521637
1.38104,0.522286
1.38476,0.522912
1.38848,0.523516
1.39219,0.524099
1.39591,0.52466
1.39963,0.525201
1.40335,0.525722
1.40706,0.526224
1.41078,0.526708
1.4145,0.527173
1.41822,0.52762
1.42193,0.528051
1.42565,0.528464
1.42937,0.528862
1.43309,0.529244
1.4368,0.529611
1.44052,0.529963
1.44424,0.530301
1.44796,0.530625
1.45167,0.530936
1.45539,0.531235
1.45911,0.53152
1.46283,0.531794
1.46654,0.532056
1.47026,0.532307
1.47398,0.532548
1.4777,0.532778
1.48141,0.532997
1.48513,0.533208
1.48885,0.533408
1.49257,0.5336
1.49628,0.533784
1.5,0.533959
1.50372,0.534126
1.50743,0.534285
1.51115,0.534437
1.51487,0.534582
1.51859,0.53472
1.5223,0.534852
1.52602,0.534977
1.52974,0.535097
1.53346,0.53521
1.53717,0.535318
1.54089,0.535421
1.54461,0.535519
1.54833,0.535612
1.55204,0.5357
1.55576,0.535784
1.55948,0.535864
1.5632,0.535939
1.56691,0.536011
1.57063,0.536079
1.57435,0.536143
1.57807,0.536204
1.58178,0.536262
1.5855,0.536317
1.58922,0.536369
1.59294,0.536418
1.59665,0.536465
1.60037,0.536509
1.60409,0.53655
1.60781,0.53659
1.61152,0.536627
1.61524,0.536662
1.61896,0.536695
1.62268,0.536727
1.62639,0.536756
1.63011,0.536784
1.63383,0.53681
1.63755,0.536835
1.64126,0.536858
1.64498,0.53688
1.6487,0.536901
1.65242,0.53692
1.65613,0.536939
1.65985,0.536956
1.66357,0.536972
1.66729,0.536987
1.671,0.537002
1.67472,0.537015
1.67844,0.537028
1.68216,0.53704
1.68587,0.537051
1.68959,0.537061
1.69331,0.537071
1.69703,0.53708
1.70074,0.537089
1.70446,0.537097
1.70818,0.537104
1.7119,0.537112
1.71561,0.537118
1.71933,0.537124
1.72305,0.53713
1.72677,0.537135
1.73048,0.537141
1.7342,0.537145
1.73792,0.53715
1.74164,0.537154
1.74535,0.537158
1.74907,0.537161
1.75279,0.537165
1.75651,0.537168
1.76022,0.537171
1.76394,0.537173
1.76766,0.537176
1.77138,0.537178
1.77509,0.53718
1.77881,0.537182
1.78253,0.537184
1.78625,0.537186
1.78996,0.537188
1.79368,0.537189
1.7974,0.537191
1.80112,0.537192
1.80483,0.537193
1.80855,0.537194
1.81227,0.537195
1.81599,0.537196
1.8197,0.537197
1.82342,0.537198
1.82714,0.537199
1.83086,0.537199
1.83457,0.5372
1.83829,0.537201
1.84201,0.537201
1.84572,0.537202
1.84944,0.537202
1.85316,0.537203
1.85688,0.537203
1.86059,0.537203
1.86431,0.537204
1.86803,0.537204
1.87175,0.537204
1.87546,0.537205
1.87918,0.537205
1.8829,0.537205
1.88662,0.537205
1.89033,0.537206
1.89405,0.537206
1.89777,0.537206
1.90149,0.537206
1.9052,0.537206
1.90892,0.537206
1.91264,0.537207
1.91636,0.537207
1.92007,0.537207
1.92379,0.537207
1.92751,0.537207
1.93123,0.537207
1.93494,0.537207
1.93866,0.537207
1.94238,0.537207
1.9461,0.537207
1.94981,0.537207
1.95353,0.537207
1.95725,0.537207
1.96097,0.537207
1.96468,0.537207
1.9684,0.537207
1.97212,0.537208
1.97584,0.537208
1.97955,0.537208
1.98327,0.537208
1.98699,0.537208
1.99071,0.537208
1.99442,0.537208
1.99814,0.537208
