0.00125471,0
0.00376412,1.10079e-08
0.00627353,2.27248e-08
0.00878294,3.51945e-08
0.0112923,4.84631e-08
0.0138018,6.25797e-08
0.0163112,7.75961e-08
0.0188206,9.35671e-08
0.02133,1.10551e-07
0.0238394,1.28608e-07
0.0263488,1.47805e-07
0.0288582,1.68209e-07
0.0313676,1.89893e-07
0.033877,2.12934e-07
0.0363864,2.37412e-07
0.0388959,2.63414e-07
0.0414053,2.9103e-07
0.0439147,3.20356e-07
0.0464241,3.51491e-07
0.0489335,3.84543e-07
0.0514429,4.19625e-07
0.0539523,4.56855e-07
0.0564617,4.96358e-07
0.0589711,5.38267e-07
0.0614806,5.82721e-07
0.06399,6.29867e-07
0.0664994,6.79861e-07
0.0690088,7.32865e-07
0.0715182,7.89054e-07
0.0740276,8.48607e-07
0.076537,9.11718e-07
0.0790464,9.78587e-07
0.0815558,1.04943e-06
0.0840652,1.12447e-06
0.0865747,1.20393e-06
0.0890841,1.28808e-06
0.0915935,1.37717e-06
0.0941029,1.47148e-06
0.0966123,1.5713e-06
0.0991217,1.67693e-06
0.101631,1.78869e-06
0.104141,1.90692e-06
0.10665,2.03197e-06
0.109159,2.16423e-06
0.111669,2.30407e-06
0.114178,2.45192e-06
0.116688,2.6082e-06
0.119197,2.77338e-06
0.121706,2.94793e-06
0.124216,3.13234e-06
0.126725,3.32717e-06
0.129235,3.53294e-06
0.131744,3.75025e-06
0.134253,3.97971e-06
0.136763,4.22196e-06
0.139272,4.47767e-06
0.141782,4.74754e-06
0.144291,5.03232e-06
0.146801,5.33278e-06
0.14931,5.64974e-06
0.151819,5.98404e-06
0.154329,6.33659e-06
0.156838,6.70832e-06
0.159348,7.10021e-06
0.161857,7.51329e-06
0.164366,7.94864e-06
0.166876,8.40738e-06
0.169385,8.8907e-06
0.171895,9.39983e-06
0.174404,9.93607e-06
0.176913,1.05008e-05
0.179423,1.10953e-05
0.181932,1.17213e-05
0.184442,1.23801e-05
0.186951,1.30735e-05
0.18946,1.38031e-05
0.19197,1.45707e-05
0.194479,1.53782e-05
0.196989,1.62274e-05
0.199498,1.71205e-05
0.202008,1.80595e-05
0.204517,1.90466e-05
0.207026,2.00841e-05
0.209536,2.11745e-05
0.212045,2.23202e-05
0.214555,2.35238e-05
0.217064,2.47882e-05
0.219573,2.61161e-05
0.222083,2.75106e-05
0.224592,2.89746e-05
0.227102,3.05116e-05
0.229611,3.21247e-05
0.23212,3.38176e-05
0.23463,3.55939e-05
0.237139,3.74575e-05
0.239649,3.94122e-05
0.242158,4.14623e-05
0.244668,4.3612e-05
0.247177,4.58659e-05
0.249686,4.82286e-05
0.252196,5.07049e-05
0.254705,5.33e-05
0.257215,5.60192e-05
0.259724,5.88677e-05
0.262233,6.18515e-05
0.264743,6.49764e-05
0.267252,6.82485e-05
0.269762,7.16743e-05
0.272271,7.52604e-05
0.27478,7.90137e-05
0.27729,8.29414e-05
0.279799,8.7051e-05
0.282309,9.13502e-05
0.284818,9.5847e-05
0.287327,0.00010055
0.289837,0.000105467
0.292346,0.000110608
0.294856,0.000115982
0.297365,0.000121599
0.299875,0.000127468
0.302384,0.000133601
0.304893,0.000140007
0.307403,0.000146698
0.309912,0.000153686
0.312422,0.000160982
0.314931,0.0001686
0.31744,0.000176551
0.31995,0.00018485
0.322459,0.000193509
0.324969,0.000202544
0.327478,0.000211969
0.329987,0.000221799
0.332497,0.000232051
0.335006,0.00024274
0.337516,0.000253883
0.340025,0.000265499
0.342535,0.000277605
0.345044,0.000290219
0.347553,0.000303362
0.350063,0.000317052
0.352572,0.000331311
0.355082,0.00034616
0.357591,0.000361621
0.3601,0.000377717
0.36261,0.00039447
0.365119,0.000411906
0.367629,0.000430048
0.370138,0.000448924
0.372647,0.000468558
0.375157,0.000488979
0.377666,0.000510215
0.380176,0.000532295
0.382685,0.000555248
0.385194,0.000579106
0.387704,0.0006039
0.390213,0.000629663
0.392723,0.000656428
0.395232,0.000684231
0.397742,0.000713106
0.400251,0.000743091
0.40276,0.000774223
0.40527,0.000806542
0.407779,0.000840086
0.410289,0.000874897
0.412798,0.000911017
0.415307,0.00094849
0.417817,0.00098736
0.420326,0.00102767
0.422836,0.00106947
0.425345,0.00111281
0.427854,0.00115774
0.430364,0.00120431
0.432873,0.00125256
0.435383,0.00130256
0.437892,0.00135436
0.440402,0.00140802
0.442911,0.00146358
0.44542,0.00152112
0.44793,0.00158069
0.450439,0.00164236
0.452949,0.00170618
0.455458,0.00177223
0.457967,0.00184056
0.460477,0.00191126
0.462986,0.00198438
0.465496,0.00206
0.468005,0.0021382
0.470514,0.00221904
0.473024,0.0023026
0.475533,0.00238897
0.478043,0.00247822
0.480552,0.00257043
0.483061,0.0026657
0.485571,0.00276409
0.48808,0.0028657
0.49059,0.00297062
0.493099,0.00307894
0.495609,0.00319075
0.498118,0.00330614
0.500627,0.00342522
0.503137,0.00354808
0.505646,0.00367481
0.508156,0.00380553
0.510665,0.00394034
0.513174,0.00407933
0.515684,0.00422263
0.518193,0.00437033
0.520703,0.00452256
0.523212,0.00467941
0.525721,0.00484102
0.528231,0.0050075
0.53074,0.00517896
0.53325,0.00535554
0.535759,0.00553734
0.538269,0.00572451
0.540778,0.00591716
0.543287,0.00611542
0.545797,0.00631943
0.548306,0.00652932
0.550816,0.00674523
0.553325,0.00696729
0.555834,0.00719564
0.558344,0.00743043
0.560853,0.0076718
0.563363,0.00791988
0.565872,0.00817484
0.568381,0.00843681
0.570891,0.00870596
0.5734,0.00898243
0.57591,0.00926637
0.578419,0.00955795
0.580928,0.00985731
0.583438,0.0101646
0.585947,0.0104801
0.588457,0.0108038
0.590966,0.0111359
0.593476,0.0114767
0.595985,0.0118262
0.598494,0.0121847
0.601004,0.0125522
0.603513,0.0129291
0.606023,0.0133155
0.608532,0.0137114
0.611041,0.0141172
0.613551,0.014533
0.61606,0.0149589
0.61857,0.0153952
0.621079,0.0158421
0.623588,0.0162996
0.626098,0.016768
0.628607,0.0172475
0.631117,0.0177383
0.633626,0.0182406
0.636136,0.0187544
0.638645,0.0192801
0.641154,0.0198178
0.643664,0.0203677
0.646173,0.02093
0.648683,0.0215049
0.651192,0.0220925
0.653701,0.0226931
0.656211,0.0233068
0.65872,0.0239339
0.66123,0.0245744
0.663739,0.0252287
0.666248,0.0258969
0.668758,0.0265792
0.671267,0.0272757
0.673777,0.0279867
0.676286,0.0287123
0.678795,0.0294528
0.681305,0.0302083
0.683814,0.0309789
0.686324,0.031765
0.688833,0.0325666
0.691343,0.0333839
0.693852,0.0342172
0.696361,0.0350666
0.698871,0.0359322
0.70138,0.0368142
0.70389,0.0377129
0.706399,0.0386284
0.708908,0.0395608
0.711418,0.0405103
0.713927,0.041477
0.716437,0.0424612
0.718946,0.043463
0.721455,0.0444825
0.723965,0.04552
0.726474,0.0465754
0.728984,0.0476491
0.731493,0.048741
0.734003,0.0498514
0.736512,0.0509805
0.739021,0.0521282
0.741531,0.0532948
0.74404,0.0544804
0.74655,0.0556851
0.749059,0.056909
0.751568,0.0581522
0.754078,0.0594148
0.756587,0.060697
0.759097,0.0619988
0.761606,0.0633203
0.764115,0.0646616
0.766625,0.0660229
0.769134,0.067404
0.771644,0.0688053
0.774153,0.0702266
0.776662,0.0716681
0.779172,0.0731298
0.781681,0.0746118
0.784191,0.0761141
0.7867,0.0776368
0.78921,0.0791798
0.791719,0.0807433
0.794228,0.0823273
0.796738,0.0839316
0.799247,0.0855565
0.801757,0.0872018
0.804266,0.0888675
0.806775,0.0905537
0.809285,0.0922604
0.811794,0.0939874
0.814304,0.0957348
0.816813,0.0975026
0.819322,0.0992906
0.821832,0.101099
0.824341,0.102927
0.826851,0.104776
0.82936,0.106645
0.83187,0.108533
0.834379,0.110442
0.836888,0.11237
0.839398,0.114318
0.841907,0.116285
0.844417,0.118272
0.846926,0.120278
0.849435,0.122304
0.851945,0.124349
0.854454,0.126412
0.856964,0.128494
0.859473,0.130595
0.861982,0.132714
0.864492,0.134852
0.867001,0.137007
0.869511,0.139181
0.87202,0.141372
0.874529,0.143581
0.877039,0.145807
0.879548,0.14805
0.882058,0.15031
0.884567,0.152586
0.887077,0.154879
0.889586,0.157188
0.892095,0.159513
0.894605,0.161853
0.897114,0.164209
0.899624,0.16658
0.902133,0.168965
0.904642,0.171365
0.907152,0.17378
0.909661,0.176208
0.912171,0.17865
0.91468,0.181105
0.917189,0.183573
0.919699,0.186054
0.922208,0.188547
0.924718,0.191052
0.927227,0.193569
0.929737,0.196097
0.932246,0.198636
0.934755,0.201186
0.937265,0.203745
0.939774,0.206315
0.942284,0.208895
0.944793,0.211483
0.947302,0.21408
0.949812,0.216686
0.952321,0.2193
0.954831,0.221921
0.95734,0.22455
0.959849,0.227185
0.962359,0.229827
0.964868,0.232475
0.967378,0.235128
0.969887,0.237787
0.972396,0.24045
0.974906,0.243118
0.977415,0.24579
0.979925,0.248466
0.982434,0.251144
0.984944,0.253826
0.987453,0.25651
0.989962,0.259195
0.992472,0.261882
0.994981,0.264571
0.997491,0.267259
1,0.269948
1.00251,0.272637
1.00502,0.275325
1.00753,0.278012
1.01004,0.280698
1.01255,0.283382
1.01506,0.286063
1.01757,0.288742
1.02008,0.291417
1.02258,0.294089
1.02509,0.296757
1.0276,0.299421
1.03011,0.30208
1.03262,0.304733
1.03513,0.307381
1.03764,0.310023
1.04015,0.312658
1.04266,0.315287
1.04517,0.317908
1.04768,0.320522
1.05019,0.323127
1.0527,0.325725
1.05521,0.328313
1.05772,0.330892
1.06023,0.333462
1.06274,0.336022
1.06524,0.338572
1.06775,0.341111
1.07026,0.343639
1.07277,0.346156
1.07528,0.348661
1.07779,0.351154
1.0803,0.353635
1.08281,0.356103
1.08532,0.358558
1.08783,0.361
1.09034,0.363428
1.09285,0.365842
1.09536,0.368243
1.09787,0.370628
1.10038,0.372999
1.10289,0.375355
1.1054,0.377695
1.1079,0.38002
1.11041,0.382329
1.11292,0.384622
1.11543,0.386898
1.11794,0.389158
1.12045,0.391401
1.12296,0.393627
1.12547,0.395836
1.12798,0.398027
1.13049,0.4002
1.133,0.402356
1.13551,0.404493
1.13802,0.406613
1.14053,0.408713
1.14304,0.410796
1.14555,0.412859
1.14806,0.414904
1.15056,0.416929
1.15307,0.418935
1.15558,0.420922
1.15809,0.42289
1.1606,0.424838
1.16311,0.426766
1.16562,0.428675
1.16813,0.430563
1.17064,0.432432
1.17315,0.43428
1.17566,0.436109
1.17817,0.437917
1.18068,0.439705
1.18319,0.441473
1.1857,0.44322
1.18821,0.444947
1.19072,0.446654
1.19322,0.44834
1.19573,0.450006
1.19824,0.451651
1.20075,0.453276
1.20326,0.45488
1.20577,0.456464
1.20828,0.458028
1.21079,0.459571
1.2133,0.461094
1.21581,0.462596
1.21832,0.464078
1.22083,0.46554
1.22334,0.466981
1.22585,0.468402
1.22836,0.469804
1.23087,0.471185
1.23338,0.472546
1.23588,0.473887
1.23839,0.475209
1.2409,0.476511
1.24341,0.477793
1.24592,0.479055
1.24843,0.480299
1.25094,0.481523
1.25345,0.482727
1.25596,0.483913
1.25847,0.485079
1.26098,0.486227
1.26349,0.487356
1.266,0.488467
1.26851,0.489559
1.27102,0.490632
1.27353,0.491688
1.27604,0.492725
1.27854,0.493745
1.28105,0.494746
1.28356,0.495731
1.28607,0.496697
1.28858,0.497647
1.29109,0.498579
1.2936,0.499495
1.29611,0.500393
1.29862,0.501275
1.30113,0.502141
1.30364,0.50299
1.30615,0.503824
1.30866,0.504641
1.31117,0.505443
1.31368,0.506229
1.31619,0.506999
1.3187,0.507755
1.3212,0.508495
1.32371,0.509221
1.32622,0.509932
1.32873,0.510629
1.33124,0.511311
1.33375,0.511979
1.33626,0.512633
1.33877,0.513274
1.34128,0.513901
1.34379,0.514515
1.3463,0.515115
1.34881,0.515703
1.35132,0.516278
1.35383,0.51684
1.35634,0.51739
1.35885,0.517928
1.36136,0.518453
1.36386,0.518967
1.36637,0.519469
1.36888,0.51996
1.37139,0.52044
1.3739,0.520908
1.37641,0.521366
1.37892,0.521812
1.38143,0.522249
1.38394,0.522675
1.38645,0.52309
1.38896,0.523496
1.39147,0.523892
1.39398,0.524279
1.39649,0.524655
1.399,0.525023
1.40151,0.525381
1.40402,0.525731
1.40652,0.526072
1.40903,0.526404
1.41154,0.526728
1.41405,0.527043
1.41656,0.52735
1.41907,0.52765
1.42158,0.527941
1.42409,0.528225
1.4266,0.528502
1.42911,0.528771
1.43162,0.529033
1.43413,0.529288
1.43664,0.529536
1.43915,0.529777
1.44166,0.530012
1.44417,0.53024
1.44668,0.530462
1.44918,0.530678
1.45169,0.530888
1.4542,0.531092
1.45671,0.531291
1.45922,0.531483
1.46173,0.53167
1.46424,0.531852
1.46675,0.532029
1.46926,0.5322
1.47177,0.532367
1.47428,0.532528
1.47679,0.532685
1.4793,0.532837
1.48181,0.532985
1.48432,0.533128
1.48683,0.533267
1.48934,0.533402
1.49184,0.533533
1.49435,0.53366
1.49686,0.533782
1.49937,0.533902
1.50188,0.534017
1.50439,0.534129
1.5069,0.534237
1.50941,0.534342
1.51192,0.534444
1.51443,0.534542
1.51694,0.534637
1.51945,0.534729
1.52196,0.534819
1.52447,0.534905
1.52698,0.534989
1.52949,0.535069
1.53199,0.535148
1.5345,0.535223
1.53701,0.535296
1.53952,0.535367
1.54203,0.535435
1.54454,0.535501
1.54705,0.535565
1.54956,0.535627
1.55207,0.535687
1.55458,0.535744
1.55709,0.5358
1.5596,0.535853
1.56211,0.535905
1.56462,0.535955
1.56713,0.536003
1.56964,0.53605
1.57215,0.536095
1.57465,0.536138
1.57716,0.53618
1.57967,0.53622
1.58218,0.536259
1.58469,0.536297
1.5872,0.536333
1.58971,0.536368
1.59222,0.536401
1.59473,0.536433
1.59724,0.536465
1.59975,0.536495
1.60226,0.536523
1.60477,0.536551
1.60728,0.536578
1.60979,0.536604
1.6123,0.536629
1.61481,0.536652
1.61731,0.536675
1.61982,0.536697
1.62233,0.536719
1.62484,0.536739
1.62735,0.536759
1.62986,0.536778
1.63237,0.536796
1.63488,0.536813
1.63739,0.53683
1.6399,0.536846
1.64241,0.536862
1.64492,0.536876
1.64743,0.536891
1.64994,0.536904
1.65245,0.536917
1.65496,0.53693
1.65747,0.536942
1.65997,0.536954
1.66248,0.536965
1.66499,0.536976
1.6675,0.536986
1.67001,0.536996
1.67252,0.537005
1.67503,0.537014
1.67754,0.537023
1.68005,0.537031
1.68256,0.537039
1.68507,0.537047
1.68758,0.537054
1.69009,0.537061
1.6926,0.537068
1.69511,0.537074
1.69762,0.53708
1.70013,0.537086
1.70263,0.537092
1.70514,0.537097
1.70765,0.537102
1.71016,0.537107
1.71267,0.537112
1.71518,0.537116
1.71769,0.537121
1.7202,0.537125
1.72271,0.537129
1.72522,0.537132
1.72773,0.537136
1.73024,0.537139
1.73275,0.537143
1.73526,0.537146
1.73777,0.537149
1.74028,0.537152
1.74279,0.537154
1.74529,0.537157
1.7478,0.537159
1.75031,0.537162
1.75282,0.537164
1.75533,0.537166
1.75784,0.537168
1.76035,0.53717
1.76286,0.537172
1.76537,0.537174
1.76788,0.537176
1.77039,0.537177
1.7729,0.537179
1.77541,0.53718
1.77792,0.537182
1.78043,0.537183
1.78294,0.537184
1.78545,0.537185
1.78795,0.537186
1.79046,0.537188
1.79297,0.537189
1.79548,0.53719
1.79799,0.537191
1.8005,0.537191
1.80301,0.537192
1.80552,0.537193
1.80803,0.537194
1.81054,0.537195
1.81305,0.537195
1.81556,0.537196
1.81807,0.537197
1.82058,0.537197
1.82309,0.537198
1.8256,0.537198
1.82811,0.537199
1.83061,0.537199
1.83312,0.5372
1.83563,0.5372
1.83814,0.537201
1.84065,0.537201
1.84316,0.537201
1.84567,0.537202
1.84818,0.537202
1.85069,0.537202
1.8532,0.537203
1.85571,0.537203
1.85822,0.537203
1.86073,0.537203
1.86324,0.537204
1.86575,0.537204
1.86826,0.537204
1.87077,0.537204
1.87327,0.537205
1.87578,0.537205
1.87829,0.537205
1.8808,0.537205
1.88331,0.537205
1.88582,0.537205
1.88833,0.537206
1.89084,0.537206
1.89335,0.537206
1.89586,0.537206
1.89837,0.537206
1.90088,0.537206
1.90339,0.537206
1.9059,0.537206
1.90841,0.537206
1.91092,0.537206
1.91343,0.537207
1.91593,0.537207
1.91844,0.537207
1.92095,0.537207
1.92346,0.537207
1.92597,0.537207
1.92848,0.537207
1.93099,0.537207
1.9335,0.537207
1.93601,0.537207
1.93852,0.537207
1.94103,0.537207
1.94354,0.537207
1.94605,0.537207
1.94856,0.537207
1.95107,0.537207
1.95358,0.537207
1.95609,0.537207
1.95859,0.537207
1.9611,0.537207
1.96361,0.537207
1.96612,0.537207
1.96863,0.537207
1.97114,0.537208
1.97365,0.537208
1.97616,0.537208
1.97867,0.537208
1.98118,0.537208
1.98369,0.537208
1.9862,0.537208
1.98871,0.537208
1.99122,0.537208
1.99373,0.537208
1.99624,0.537208
1.99875,0.537208
