0.00242718,0
0.00728155,2.32405e-08
0.0121359,4.94488e-08
0.0169903,7.89865e-08
0.0218447,1.12257e-07
0.026699,1.4971e-07
0.0315534,1.91846e-07
0.0364078,2.39224e-07
0.0412621,2.92462e-07
0.0461165,3.52253e-07
0.0509709,4.19362e-07
0.0558252,4.9464e-07
0.0606796,5.79033e-07
0.065534,6.73589e-07
0.0703883,7.79468e-07
0.0752427,8.97956e-07
0.0800971,1.03048e-06
0.0849515,1.17861e-06
0.0898058,1.34409e-06
0.0946602,1.52884e-06
0.0995146,1.73499e-06
0.104369,1.96488e-06
0.109223,2.22108e-06
0.114078,2.50645e-06
0.118932,2.82412e-06
0.123786,3.17754e-06
0.128641,3.57049e-06
0.133495,4.00714e-06
0.13835,4.49206e-06
0.143204,5.03029e-06
0.148058,5.62731e-06
0.152913,6.28918e-06
0.157767,7.02248e-06
0.162621,7.83447e-06
0.167476,8.73304e-06
0.17233,9.72686e-06
0.177184,1.08254e-05
0.182039,1.20389e-05
0.186893,1.33786e-05
0.191748,1.48569e-05
0.196602,1.6487e-05
0.201456,1.82835e-05
0.206311,2.02623e-05
0.211165,2.24405e-05
0.216019,2.48369e-05
0.220874,2.74716e-05
0.225728,3.03668e-05
0.230583,3.35463e-05
0.235437,3.7036e-05
0.240291,4.08638e-05
0.245146,4.50601e-05
0.25,4.96576e-05
0.254854,5.46917e-05
0.259709,6.02007e-05
0.264563,6.62257e-05
0.269417,7.28113e-05
0.274272,8.00052e-05
0.279126,8.78593e-05
0.283981,9.64288e-05
0.288835,0.000105774
0.293689,0.000115958
0.298544,0.00012705
0.303398,0.000139124
0.308252,0.00015226
0.313107,0.000166542
0.317961,0.000182061
0.322816,0.000198914
0.32767,0.000217205
0.332524,0.000237045
0.337379,0.000258553
0.342233,0.000281855
0.347087,0.000307086
0.351942,0.00033439
0.356796,0.000363919
0.36165,0.000395836
0.366505,0.000430314
0.371359,0.000467536
0.376214,0.000507697
0.381068,0.000551003
0.385922,0.000597674
0.390777,0.000647941
0.395631,0.00070205
0.400485,0.000760259
0.40534,0.000822842
0.410194,0.00089009
0.415049,0.000962306
0.419903,0.00103981
0.424757,0.00112295
0.429612,0.00121207
0.434466,0.00130754
0.43932,0.00140978
0.444175,0.00151917
0.449029,0.00163617
0.453883,0.00176122
0.458738,0.0018948
0.463592,0.00203741
0.468447,0.00218957
0.473301,0.00235181
0.478155,0.00252472
0.48301,0.00270887
0.487864,0.00290489
0.492718,0.00311342
0.497573,0.00333513
0.502427,0.0035707
0.507282,0.00382087
0.512136,0.00408637
0.51699,0.00436798
0.521845,0.00466651
0.526699,0.00498278
0.531553,0.00531765
0.536408,0.005672
0.541262,0.00604675
0.546117,0.00644284
0.550971,0.00686123
0.555825,0.00730293
0.56068,0.00776895
0.565534,0.00826035
0.570388,0.0087782
0.575243,0.0093236
0.580097,0.00989769
0.584951,0.0105016
0.589806,0.0111366
0.59466,0.0118037
0.599515,0.0125043
0.604369,0.0132395
0.609223,0.0140107
0.614078,0.0148191
0.618932,0.015666
0.623786,0.0165528
0.628641,0.0174807
0.633495,0.0184511
0.63835,0.0194653
0.643204,0.0205247
0.648058,0.0216307
0.652913,0.0227846
0.657767,0.0239877
0.662621,0.0252416
0.667476,0.0265474
0.67233,0.0279066
0.677184,0.0293206
0.682039,0.0307906
0.686893,0.032318
0.691748,0.0339041
0.696602,0.0355501
0.701456,0.0372574
0.706311,0.0390271
0.711165,0.0408606
0.716019,0.0427589
0.720874,0.0447231
0.725728,0.0467545
0.730583,0.0488539
0.735437,0.0510225
0.740291,0.0532613
0.745146,0.055571
0.75,0.0579525
0.754854,0.0604067
0.759709,0.0629343
0.764563,0.0655359
0.769417,0.0682121
0.774272,0.0709635
0.779126,0.0737904
0.783981,0.0766933
0.788835,0.0796724
0.793689,0.082728
0.798544,0.08586
0.803398,0.0890687
0.808252,0.0923539
0.813107,0.0957154
0.817961,0.099153
0.822816,0.102666
0.82767,0.106255
0.832524,0.109919
0.837379,0.113656
0.842233,0.117467
0.847087,0.121351
0.851942,0.125306
0.856796,0.129331
0.86165,0.133426
0.866505,0.137589
0.871359,0.141819
0.876214,0.146114
0.881068,0.150473
0.885922,0.154894
0.890777,0.159375
0.895631,0.163915
0.900485,0.168511
0.90534,0.173161
0.910194,0.177864
0.915049,0.182617
0.919903,0.187418
0.924757,0.192265
0.929612,0.197154
0.934466,0.202084
0.93932,0.207052
0.944175,0.212055
0.949029,0.217091
0.953883,0.222156
0.958738,0.227248
0.963592,0.232365
0.968447,0.237502
0.973301,0.242658
0.978155,0.247829
0.98301,0.253012
0.987864,0.258204
0.992718,0.263402
0.997573,0.268604
1.00243,0.273805
1.00728,0.279004
1.01214,0.284196
1.01699,0.289379
1.02184,0.29455
1.0267,0.299706
1.03155,0.304843
1.03641,0.309959
1.04126,0.315052
1.04612,0.320117
1.05097,0.325153
1.05583,0.330156
1.06068,0.335124
1.06553,0.340053
1.07039,0.344943
1.07524,0.349789
1.0801,0.35459
1.08495,0.359343
1.08981,0.364046
1.09466,0.368697
1.09951,0.373293
1.10437,0.377833
1.10922,0.382314
1.11408,0.386735
1.11893,0.391094
1.12379,0.395389
1.12864,0.399618
1.1335,0.403782
1.13835,0.407876
1.1432,0.411902
1.14806,0.415857
1.15291,0.419741
1.15777,0.423551
1.16262,0.427289
1.16748,0.430953
1.17233,0.434541
1.17718,0.438055
1.18204,0.441492
1.18689,0.444854
1.19175,0.448139
1.1966,0.451348
1.20146,0.45448
1.20631,0.457535
1.21117,0.460514
1.21602,0.463417
1.22087,0.466244
1.22573,0.468996
1.23058,0.471672
1.23544,0.474273
1.24029,0.476801
1.24515,0.479255
1.25,0.481637
1.25485,0.483946
1.25971,0.486185
1.26456,0.488354
1.26942,0.490453
1.27427,0.492485
1.27913,0.494449
1.28398,0.496347
1.28883,0.49818
1.29369,0.49995
1.29854,0.501658
1.3034,0.503304
1.30825,0.50489
1.31311,0.506417
1.31796,0.507887
1.32282,0.509301
1.32767,0.51066
1.33252,0.511966
1.33738,0.51322
1.34223,0.514423
1.34709,0.515577
1.35194,0.516683
1.3568,0.517742
1.36165,0.518757
1.3665,0.519727
1.37136,0.520655
1.37621,0.521542
1.38107,0.522389
1.38592,0.523197
1.39078,0.523968
1.39563,0.524703
1.40049,0.525404
1.40534,0.526071
1.41019,0.526706
1.41505,0.52731
1.4199,0.527884
1.42476,0.528429
1.42961,0.528947
1.43447,0.529439
1.43932,0.529905
1.44417,0.530346
1.44903,0.530765
1.45388,0.531161
1.45874,0.531536
1.46359,0.53189
1.46845,0.532225
1.4733,0.532541
1.47816,0.53284
1.48301,0.533121
1.48786,0.533387
1.49272,0.533637
1.49757,0.533873
1.50243,0.534094
1.50728,0.534303
1.51214,0.534499
1.51699,0.534683
1.52184,0.534856
1.5267,0.535018
1.53155,0.53517
1.53641,0.535313
1.54126,0.535446
1.54612,0.535571
1.55097,0.535688
1.55583,0.535798
1.56068,0.5359
1.56553,0.535996
1.57039,0.536085
1.57524,0.536168
1.5801,0.536245
1.58495,0.536318
1.58981,0.536385
1.59466,0.536447
1.59951,0.536506
1.60437,0.53656
1.60922,0.53661
1.61408,0.536657
1.61893,0.5367
1.62379,0.53674
1.62864,0.536777
1.6335,0.536812
1.63835,0.536844
1.6432,0.536873
1.64806,0.536901
1.65291,0.536926
1.65777,0.536949
1.66262,0.536971
1.66748,0.53699
1.67233,0.537009
1.67718,0.537026
1.68204,0.537041
1.68689,0.537055
1.69175,0.537069
1.6966,0.537081
1.70146,0.537092
1.70631,0.537102
1.71117,0.537111
1.71602,0.53712
1.72087,0.537128
1.72573,0.537135
1.73058,0.537141
1.73544,0.537147
1.74029,0.537153
1.74515,0.537158
1.75,0.537163
1.75485,0.537167
1.75971,0.537171
1.76456,0.537174
1.76942,0.537177
1.77427,0.53718
1.77913,0.537183
1.78398,0.537185
1.78883,0.537187
1.79369,0.537189
1.79854,0.537191
1.8034,0.537193
1.80825,0.537194
1.81311,0.537196
1.81796,0.537197
1.82282,0.537198
1.82767,0.537199
1.83252,0.5372
1.83738,0.537201
1.84223,0.537201
1.84709,0.537202
1.85194,0.537203
1.8568,0.537203
1.86165,0.537204
1.8665,0.537204
1.87136,0.537204
1.87621,0.537205
1.88107,0.537205
1.88592,0.537205
1.89078,0.537206
1.89563,0.537206
1.90049,0.537206
1.90534,0.537206
1.91019,0.537206
1.91505,0.537207
1.9199,0.537207
1.92476,0.537207
1.92961,0.537207
1.93447,0.537207
1.93932,0.537207
1.94417,0.537207
1.94903,0.537207
1.95388,0.537207
1.95874,0.537207
1.96359,0.537207
1.96845,0.537207
1.9733,0.537208
1.97816,0.537208
1.98301,0.537208
1.98786,0.537208
1.99272,0.537208
1.99757,0.537208
