0.00135685,0
0.00407056,1.19953e-08
0.00678426,2.48278e-08
0.00949796,3.85536e-08
0.0122117,5.32321e-08
0.0149254,6.89265e-08
0.0176391,8.5704e-08
0.0203528,1.03636e-07
0.0230665,1.22799e-07
0.0257802,1.43273e-07
0.0284939,1.65144e-07
0.0312076,1.88502e-07
0.0339213,2.13446e-07
0.036635,2.40076e-07
0.0393487,2.68502e-07
0.0420624,2.9884e-07
0.0447761,3.31212e-07
0.0474898,3.65749e-07
0.0502035,4.02587e-07
0.0529172,4.41874e-07
0.0556309,4.83763e-07
0.0583446,5.28421e-07
0.0610583,5.7602e-07
0.063772,6.26745e-07
0.0664858,6.80791e-07
0.0691995,7.38366e-07
0.0719132,7.99688e-07
0.0746269,8.64989e-07
0.0773406,9.34515e-07
0.0800543,1.00853e-06
0.082768,1.08729e-06
0.0854817,1.17111e-06
0.0881954,1.26029e-06
0.0909091,1.35515e-06
0.0936228,1.45603e-06
0.0963365,1.5633e-06
0.0990502,1.67734e-06
0.101764,1.79856e-06
0.104478,1.92739e-06
0.107191,2.06427e-06
0.109905,2.20968e-06
0.112619,2.36414e-06
0.115332,2.52816e-06
0.118046,2.70231e-06
0.12076,2.88718e-06
0.123474,3.0834e-06
0.126187,3.29162e-06
0.128901,3.51253e-06
0.131615,3.74688e-06
0.134328,3.99542e-06
0.137042,4.25897e-06
0.139756,4.53839e-06
0.142469,4.83457e-06
0.145183,5.14846e-06
0.147897,5.48107e-06
0.150611,5.83344e-06
0.153324,6.20667e-06
0.156038,6.60194e-06
0.158752,7.02045e-06
0.161465,7.46351e-06
0.164179,7.93246e-06
0.166893,8.42873e-06
0.169607,8.9538e-06
0.17232,9.50925e-06
0.175034,1.00967e-05
0.177748,1.0718e-05
0.180461,1.13748e-05
0.183175,1.20691e-05
0.185889,1.28029e-05
0.188602,1.35783e-05
0.191316,1.43975e-05
0.19403,1.52628e-05
0.196744,1.61767e-05
0.199457,1.71417e-05
0.202171,1.81604e-05
0.204885,1.92357e-05
0.207598,2.03705e-05
0.210312,2.15678e-05
0.213026,2.2831e-05
0.215739,2.41633e-05
0.218453,2.55682e-05
0.221167,2.70495e-05
0.223881,2.86111e-05
0.226594,3.02569e-05
0.229308,3.19913e-05
0.232022,3.38185e-05
0.234735,3.57433e-05
0.237449,3.77705e-05
0.240163,3.99051e-05
0.242877,4.21525e-05
0.24559,4.45181e-05
0.248304,4.70076e-05
0.251018,4.96272e-05
0.253731,5.23831e-05
0.256445,5.52818e-05
0.259159,5.83303e-05
0.261872,6.15355e-05
0.264586,6.49051e-05
0.2673,6.84467e-05
0.270014,7.21685e-05
0.272727,7.60788e-05
0.275441,8.01866e-05
0.278155,8.45009e-05
0.280868,8.90314e-05
0.283582,9.37879e-05
0.286296,9.87808e-05
0.289009,0.000104021
0.291723,0.00010952
0.294437,0.000115288
0.297151,0.000121339
0.299864,0.000127685
0.302578,0.00013434
0.305292,0.000141315
0.308005,0.000148627
0.310719,0.00015629
0.313433,0.000164318
0.316147,0.000172729
0.31886,0.000181538
0.321574,0.000190764
0.324288,0.000200422
0.327001,0.000210533
0.329715,0.000221115
0.332429,0.000232189
0.335142,0.000243774
0.337856,0.000255893
0.34057,0.000268568
0.343284,0.000281821
0.345997,0.000295677
0.348711,0.00031016
0.351425,0.000325296
0.354138,0.000341111
0.356852,0.000357634
0.359566,0.000374891
0.36228,0.000392913
0.364993,0.000411731
0.367707,0.000431375
0.370421,0.000451878
0.373134,0.000473274
0.375848,0.000495597
0.378562,0.000518883
0.381275,0.000543171
0.383989,0.000568497
0.386703,0.000594901
0.389417,0.000622425
0.39213,0.00065111
0.394844,0.000681
0.397558,0.00071214
0.400271,0.000744576
0.402985,0.000778356
0.405699,0.000813529
0.408412,0.000850145
0.411126,0.000888258
0.41384,0.00092792
0.416554,0.000969188
0.419267,0.00101212
0.421981,0.00105677
0.424695,0.0011032
0.427408,0.00115148
0.430122,0.00120166
0.432836,0.00125382
0.43555,0.00130802
0.438263,0.00136432
0.440977,0.00142281
0.443691,0.00148356
0.446404,0.00154664
0.449118,0.00161212
0.451832,0.00168009
0.454545,0.00175063
0.457259,0.00182383
0.459973,0.00189976
0.462687,0.00197852
0.4654,0.00206019
0.468114,0.00214487
0.470828,0.00223266
0.473541,0.00232365
0.476255,0.00241793
0.478969,0.00251562
0.481682,0.00261682
0.484396,0.00272162
0.48711,0.00283015
0.489824,0.00294251
0.492537,0.00305881
0.495251,0.00317918
0.497965,0.00330373
0.500678,0.00343258
0.503392,0.00356586
0.506106,0.0037037
0.50882,0.00384622
0.511533,0.00399355
0.514247,0.00414584
0.516961,0.00430321
0.519674,0.00446581
0.522388,0.00463378
0.525102,0.00480726
0.527815,0.00498641
0.530529,0.00517138
0.533243,0.00536231
0.535957,0.00555937
0.53867,0.00576271
0.541384,0.0059725
0.544098,0.00618889
0.546811,0.00641207
0.549525,0.00664219
0.552239,0.00687943
0.554953,0.00712396
0.557666,0.00737597
0.56038,0.00763563
0.563094,0.00790313
0.565807,0.00817865
0.568521,0.00846238
0.571235,0.00875451
0.573948,0.00905523
0.576662,0.00936475
0.579376,0.00968326
0.58209,0.010011
0.584803,0.010348
0.587517,0.0106947
0.590231,0.0110512
0.592944,0.0114177
0.595658,0.0117945
0.598372,0.0121816
0.601085,0.0125795
0.603799,0.0129882
0.606513,0.013408
0.609227,0.0138391
0.61194,0.0142818
0.614654,0.0147362
0.617368,0.0152027
0.620081,0.0156813
0.622795,0.0161724
0.625509,0.0166762
0.628223,0.0171929
0.630936,0.0177228
0.63365,0.018266
0.636364,0.0188228
0.639077,0.0193936
0.641791,0.0199784
0.644505,0.0205775
0.647218,0.0211912
0.649932,0.0218197
0.652646,0.0224633
0.65536,0.0231221
0.658073,0.0237965
0.660787,0.0244866
0.663501,0.0251927
0.666214,0.0259151
0.668928,0.026654
0.671642,0.0274095
0.674355,0.028182
0.677069,0.0289717
0.679783,0.0297788
0.682497,0.0306036
0.68521,0.0314462
0.687924,0.032307
0.690638,0.0331861
0.693351,0.0340837
0.696065,0.0350002
0.698779,0.0359356
0.701493,0.0368903
0.704206,0.0378644
0.70692,0.0388582
0.709634,0.0398718
0.712347,0.0409055
0.715061,0.0419595
0.717775,0.0430339
0.720488,0.044129
0.723202,0.045245
0.725916,0.046382
0.72863,0.0475403
0.731343,0.04872
0.734057,0.0499212
0.736771,0.0511443
0.739484,0.0523892
0.742198,0.0536562
0.744912,0.0549455
0.747626,0.0562571
0.750339,0.0575913
0.753053,0.0589481
0.755767,0.0603278
0.75848,0.0617303
0.761194,0.0631559
0.763908,0.0646047
0.766621,0.0660767
0.769335,0.067572
0.772049,0.0690908
0.774763,0.0706332
0.777476,0.0721991
0.78019,0.0737887
0.782904,0.0754021
0.785617,0.0770392
0.788331,0.0787002
0.791045,0.080385
0.793758,0.0820937
0.796472,0.0838264
0.799186,0.0855829
0.8019,0.0873634
0.804613,0.0891679
0.807327,0.0909962
0.810041,0.0928484
0.812754,0.0947245
0.815468,0.0966244
0.818182,0.098548
0.820896,0.100495
0.823609,0.102466
0.826323,0.104461
0.829037,0.106479
0.83175,0.10852
0.834464,0.110585
0.837178,0.112672
0.839891,0.114783
0.842605,0.116917
0.845319,0.119073
0.848033,0.121252
0.850746,0.123453
0.85346,0.125676
0.856174,0.127922
0.858887,0.130189
0.861601,0.132477
0.864315,0.134788
0.867028,0.137119
0.869742,0.139471
0.872456,0.141844
0.87517,0.144237
0.877883,0.146651
0.880597,0.149084
0.883311,0.151537
0.886024,0.154009
0.888738,0.1565
0.891452,0.15901
0.894166,0.161538
0.896879,0.164084
0.899593,0.166647
0.902307,0.169228
0.90502,0.171826
0.907734,0.17444
0.910448,0.177071
0.913161,0.179717
0.915875,0.182379
0.918589,0.185056
0.921303,0.187747
0.924016,0.190453
0.92673,0.193172
0.929444,0.195904
0.932157,0.19865
0.934871,0.201407
0.937585,0.204177
0.940299,0.206958
0.943012,0.209751
0.945726,0.212553
0.94844,0.215366
0.951153,0.218189
0.953867,0.22102
0.956581,0.223861
0.959294,0.226709
0.962008,0.229565
0.964722,0.232428
0.967436,0.235298
0.970149,0.238173
0.972863,0.241055
0.975577,0.243941
0.97829,0.246832
0.981004,0.249727
0.983718,0.252625
0.986431,0.255526
0.989145,0.25843
0.991859,0.261335
0.994573,0.264242
0.997286,0.26715
1,0.270058
1.00271,0.272965
1.00543,0.275872
1.00814,0.278778
1.01085,0.281682
1.01357,0.284583
1.01628,0.287481
1.019,0.290376
1.02171,0.293267
1.02442,0.296153
1.02714,0.299034
1.02985,0.30191
1.03256,0.30478
1.03528,0.307643
1.03799,0.310499
1.04071,0.313347
1.04342,0.316187
1.04613,0.319019
1.04885,0.321841
1.05156,0.324654
1.05427,0.327457
1.05699,0.330249
1.0597,0.333031
1.06242,0.3358
1.06513,0.338558
1.06784,0.341303
1.07056,0.344036
1.07327,0.346755
1.07598,0.349461
1.0787,0.352152
1.08141,0.354829
1.08412,0.35749
1.08684,0.360137
1.08955,0.362767
1.09227,0.365382
1.09498,0.36798
1.09769,0.37056
1.10041,0.373124
1.10312,0.37567
1.10583,0.378198
1.10855,0.380708
1.11126,0.383199
1.11398,0.385671
1.11669,0.388124
1.1194,0.390557
1.12212,0.39297
1.12483,0.395364
1.12754,0.397737
1.13026,0.400089
1.13297,0.40242
1.13569,0.40473
1.1384,0.407019
1.14111,0.409286
1.14383,0.411532
1.14654,0.413755
1.14925,0.415956
1.15197,0.418135
1.15468,0.420291
1.15739,0.422425
1.16011,0.424535
1.16282,0.426623
1.16554,0.428688
1.16825,0.430729
1.17096,0.432747
1.17368,0.434741
1.17639,0.436712
1.1791,0.43866
1.18182,0.440583
1.18453,0.442483
1.18725,0.444359
1.18996,0.446211
1.19267,0.44804
1.19539,0.449844
1.1981,0.451625
1.20081,0.453381
1.20353,0.455114
1.20624,0.456823
1.20896,0.458508
1.21167,0.460168
1.21438,0.461806
1.2171,0.463419
1.21981,0.465009
1.22252,0.466574
1.22524,0.468117
1.22795,0.469636
1.23066,0.471131
1.23338,0.472603
1.23609,0.474052
1.23881,0.475477
1.24152,0.47688
1.24423,0.47826
1.24695,0.479616
1.24966,0.480951
1.25237,0.482262
1.25509,0.483551
1.2578,0.484818
1.26052,0.486063
1.26323,0.487286
1.26594,0.488488
1.26866,0.489667
1.27137,0.490826
1.27408,0.491963
1.2768,0.493079
1.27951,0.494174
1.28223,0.495248
1.28494,0.496302
1.28765,0.497336
1.29037,0.498349
1.29308,0.499343
1.29579,0.500317
1.29851,0.501272
1.30122,0.502207
1.30393,0.503124
1.30665,0.504022
1.30936,0.504901
1.31208,0.505761
1.31479,0.506604
1.3175,0.507429
1.32022,0.508236
1.32293,0.509026
1.32564,0.509798
1.32836,0.510554
1.33107,0.511293
1.33379,0.512015
1.3365,0.512721
1.33921,0.513411
1.34193,0.514086
1.34464,0.514744
1.34735,0.515388
1.35007,0.516016
1.35278,0.51663
1.3555,0.517229
1.35821,0.517814
1.36092,0.518385
1.36364,0.518942
1.36635,0.519485
1.36906,0.520015
1.37178,0.520531
1.37449,0.521035
1.3772,0.521526
1.37992,0.522005
1.38263,0.522471
1.38535,0.522926
1.38806,0.523369
1.39077,0.5238
1.39349,0.524219
1.3962,0.524628
1.39891,0.525026
1.40163,0.525413
1.40434,0.52579
1.40706,0.526156
1.40977,0.526513
1.41248,0.52686
1.4152,0.527197
1.41791,0.527524
1.42062,0.527843
1.42334,0.528152
1.42605,0.528453
1.42877,0.528745
1.43148,0.529029
1.43419,0.529305
1.43691,0.529572
1.43962,0.529832
1.44233,0.530084
1.44505,0.530328
1.44776,0.530565
1.45047,0.530796
1.45319,0.531019
1.4559,0.531235
1.45862,0.531445
1.46133,0.531648
1.46404,0.531845
1.46676,0.532036
1.46947,0.532221
1.47218,0.5324
1.4749,0.532574
1.47761,0.532742
1.48033,0.532904
1.48304,0.533062
1.48575,0.533214
1.48847,0.533361
1.49118,0.533504
1.49389,0.533642
1.49661,0.533775
1.49932,0.533904
1.50204,0.534028
1.50475,0.534149
1.50746,0.534265
1.51018,0.534378
1.51289,0.534486
1.5156,0.534591
1.51832,0.534692
1.52103,0.53479
1.52374,0.534884
1.52646,0.534975
1.52917,0.535063
1.53189,0.535147
1.5346,0.535229
1.53731,0.535308
1.54003,0.535384
1.54274,0.535457
1.54545,0.535528
1.54817,0.535596
1.55088,0.535661
1.5536,0.535724
1.55631,0.535785
1.55902,0.535843
1.56174,0.5359
1.56445,0.535954
1.56716,0.536006
1.56988,0.536056
1.57259,0.536104
1.57531,0.536151
1.57802,0.536196
1.58073,0.536238
1.58345,0.53628
1.58616,0.536319
1.58887,0.536358
1.59159,0.536394
1.5943,0.536429
1.59701,0.536463
1.59973,0.536496
1.60244,0.536527
1.60516,0.536557
1.60787,0.536585
1.61058,0.536613
1.6133,0.536639
1.61601,0.536664
1.61872,0.536689
1.62144,0.536712
1.62415,0.536734
1.62687,0.536756
1.62958,0.536776
1.63229,0.536796
1.63501,0.536815
1.63772,0.536833
1.64043,0.53685
1.64315,0.536867
1.64586,0.536882
1.64858,0.536898
1.65129,0.536912
1.654,0.536926
1.65672,0.536939
1.65943,0.536952
1.66214,0.536964
1.66486,0.536975
1.66757,0.536987
1.67028,0.536997
1.673,0.537007
1.67571,0.537017
1.67843,0.537026
1.68114,0.537035
1.68385,0.537043
1.68657,0.537051
1.68928,0.537059
1.69199,0.537066
1.69471,0.537073
1.69742,0.53708
1.70014,0.537086
1.70285,0.537092
1.70556,0.537098
1.70828,0.537104
1.71099,0.537109
1.7137,0.537114
1.71642,0.537119
1.71913,0.537123
1.72185,0.537127
1.72456,0.537132
1.72727,0.537135
1.72999,0.537139
1.7327,0.537143
1.73541,0.537146
1.73813,0.537149
1.74084,0.537152
1.74355,0.537155
1.74627,0.537158
1.74898,0.537161
1.7517,0.537163
1.75441,0.537166
1.75712,0.537168
1.75984,0.53717
1.76255,0.537172
1.76526,0.537174
1.76798,0.537176
1.77069,0.537177
1.77341,0.537179
1.77612,0.537181
1.77883,0.537182
1.78155,0.537184
1.78426,0.537185
1.78697,0.537186
1.78969,0.537187
1.7924,0.537188
1.79512,0.53719
1.79783,0.537191
1.80054,0.537191
1.80326,0.537192
1.80597,0.537193
1.80868,0.537194
1.8114,0.537195
1.81411,0.537196
1.81682,0.537196
1.81954,0.537197
1.82225,0.537198
1.82497,0.537198
1.82768,0.537199
1.83039,0.537199
1.83311,0.5372
1.83582,0.5372
1.83853,0.537201
1.84125,0.537201
1.84396,0.537201
1.84668,0.537202
1.84939,0.537202
1.8521,0.537203
1.85482,0.537203
1.85753,0.537203
1.86024,0.537203
1.86296,0.537204
1.86567,0.537204
1.86839,0.537204
1.8711,0.537204
1.87381,0.537205
1.87653,0.537205
1.87924,0.537205
1.88195,0.537205
1.88467,0.537205
1.88738,0.537205
1.89009,0.537206
1.89281,0.537206
1.89552,0.537206
1.89824,0.537206
1.90095,0.537206
1.90366,0.537206
1.90638,0.537206
1.90909,0.537206
1.9118,0.537206
1.91452,0.537207
1.91723,0.537207
1.91995,0.537207
1.92266,0.537207
1.92537,0.537207
1.92809,0.537207
1.9308,0.537207
1.93351,0.537207
1.93623,0.537207
1.93894,0.537207
1.94166,0.537207
1.94437,0.537207
1.94708,0.537207
1.9498,0.537207
1.95251,0.537207
1.95522,0.537207
1.95794,0.537207
1.96065,0.537207
1.96336,0.537207
1.96608,0.537207
1.96879,0.537208
1.97151,0.537208
1.97422,0.537208
1.97693,0.537208
1.97965,0.537208
1.98236,0.537208
1.98507,0.537208
1.98779,0.537208
1.9905,0.537208
1.99322,0.537208
1.99593,0.537208
1.99864,0.537208
