0.0020284,0
0.00608519,1.88535e-08
0.010142,3.97023e-08
0.0141988,6.27481e-08
0.0182556,8.82119e-08
0.0223124,1.16336e-07
0.0263692,1.47385e-07
0.030426,1.81649e-07
0.0344828,2.19447e-07
0.0385396,2.61124e-07
0.0425963,3.07061e-07
0.0466531,3.57671e-07
0.0507099,4.13408e-07
0.0547667,4.74765e-07
0.0588235,5.42281e-07
0.0628803,6.16544e-07
0.0669371,6.98195e-07
0.0709939,7.87932e-07
0.0750507,8.86514e-07
0.0791075,9.9477e-07
0.0831643,1.1136e-06
0.0872211,1.24398e-06
0.0912779,1.38698e-06
0.0953347,1.54375e-06
0.0993915,1.71555e-06
0.103448,1.90375e-06
0.107505,2.10981e-06
0.111562,2.33535e-06
0.115619,2.58211e-06
0.119675,2.85197e-06
0.123732,3.14696e-06
0.127789,3.46931e-06
0.131846,3.8214e-06
0.135903,4.20582e-06
0.139959,4.62536e-06
0.144016,5.08305e-06
0.148073,5.58214e-06
0.15213,6.12616e-06
0.156187,6.71891e-06
0.160243,7.36448e-06
0.1643,8.06731e-06
0.168357,8.83214e-06
0.172414,9.66411e-06
0.176471,1.05687e-05
0.180527,1.1552e-05
0.184584,1.26202e-05
0.188641,1.37803e-05
0.192698,1.50396e-05
0.196755,1.64061e-05
0.200811,1.78882e-05
0.204868,1.94952e-05
0.208925,2.12367e-05
0.212982,2.31234e-05
0.217039,2.51664e-05
0.221095,2.73778e-05
0.225152,2.97705e-05
0.229209,3.23582e-05
0.233266,3.51558e-05
0.237323,3.8179e-05
0.241379,4.14447e-05
0.245436,4.49708e-05
0.249493,4.87765e-05
0.25355,5.28824e-05
0.257606,5.73104e-05
0.261663,6.20835e-05
0.26572,6.72268e-05
0.269777,7.27666e-05
0.273834,7.8731e-05
0.27789,8.51499e-05
0.281947,9.20552e-05
0.286004,9.94805e-05
0.290061,0.000107462
0.294118,0.000116037
0.298174,0.000125247
0.302231,0.000135135
0.306288,0.000145745
0.310345,0.000157126
0.314402,0.00016933
0.318458,0.000182409
0.322515,0.000196422
0.326572,0.000211428
0.330629,0.000227492
0.334686,0.00024468
0.338742,0.000263065
0.342799,0.00028272
0.346856,0.000303726
0.350913,0.000326166
0.35497,0.000350129
0.359026,0.000375705
0.363083,0.000402995
0.36714,0.000432099
0.371197,0.000463126
0.375254,0.000496189
0.37931,0.000531408
0.383367,0.000568908
0.387424,0.000608819
0.391481,0.00065128
0.395538,0.000696434
0.399594,0.000744434
0.403651,0.000795436
0.407708,0.000849608
0.411765,0.000907121
0.415822,0.000968158
0.419878,0.00103291
0.423935,0.00110156
0.427992,0.00117434
0.432049,0.00125144
0.436105,0.0013331
0.440162,0.00141955
0.444219,0.00151103
0.448276,0.0016078
0.452333,0.00171011
0.456389,0.00181824
0.460446,0.00193248
0.464503,0.00205313
0.46856,0.00218047
0.472617,0.00231484
0.476673,0.00245657
0.48073,0.00260599
0.484787,0.00276346
0.488844,0.00292934
0.492901,0.00310401
0.496957,0.00328786
0.501014,0.0034813
0.505071,0.00368473
0.509128,0.0038986
0.513185,0.00412333
0.517241,0.00435939
0.521298,0.00460724
0.525355,0.00486737
0.529412,0.00514027
0.533469,0.00542645
0.537525,0.00572644
0.541582,0.00604077
0.545639,0.00636999
0.549696,0.00671467
0.553753,0.00707538
0.557809,0.00745271
0.561866,0.00784726
0.565923,0.00825966
0.56998,0.00869053
0.574037,0.00914052
0.578093,0.00961027
0.58215,0.0101005
0.586207,0.0106118
0.590264,0.0111449
0.59432,0.0117005
0.598377,0.0122793
0.602434,0.0128821
0.606491,0.0135096
0.610548,0.0141624
0.614604,0.0148414
0.618661,0.0155474
0.622718,0.016281
0.626775,0.0170431
0.630832,0.0178344
0.634888,0.0186558
0.638945,0.0195079
0.643002,0.0203917
0.647059,0.0213079
0.651116,0.0222572
0.655172,0.0232405
0.659229,0.0242587
0.663286,0.0253124
0.667343,0.0264025
0.6714,0.0275297
0.675456,0.028695
0.679513,0.0298989
0.68357,0.0311424
0.687627,0.0324262
0.691684,0.033751
0.69574,0.0351177
0.699797,0.0365268
0.703854,0.0379793
0.707911,0.0394757
0.711968,0.0410168
0.716024,0.0426032
0.720081,0.0442357
0.724138,0.0459148
0.728195,0.0476412
0.732252,0.0494155
0.736308,0.0512383
0.740365,0.0531101
0.744422,0.0550314
0.748479,0.0570028
0.752535,0.0590247
0.756592,0.0610976
0.760649,0.0632218
0.764706,0.0653978
0.768763,0.0676259
0.772819,0.0699063
0.776876,0.0722395
0.780933,0.0746256
0.78499,0.0770647
0.789047,0.0795572
0.793103,0.082103
0.79716,0.0847022
0.801217,0.0873549
0.805274,0.0900611
0.809331,0.0928207
0.813387,0.0956336
0.817444,0.0984997
0.821501,0.101419
0.825558,0.10439
0.829615,0.107415
0.833671,0.110491
0.837728,0.113619
0.841785,0.116798
0.845842,0.120028
0.849899,0.123308
0.853955,0.126638
0.858012,0.130017
0.862069,0.133444
0.866126,0.136918
0.870183,0.14044
0.874239,0.144007
0.878296,0.14762
0.882353,0.151276
0.88641,0.154976
0.890467,0.158718
0.894523,0.1625
0.89858,0.166323
0.902637,0.170184
0.906694,0.174083
0.910751,0.178018
0.914807,0.181989
0.918864,0.185992
0.922921,0.190028
0.926978,0.194095
0.931034,0.198191
0.935091,0.202316
0.939148,0.206466
0.943205,0.210641
0.947262,0.21484
0.951318,0.21906
0.955375,0.223301
0.959432,0.227559
0.963489,0.231835
0.967546,0.236125
0.971602,0.240428
0.975659,0.244744
0.979716,0.249068
0.983773,0.253401
0.98783,0.25774
0.991886,0.262084
0.995943,0.26643
1,0.270777
1.00406,0.275124
1.00811,0.279467
1.01217,0.283806
1.01623,0.288139
1.02028,0.292464
1.02434,0.296779
1.0284,0.301083
1.03245,0.305373
1.03651,0.309648
1.04057,0.313907
1.04462,0.318147
1.04868,0.322368
1.05274,0.326566
1.0568,0.330742
1.06085,0.334892
1.06491,0.339016
1.06897,0.343112
1.07302,0.347179
1.07708,0.351215
1.08114,0.355219
1.08519,0.359189
1.08925,0.363124
1.09331,0.367023
1.09736,0.370885
1.10142,0.374707
1.10548,0.37849
1.10953,0.382232
1.11359,0.385932
1.11765,0.389588
1.1217,0.3932
1.12576,0.396768
1.12982,0.400289
1.13387,0.403764
1.13793,0.407191
1.14199,0.41057
1.14604,0.4139
1.1501,0.41718
1.15416,0.42041
1.15822,0.423589
1.16227,0.426717
1.16633,0.429793
1.17039,0.432817
1.17444,0.435789
1.1785,0.438708
1.18256,0.441574
1.18661,0.444387
1.19067,0.447147
1.19473,0.449853
1.19878,0.452505
1.20284,0.455105
1.2069,0.457651
1.21095,0.460143
1.21501,0.462582
1.21907,0.464968
1.22312,0.467301
1.22718,0.469582
1.23124,0.47181
1.23529,0.473986
1.23935,0.47611
1.24341,0.478183
1.24746,0.480205
1.25152,0.482176
1.25558,0.484098
1.25963,0.485969
1.26369,0.487792
1.26775,0.489566
1.27181,0.491293
1.27586,0.492972
1.27992,0.494604
1.28398,0.496191
1.28803,0.497732
1.29209,0.499228
1.29615,0.500681
1.3002,0.50209
1.30426,0.503457
1.30832,0.504781
1.31237,0.506065
1.31643,0.507309
1.32049,0.508513
1.32454,0.509678
1.3286,0.510805
1.33266,0.511895
1.33671,0.512949
1.34077,0.513967
1.34483,0.51495
1.34888,0.5159
1.35294,0.516816
1.357,0.5177
1.36105,0.518552
1.36511,0.519373
1.36917,0.520165
1.37323,0.520927
1.37728,0.52166
1.38134,0.522366
1.3854,0.523045
1.38945,0.523698
1.39351,0.524326
1.39757,0.524928
1.40162,0.525507
1.40568,0.526063
1.40974,0.526596
1.41379,0.527107
1.41785,0.527597
1.42191,0.528067
1.42596,0.528517
1.43002,0.528948
1.43408,0.52936
1.43813,0.529755
1.44219,0.530132
1.44625,0.530493
1.4503,0.530838
1.45436,0.531167
1.45842,0.531481
1.46247,0.531781
1.46653,0.532067
1.47059,0.53234
1.47465,0.5326
1.4787,0.532848
1.48276,0.533084
1.48682,0.533309
1.49087,0.533523
1.49493,0.533726
1.49899,0.53392
1.50304,0.534104
1.5071,0.534278
1.51116,0.534444
1.51521,0.534602
1.51927,0.534751
1.52333,0.534893
1.52738,0.535027
1.53144,0.535155
1.5355,0.535275
1.53955,0.535389
1.54361,0.535498
1.54767,0.5356
1.55172,0.535697
1.55578,0.535788
1.55984,0.535875
1.56389,0.535956
1.56795,0.536033
1.57201,0.536106
1.57606,0.536175
1.58012,0.536239
1.58418,0.536301
1.58824,0.536358
1.59229,0.536412
1.59635,0.536463
1.60041,0.536511
1.60446,0.536556
1.60852,0.536599
1.61258,0.536639
1.61663,0.536676
1.62069,0.536711
1.62475,0.536745
1.6288,0.536776
1.63286,0.536805
1.63692,0.536832
1.64097,0.536858
1.64503,0.536881
1.64909,0.536904
1.65314,0.536925
1.6572,0.536945
1.66126,0.536963
1.66531,0.53698
1.66937,0.536996
1.67343,0.537011
1.67748,0.537025
1.68154,0.537038
1.6856,0.537051
1.68966,0.537062
1.69371,0.537073
1.69777,0.537082
1.70183,0.537092
1.70588,0.5371
1.70994,0.537108
1.714,0.537116
1.71805,0.537123
1.72211,0.537129
1.72617,0.537135
1.73022,0.53714
1.73428,0.537146
1.73834,0.53715
1.74239,0.537155
1.74645,0.537159
1.75051,0.537163
1.75456,0.537166
1.75862,0.537169
1.76268,0.537172
1.76673,0.537175
1.77079,0.537178
1.77485,0.53718
1.7789,0.537182
1.78296,0.537185
1.78702,0.537186
1.79108,0.537188
1.79513,0.53719
1.79919,0.537191
1.80325,0.537193
1.8073,0.537194
1.81136,0.537195
1.81542,0.537196
1.81947,0.537197
1.82353,0.537198
1.82759,0.537199
1.83164,0.5372
1.8357,0.5372
1.83976,0.537201
1.84381,0.537202
1.84787,0.537202
1.85193,0.537203
1.85598,0.537203
1.86004,0.537203
1.8641,0.537204
1.86815,0.537204
1.87221,0.537205
1.87627,0.537205
1.88032,0.537205
1.88438,0.537205
1.88844,0.537206
1.89249,0.537206
1.89655,0.537206
1.90061,0.537206
1.90467,0.537206
1.90872,0.537206
1.91278,0.537207
1.91684,0.537207
1.92089,0.537207
1.92495,0.537207
1.92901,0.537207
1.93306,0.537207
1.93712,0.537207
1.94118,0.537207
1.94523,0.537207
1.94929,0.537207
1.95335,0.537207
1.9574,0.537207
1.96146,0.537207
1.96552,0.537207
1.96957,0.537208
1.97363,0.537208
1.97769,0.537208
1.98174,0.537208
1.9858,0.537208
1.98986,0.537208
1.99391,0.537208
1.99797,0.537208
