0.00113379,0
0.00340136,9.85757e-09
0.00566893,2.02874e-08
0.00793651,3.13214e-08
0.0102041,4.29929e-08
0.0124717,5.53372e-08
0.0147392,6.83915e-08
0.0170068,8.21947e-08
0.0192744,9.67881e-08
0.021542,1.12215e-07
0.0238095,1.2852e-07
0.0260771,1.45752e-07
0.0283447,1.63962e-07
0.0306122,1.83201e-07
0.0328798,2.03525e-07
0.0351474,2.24994e-07
0.037415,2.47668e-07
0.0396825,2.71612e-07
0.0419501,2.96895e-07
0.0442177,3.23586e-07
0.0464853,3.51762e-07
0.0487528,3.81501e-07
0.0510204,4.12886e-07
0.053288,4.46003e-07
0.0555556,4.80944e-07
0.0578231,5.17805e-07
0.0600907,5.56685e-07
0.0623583,5.9769e-07
0.0646259,6.40931e-07
0.0668934,6.86524e-07
0.069161,7.3459e-07
0.0714286,7.85258e-07
0.0736961,8.38661e-07
0.0759637,8.9494e-07
0.0782313,9.54241e-07
0.0804989,1.01672e-06
0.0827664,1.08254e-06
0.085034,1.15186e-06
0.0873016,1.22487e-06
0.0895692,1.30176e-06
0.0918367,1.38271e-06
0.0941043,1.46793e-06
0.0963719,1.55764e-06
0.0986395,1.65206e-06
0.100907,1.75141e-06
0.103175,1.85596e-06
0.105442,1.96596e-06
0.10771,2.08167e-06
0.109977,2.20337e-06
0.112245,2.33137e-06
0.114512,2.46596e-06
0.11678,2.60747e-06
0.119048,2.75624e-06
0.121315,2.91261e-06
0.123583,3.07697e-06
0.12585,3.24968e-06
0.128118,3.43115e-06
0.130385,3.62181e-06
0.132653,3.82209e-06
0.134921,4.03245e-06
0.137188,4.25337e-06
0.139456,4.48535e-06
0.141723,4.72891e-06
0.143991,4.9846e-06
0.146259,5.25298e-06
0.148526,5.53466e-06
0.150794,5.83024e-06
0.153061,6.14039e-06
0.155329,6.46576e-06
0.157596,6.80708e-06
0.159864,7.16506e-06
0.162132,7.54049e-06
0.164399,7.93415e-06
0.166667,8.34688e-06
0.168934,8.77954e-06
0.171202,9.23306e-06
0.173469,9.70835e-06
0.175737,1.02064e-05
0.178005,1.07283e-05
0.180272,1.1275e-05
0.18254,1.18477e-05
0.184807,1.24475e-05
0.187075,1.30756e-05
0.189342,1.37333e-05
0.19161,1.44219e-05
0.193878,1.51428e-05
0.196145,1.58973e-05
0.198413,1.66869e-05
0.20068,1.75132e-05
0.202948,1.83778e-05
0.205215,1.92822e-05
0.207483,2.02283e-05
0.209751,2.12178e-05
0.212018,2.22525e-05
0.214286,2.33344e-05
0.216553,2.44656e-05
0.218821,2.5648e-05
0.221088,2.68839e-05
0.223356,2.81756e-05
0.225624,2.95252e-05
0.227891,3.09354e-05
0.230159,3.24085e-05
0.232426,3.39473e-05
0.234694,3.55544e-05
0.236961,3.72326e-05
0.239229,3.89849e-05
0.241497,4.08144e-05
0.243764,4.27241e-05
0.246032,4.47173e-05
0.248299,4.67974e-05
0.250567,4.89679e-05
0.252834,5.12325e-05
0.255102,5.35949e-05
0.25737,5.6059e-05
0.259637,5.8629e-05
0.261905,6.13089e-05
0.264172,6.41032e-05
0.26644,6.70162e-05
0.268707,7.00528e-05
0.270975,7.32178e-05
0.273243,7.6516e-05
0.27551,7.99528e-05
0.277778,8.35334e-05
0.280045,8.72634e-05
0.282313,9.11485e-05
0.28458,9.51947e-05
0.286848,9.94082e-05
0.289116,0.000103795
0.291383,0.000108362
0.293651,0.000113116
0.295918,0.000118064
0.298186,0.000123213
0.300454,0.000128571
0.302721,0.000134145
0.304989,0.000139943
0.307256,0.000145974
0.309524,0.000152246
0.311791,0.000158769
0.314059,0.00016555
0.316327,0.0001726
0.318594,0.000179927
0.320862,0.000187543
0.323129,0.000195457
0.325397,0.000203681
0.327664,0.000212224
0.329932,0.000221099
0.3322,0.000230317
0.334467,0.000239889
0.336735,0.000249829
0.339002,0.00026015
0.34127,0.000270864
0.343537,0.000281984
0.345805,0.000293526
0.348073,0.000305503
0.35034,0.00031793
0.352608,0.000330822
0.354875,0.000344196
0.357143,0.000358066
0.35941,0.000372451
0.361678,0.000387366
0.363946,0.000402831
0.366213,0.000418862
0.368481,0.000435478
0.370748,0.000452699
0.373016,0.000470544
0.375283,0.000489034
0.377551,0.000508189
0.379819,0.00052803
0.382086,0.000548581
0.384354,0.000569862
0.386621,0.000591898
0.388889,0.000614712
0.391156,0.000638329
0.393424,0.000662774
0.395692,0.000688072
0.397959,0.000714251
0.400227,0.000741336
0.402494,0.000769357
0.404762,0.00079834
0.407029,0.000828317
0.409297,0.000859317
0.411565,0.00089137
0.413832,0.000924508
0.4161,0.000958763
0.418367,0.00099417
0.420635,0.00103076
0.422902,0.00106857
0.42517,0.00110764
0.427438,0.00114799
0.429705,0.00118968
0.431973,0.00123273
0.43424,0.00127719
0.436508,0.00132309
0.438776,0.00137048
0.441043,0.0014194
0.443311,0.00146989
0.445578,0.001522
0.447846,0.00157577
0.450113,0.00163124
0.452381,0.00168847
0.454649,0.00174749
0.456916,0.00180837
0.459184,0.00187115
0.461451,0.00193587
0.463719,0.0020026
0.465986,0.00207138
0.468254,0.00214228
0.470522,0.00221533
0.472789,0.00229061
0.475057,0.00236817
0.477324,0.00244807
0.479592,0.00253036
0.481859,0.00261511
0.484127,0.00270238
0.486395,0.00279224
0.488662,0.00288475
0.49093,0.00297997
0.493197,0.00307797
0.495465,0.00317882
0.497732,0.00328259
0.5,0.00338935
0.502268,0.00349917
0.504535,0.00361213
0.506803,0.0037283
0.50907,0.00384776
0.511338,0.00397058
0.513605,0.00409684
0.515873,0.00422662
0.518141,0.00436001
0.520408,0.00449708
0.522676,0.00463791
0.524943,0.00478261
0.527211,0.00493124
0.529478,0.0050839
0.531746,0.00524068
0.534014,0.00540166
0.536281,0.00556694
0.538549,0.00573662
0.540816,0.00591078
0.543084,0.00608952
0.545351,0.00627294
0.547619,0.00646114
0.549887,0.00665421
0.552154,0.00685226
0.554422,0.00705539
0.556689,0.0072637
0.558957,0.0074773
0.561224,0.0076963
0.563492,0.00792079
0.56576,0.0081509
0.568027,0.00838672
0.570295,0.00862838
0.572562,0.00887598
0.57483,0.00912963
0.577098,0.00938946
0.579365,0.00965557
0.581633,0.00992809
0.5839,0.0102071
0.586168,0.0104928
0.588435,0.0107853
0.590703,0.0110846
0.592971,0.0113909
0.595238,0.0117044
0.597506,0.0120251
0.599773,0.0123532
0.602041,0.0126888
0.604308,0.0130321
0.606576,0.0133831
0.608844,0.013742
0.611111,0.0141089
0.613379,0.014484
0.615646,0.0148674
0.617914,0.0152591
0.620181,0.0156595
0.622449,0.0160685
0.624717,0.0164864
0.626984,0.0169132
0.629252,0.0173491
0.631519,0.0177942
0.633787,0.0182487
0.636054,0.0187127
0.638322,0.0191864
0.64059,0.0196698
0.642857,0.0201631
0.645125,0.0206665
0.647392,0.0211801
0.64966,0.0217041
0.651927,0.0222385
0.654195,0.0227835
0.656463,0.0233393
0.65873,0.0239059
0.660998,0.0244837
0.663265,0.0250725
0.665533,0.0256727
0.6678,0.0262844
0.670068,0.0269076
0.672336,0.0275425
0.674603,0.0281893
0.676871,0.0288482
0.679138,0.0295191
0.681406,0.0302023
0.683673,0.030898
0.685941,0.0316061
0.688209,0.032327
0.690476,0.0330606
0.692744,0.0338072
0.695011,0.0345669
0.697279,0.0353397
0.699546,0.0361259
0.701814,0.0369255
0.704082,0.0377388
0.706349,0.0385657
0.708617,0.0394064
0.710884,0.0402611
0.713152,0.0411299
0.71542,0.0420128
0.717687,0.0429101
0.719955,0.0438218
0.722222,0.044748
0.72449,0.0456888
0.726757,0.0466444
0.729025,0.0476148
0.731293,0.0486002
0.73356,0.0496007
0.735828,0.0506163
0.738095,0.0516472
0.740363,0.0526934
0.74263,0.0537551
0.744898,0.0548323
0.747166,0.0559252
0.749433,0.0570337
0.751701,0.058158
0.753968,0.0592982
0.756236,0.0604543
0.758503,0.0616265
0.760771,0.0628147
0.763039,0.0640191
0.765306,0.0652396
0.767574,0.0664765
0.769841,0.0677297
0.772109,0.0689992
0.774376,0.0702852
0.776644,0.0715876
0.778912,0.0729066
0.781179,0.0742421
0.783447,0.0755942
0.785714,0.0769629
0.787982,0.0783482
0.790249,0.0797502
0.792517,0.0811689
0.794785,0.0826043
0.797052,0.0840563
0.79932,0.0855251
0.801587,0.0870106
0.803855,0.0885128
0.806122,0.0900317
0.80839,0.0915673
0.810658,0.0931195
0.812925,0.0946884
0.815193,0.096274
0.81746,0.0978761
0.819728,0.0994948
0.821995,0.10113
0.824263,0.102782
0.826531,0.10445
0.828798,0.106134
0.831066,0.107835
0.833333,0.109552
0.835601,0.111285
0.837868,0.113035
0.840136,0.1148
0.842404,0.116582
0.844671,0.118379
0.846939,0.120192
0.849206,0.122021
0.851474,0.123865
0.853741,0.125725
0.856009,0.1276
0.858277,0.12949
0.860544,0.131396
0.862812,0.133316
0.865079,0.135251
0.867347,0.137201
0.869615,0.139166
0.871882,0.141145
0.87415,0.143139
0.876417,0.145146
0.878685,0.147168
0.880952,0.149203
0.88322,0.151252
0.885488,0.153315
0.887755,0.155391
0.890023,0.15748
0.89229,0.159581
0.894558,0.161696
0.896825,0.163823
0.899093,0.165963
0.901361,0.168114
0.903628,0.170278
0.905896,0.172453
0.908163,0.17464
0.910431,0.176838
0.912698,0.179047
0.914966,0.181267
0.917234,0.183497
0.919501,0.185738
0.921769,0.187989
0.924036,0.19025
0.926304,0.19252
0.928571,0.1948
0.930839,0.197089
0.933107,0.199386
0.935374,0.201693
0.937642,0.204007
0.939909,0.20633
0.942177,0.20866
0.944444,0.210998
0.946712,0.213343
0.94898,0.215695
0.951247,0.218054
0.953515,0.220419
0.955782,0.222791
0.95805,0.225168
0.960317,0.22755
0.962585,0.229938
0.964853,0.23233
0.96712,0.234728
0.969388,0.237129
0.971655,0.239535
0.973923,0.241944
0.97619,0.244357
0.978458,0.246773
0.980726,0.249191
0.982993,0.251612
0.985261,0.254036
0.987528,0.256461
0.989796,0.258888
0.992063,0.261316
0.994331,0.263744
0.996599,0.266174
0.998866,0.268604
1.00113,0.271034
1.0034,0.273463
1.00567,0.275892
1.00794,0.27832
1.0102,0.280747
1.01247,0.283172
1.01474,0.285595
1.01701,0.288016
1.01927,0.290435
1.02154,0.292851
1.02381,0.295263
1.02608,0.297673
1.02834,0.300078
1.03061,0.30248
1.03288,0.304877
1.03515,0.30727
1.03741,0.309658
1.03968,0.31204
1.04195,0.314417
1.04422,0.316788
1.04649,0.319153
1.04875,0.321512
1.05102,0.323864
1.05329,0.326209
1.05556,0.328547
1.05782,0.330878
1.06009,0.3332
1.06236,0.335515
1.06463,0.337821
1.06689,0.340119
1.06916,0.342408
1.07143,0.344688
1.0737,0.346958
1.07596,0.349219
1.07823,0.35147
1.0805,0.35371
1.08277,0.355941
1.08503,0.358161
1.0873,0.36037
1.08957,0.362568
1.09184,0.364755
1.0941,0.36693
1.09637,0.369093
1.09864,0.371245
1.10091,0.373384
1.10317,0.375512
1.10544,0.377626
1.10771,0.379728
1.10998,0.381817
1.11224,0.383893
1.11451,0.385955
1.11678,0.388004
1.11905,0.39004
1.12132,0.392061
1.12358,0.394069
1.12585,0.396062
1.12812,0.398041
1.13039,0.400006
1.13265,0.401956
1.13492,0.403892
1.13719,0.405812
1.13946,0.407718
1.14172,0.409608
1.14399,0.411483
1.14626,0.413343
1.14853,0.415187
1.15079,0.417016
1.15306,0.418829
1.15533,0.420626
1.1576,0.422407
1.15986,0.424173
1.16213,0.425922
1.1644,0.427656
1.16667,0.429373
1.16893,0.431073
1.1712,0.432758
1.17347,0.434426
1.17574,0.436078
1.178,0.437713
1.18027,0.439332
1.18254,0.440934
1.18481,0.442519
1.18707,0.444088
1.18934,0.44564
1.19161,0.447176
1.19388,0.448695
1.19615,0.450197
1.19841,0.451683
1.20068,0.453151
1.20295,0.454603
1.20522,0.456039
1.20748,0.457457
1.20975,0.458859
1.21202,0.460245
1.21429,0.461613
1.21655,0.462966
1.21882,0.464301
1.22109,0.46562
1.22336,0.466922
1.22562,0.468208
1.22789,0.469478
1.23016,0.470731
1.23243,0.471968
1.23469,0.473189
1.23696,0.474393
1.23923,0.475581
1.2415,0.476753
1.24376,0.477909
1.24603,0.47905
1.2483,0.480174
1.25057,0.481283
1.25283,0.482375
1.2551,0.483453
1.25737,0.484514
1.25964,0.48556
1.2619,0.486591
1.26417,0.487607
1.26644,0.488607
1.26871,0.489593
1.27098,0.490563
1.27324,0.491519
1.27551,0.49246
1.27778,0.493386
1.28005,0.494298
1.28231,0.495195
1.28458,0.496078
1.28685,0.496947
1.28912,0.497801
1.29138,0.498642
1.29365,0.499469
1.29592,0.500282
1.29819,0.501082
1.30045,0.501868
1.30272,0.502641
1.30499,0.5034
1.30726,0.504147
1.30952,0.504881
1.31179,0.505602
1.31406,0.50631
1.31633,0.507005
1.31859,0.507689
1.32086,0.50836
1.32313,0.509018
1.3254,0.509665
1.32766,0.5103
1.32993,0.510923
1.3322,0.511535
1.33447,0.512135
1.33673,0.512724
1.339,0.513302
1.34127,0.513868
1.34354,0.514424
1.3458,0.514969
1.34807,0.515504
1.35034,0.516028
1.35261,0.516541
1.35488,0.517045
1.35714,0.517538
1.35941,0.518021
1.36168,0.518495
1.36395,0.518959
1.36621,0.519413
1.36848,0.519859
1.37075,0.520294
1.37302,0.520721
1.37528,0.521139
1.37755,0.521548
1.37982,0.521949
1.38209,0.52234
1.38435,0.522724
1.38662,0.523099
1.38889,0.523466
1.39116,0.523825
1.39342,0.524176
1.39569,0.524519
1.39796,0.524854
1.40023,0.525183
1.40249,0.525503
1.40476,0.525817
1.40703,0.526123
1.4093,0.526422
1.41156,0.526715
1.41383,0.527001
1.4161,0.52728
1.41837,0.527552
1.42063,0.527818
1.4229,0.528078
1.42517,0.528332
1.42744,0.528579
1.42971,0.528821
1.43197,0.529057
1.43424,0.529287
1.43651,0.529511
1.43878,0.52973
1.44104,0.529944
1.44331,0.530152
1.44558,0.530355
1.44785,0.530553
1.45011,0.530747
1.45238,0.530935
1.45465,0.531118
1.45692,0.531297
1.45918,0.531471
1.46145,0.531641
1.46372,0.531806
1.46599,0.531967
1.46825,0.532124
1.47052,0.532276
1.47279,0.532425
1.47506,0.53257
1.47732,0.532711
1.47959,0.532848
1.48186,0.532981
1.48413,0.533111
1.48639,0.533237
1.48866,0.53336
1.49093,0.533479
1.4932,0.533596
1.49546,0.533708
1.49773,0.533818
1.5,0.533925
1.50227,0.534029
1.50454,0.53413
1.5068,0.534228
1.50907,0.534323
1.51134,0.534415
1.51361,0.534505
1.51587,0.534593
1.51814,0.534677
1.52041,0.53476
1.52268,0.534839
1.52494,0.534917
1.52721,0.534992
1.52948,0.535065
1.53175,0.535136
1.53401,0.535205
1.53628,0.535272
1.53855,0.535337
1.54082,0.535399
1.54308,0.53546
1.54535,0.535519
1.54762,0.535576
1.54989,0.535632
1.55215,0.535686
1.55442,0.535738
1.55669,0.535788
1.55896,0.535837
1.56122,0.535885
1.56349,0.53593
1.56576,0.535975
1.56803,0.536018
1.57029,0.53606
1.57256,0.5361
1.57483,0.536139
1.5771,0.536177
1.57937,0.536213
1.58163,0.536249
1.5839,0.536283
1.58617,0.536316
1.58844,0.536348
1.5907,0.536379
1.59297,0.536409
1.59524,0.536438
1.59751,0.536466
1.59977,0.536493
1.60204,0.53652
1.60431,0.536545
1.60658,0.536569
1.60884,0.536593
1.61111,0.536616
1.61338,0.536638
1.61565,0.536659
1.61791,0.53668
1.62018,0.536699
1.62245,0.536719
1.62472,0.536737
1.62698,0.536755
1.62925,0.536772
1.63152,0.536789
1.63379,0.536805
1.63605,0.53682
1.63832,0.536835
1.64059,0.53685
1.64286,0.536863
1.64512,0.536877
1.64739,0.53689
1.64966,0.536902
1.65193,0.536914
1.6542,0.536926
1.65646,0.536937
1.65873,0.536948
1.661,0.536958
1.66327,0.536968
1.66553,0.536977
1.6678,0.536987
1.67007,0.536995
1.67234,0.537004
1.6746,0.537012
1.67687,0.53702
1.67914,0.537028
1.68141,0.537035
1.68367,0.537042
1.68594,0.537049
1.68821,0.537055
1.69048,0.537062
1.69274,0.537068
1.69501,0.537074
1.69728,0.537079
1.69955,0.537084
1.70181,0.53709
1.70408,0.537095
1.70635,0.537099
1.70862,0.537104
1.71088,0.537108
1.71315,0.537112
1.71542,0.537117
1.71769,0.53712
1.71995,0.537124
1.72222,0.537128
1.72449,0.537131
1.72676,0.537134
1.72902,0.537138
1.73129,0.537141
1.73356,0.537144
1.73583,0.537146
1.7381,0.537149
1.74036,0.537152
1.74263,0.537154
1.7449,0.537156
1.74717,0.537159
1.74943,0.537161
1.7517,0.537163
1.75397,0.537165
1.75624,0.537167
1.7585,0.537169
1.76077,0.53717
1.76304,0.537172
1.76531,0.537174
1.76757,0.537175
1.76984,0.537177
1.77211,0.537178
1.77438,0.537179
1.77664,0.537181
1.77891,0.537182
1.78118,0.537183
1.78345,0.537184
1.78571,0.537185
1.78798,0.537186
1.79025,0.537187
1.79252,0.537188
1.79478,0.537189
1.79705,0.53719
1.79932,0.537191
1.80159,0.537192
1.80385,0.537193
1.80612,0.537193
1.80839,0.537194
1.81066,0.537195
1.81293,0.537195
1.81519,0.537196
1.81746,0.537196
1.81973,0.537197
1.822,0.537197
1.82426,0.537198
1.82653,0.537198
1.8288,0.537199
1.83107,0.537199
1.83333,0.5372
1.8356,0.5372
1.83787,0.537201
1.84014,0.537201
1.8424,0.537201
1.84467,0.537202
1.84694,0.537202
1.84921,0.537202
1.85147,0.537202
1.85374,0.537203
1.85601,0.537203
1.85828,0.537203
1.86054,0.537203
1.86281,0.537204
1.86508,0.537204
1.86735,0.537204
1.86961,0.537204
1.87188,0.537204
1.87415,0.537205
1.87642,0.537205
1.87868,0.537205
1.88095,0.537205
1.88322,0.537205
1.88549,0.537205
1.88776,0.537205
1.89002,0.537206
1.89229,0.537206
1.89456,0.537206
1.89683,0.537206
1.89909,0.537206
1.90136,0.537206
1.90363,0.537206
1.9059,0.537206
1.90816,0.537206
1.91043,0.537206
1.9127,0.537207
1.91497,0.537207
1.91723,0.537207
1.9195,0.537207
1.92177,0.537207
1.92404,0.537207
1.9263,0.537207
1.92857,0.537207
1.93084,0.537207
1.93311,0.537207
1.93537,0.537207
1.93764,0.537207
1.93991,0.537207
1.94218,0.537207
1.94444,0.537207
1.94671,0.537207
1.94898,0.537207
1.95125,0.537207
1.95351,0.537207
1.95578,0.537207
1.95805,0.537207
1.96032,0.537207
1.96259,0.537207
1.96485,0.537207
1.96712,0.537207
1.96939,0.537208
1.97166,0.537208
1.97392,0.537208
1.97619,0.537208
1.97846,0.537208
1.98073,0.537208
1.98299,0.537208
1.98526,0.537208
1.98753,0.537208
1.9898,0.537208
1.99206,0.537208
1.99433,0.537208
1.9966,0.537208
1.99887,0.537208
