0.00158983,0
0.00476948,1.43015e-08
0.00794913,2.97784e-08
0.0111288,4.65231e-08
0.0143084,6.46349e-08
0.0174881,8.42204e-08
0.0206677,1.05394e-07
0.0238474,1.28279e-07
0.027027,1.53008e-07
0.0302067,1.79721e-07
0.0333863,2.08572e-07
0.036566,2.39723e-07
0.0397456,2.73349e-07
0.0429253,3.09638e-07
0.0461049,3.48791e-07
0.0492846,3.91022e-07
0.0524642,4.36563e-07
0.0556439,4.8566e-07
0.0588235,5.38579e-07
0.0620032,5.956e-07
0.0651828,6.57029e-07
0.0683625,7.23187e-07
0.0715421,7.94423e-07
0.0747218,8.71104e-07
0.0779014,9.53628e-07
0.0810811,1.04242e-06
0.0842607,1.13792e-06
0.0874404,1.24063e-06
0.09062,1.35104e-06
0.0937997,1.46972e-06
0.0969793,1.59725e-06
0.100159,1.73425e-06
0.103339,1.88139e-06
0.106518,2.03938e-06
0.109698,2.20898e-06
0.112878,2.391e-06
0.116057,2.58628e-06
0.119237,2.79576e-06
0.122417,3.0204e-06
0.125596,3.26124e-06
0.128776,3.51939e-06
0.131955,3.79601e-06
0.135135,4.09235e-06
0.138315,4.40975e-06
0.141494,4.7496e-06
0.144674,5.11341e-06
0.147854,5.50276e-06
0.151033,5.91936e-06
0.154213,6.36498e-06
0.157393,6.84153e-06
0.160572,7.35102e-06
0.163752,7.89561e-06
0.166932,8.47756e-06
0.170111,9.09926e-06
0.173291,9.76328e-06
0.176471,1.04723e-05
0.17965,1.12292e-05
0.18283,1.2037e-05
0.18601,1.28989e-05
0.189189,1.38184e-05
0.192369,1.47989e-05
0.195548,1.58442e-05
0.198728,1.69585e-05
0.201908,1.81459e-05
0.205087,1.94109e-05
0.208267,2.07583e-05
0.211447,2.2193e-05
0.214626,2.37203e-05
0.217806,2.53458e-05
0.220986,2.70753e-05
0.224165,2.89151e-05
0.227345,3.08717e-05
0.230525,3.2952e-05
0.233704,3.51632e-05
0.236884,3.7513e-05
0.240064,4.00095e-05
0.243243,4.2661e-05
0.246423,4.54766e-05
0.249603,4.84657e-05
0.252782,5.1638e-05
0.255962,5.50041e-05
0.259141,5.85748e-05
0.262321,6.23616e-05
0.265501,6.63767e-05
0.26868,7.06325e-05
0.27186,7.51426e-05
0.27504,7.99208e-05
0.278219,8.49818e-05
0.281399,9.0341e-05
0.284579,9.60145e-05
0.287758,0.000102019
0.290938,0.000108373
0.294118,0.000115094
0.297297,0.000122203
0.300477,0.000129718
0.303657,0.000137663
0.306836,0.000146058
0.310016,0.000154929
0.313196,0.000164297
0.316375,0.000174191
0.319555,0.000184636
0.322734,0.000195659
0.325914,0.000207291
0.329094,0.000219562
0.332273,0.000232503
0.335453,0.000246148
0.338633,0.000260532
0.341812,0.000275689
0.344992,0.000291659
0.348172,0.000308481
0.351351,0.000326195
0.354531,0.000344843
0.357711,0.000364472
0.36089,0.000385125
0.36407,0.000406852
0.36725,0.000429703
0.370429,0.00045373
0.373609,0.000478987
0.376789,0.000505529
0.379968,0.000533416
0.383148,0.000562708
0.386328,0.000593469
0.389507,0.000625763
0.392687,0.000659659
0.395866,0.000695227
0.399046,0.000732539
0.402226,0.000771673
0.405405,0.000812706
0.408585,0.000855719
0.411765,0.000900797
0.414944,0.000948027
0.418124,0.000997499
0.421304,0.00104931
0.424483,0.00110355
0.427663,0.00116032
0.430843,0.00121972
0.434022,0.00128187
0.437202,0.00134687
0.440382,0.00141484
0.443561,0.00148589
0.446741,0.00156014
0.449921,0.00163772
0.4531,0.00171876
0.45628,0.00180338
0.459459,0.00189174
0.462639,0.00198396
0.465819,0.00208019
0.468998,0.00218059
0.472178,0.0022853
0.475358,0.00239448
0.478537,0.0025083
0.481717,0.00262693
0.484897,0.00275052
0.488076,0.00287927
0.491256,0.00301334
0.494436,0.00315293
0.497615,0.00329823
0.500795,0.00344943
0.503975,0.00360672
0.507154,0.00377033
0.510334,0.00394044
0.513514,0.00411729
0.516693,0.00430109
0.519873,0.00449206
0.523052,0.00469044
0.526232,0.00489646
0.529412,0.00511035
0.532591,0.00533237
0.535771,0.00556277
0.538951,0.0058018
0.54213,0.00604971
0.54531,0.00630679
0.54849,0.00657329
0.551669,0.0068495
0.554849,0.00713569
0.558029,0.00743215
0.561208,0.00773918
0.564388,0.00805706
0.567568,0.0083861
0.570747,0.00872661
0.573927,0.00907889
0.577107,0.00944326
0.580286,0.00982004
0.583466,0.0102096
0.586645,0.0106121
0.589825,0.0110281
0.593005,0.0114578
0.596184,0.0119016
0.599364,0.0123598
0.602544,0.0128327
0.605723,0.0133208
0.608903,0.0138244
0.612083,0.0143438
0.615262,0.0148793
0.618442,0.0154315
0.621622,0.0160006
0.624801,0.016587
0.627981,0.017191
0.631161,0.0178131
0.63434,0.0184537
0.63752,0.019113
0.6407,0.0197916
0.643879,0.0204897
0.647059,0.0212078
0.650238,0.0219462
0.653418,0.0227053
0.656598,0.0234855
0.659777,0.0242873
0.662957,0.0251108
0.666137,0.0259567
0.669316,0.0268252
0.672496,0.0277167
0.675676,0.0286316
0.678855,0.0295703
0.682035,0.0305331
0.685215,0.0315205
0.688394,0.0325328
0.691574,0.0335703
0.694754,0.0346334
0.697933,0.0357225
0.701113,0.0368379
0.704293,0.03798
0.707472,0.0391491
0.710652,0.0403456
0.713831,0.0415697
0.717011,0.0428219
0.720191,0.0441023
0.72337,0.0454115
0.72655,0.0467495
0.72973,0.0481168
0.732909,0.0495136
0.736089,0.0509402
0.739269,0.0523968
0.742448,0.0538838
0.745628,0.0554013
0.748808,0.0569497
0.751987,0.058529
0.755167,0.0601396
0.758347,0.0617817
0.761526,0.0634554
0.764706,0.0651609
0.767886,0.0668984
0.771065,0.068668
0.774245,0.0704699
0.777424,0.0723041
0.780604,0.0741709
0.783784,0.0760703
0.786963,0.0780024
0.790143,0.0799672
0.793323,0.0819648
0.796502,0.0839953
0.799682,0.0860586
0.802862,0.0881548
0.806041,0.0902838
0.809221,0.0924456
0.812401,0.0946401
0.81558,0.0968674
0.81876,0.0991272
0.82194,0.10142
0.825119,0.103744
0.828299,0.106101
0.831479,0.10849
0.834658,0.110911
0.837838,0.113364
0.841017,0.115848
0.844197,0.118364
0.847377,0.12091
0.850556,0.123488
0.853736,0.126095
0.856916,0.128733
0.860095,0.131401
0.863275,0.134098
0.866455,0.136825
0.869634,0.13958
0.872814,0.142363
0.875994,0.145175
0.879173,0.148013
0.882353,0.150879
0.885533,0.153772
0.888712,0.15669
0.891892,0.159635
0.895072,0.162604
0.898251,0.165597
0.901431,0.168615
0.90461,0.171656
0.90779,0.17472
0.91097,0.177805
0.914149,0.180913
0.917329,0.184041
0.920509,0.187189
0.923688,0.190357
0.926868,0.193544
0.930048,0.196749
0.933227,0.199972
0.936407,0.203211
0.939587,0.206466
0.942766,0.209737
0.945946,0.213022
0.949126,0.216321
0.952305,0.219633
0.955485,0.222956
0.958665,0.226292
0.961844,0.229637
0.965024,0.232993
0.968203,0.236357
0.971383,0.23973
0.974563,0.24311
0.977742,0.246496
0.980922,0.249888
0.984102,0.253284
0.987281,0.256685
0.990461,0.260088
0.993641,0.263493
0.99682,0.2669
1,0.270307
1.00318,0.273714
1.00636,0.27712
1.00954,0.280523
1.01272,0.283923
1.0159,0.28732
1.01908,0.290712
1.02226,0.294098
1.02544,0.297478
1.02862,0.30085
1.0318,0.304215
1.03498,0.30757
1.03816,0.310916
1.04134,0.314251
1.04452,0.317575
1.04769,0.320887
1.05087,0.324186
1.05405,0.327471
1.05723,0.330741
1.06041,0.333996
1.06359,0.337236
1.06677,0.340458
1.06995,0.343663
1.07313,0.34685
1.07631,0.350018
1.07949,0.353167
1.08267,0.356295
1.08585,0.359402
1.08903,0.362488
1.09221,0.365552
1.09539,0.368593
1.09857,0.37161
1.10175,0.374604
1.10493,0.377573
1.10811,0.380517
1.11129,0.383436
1.11447,0.386328
1.11765,0.389194
1.12083,0.392033
1.12401,0.394844
1.12719,0.397628
1.13037,0.400383
1.13355,0.403109
1.13672,0.405807
1.1399,0.408474
1.14308,0.411112
1.14626,0.41372
1.14944,0.416297
1.15262,0.418844
1.1558,0.421359
1.15898,0.423844
1.16216,0.426296
1.16534,0.428717
1.16852,0.431106
1.1717,0.433463
1.17488,0.435788
1.17806,0.43808
1.18124,0.44034
1.18442,0.442568
1.1876,0.444762
1.19078,0.446924
1.19396,0.449053
1.19714,0.451149
1.20032,0.453212
1.2035,0.455243
1.20668,0.45724
1.20986,0.459205
1.21304,0.461137
1.21622,0.463037
1.2194,0.464904
1.22258,0.466738
1.22576,0.46854
1.22893,0.470309
1.23211,0.472047
1.23529,0.473752
1.23847,0.475426
1.24165,0.477068
1.24483,0.478679
1.24801,0.480258
1.25119,0.481806
1.25437,0.483324
1.25755,0.484811
1.26073,0.486267
1.26391,0.487694
1.26709,0.489091
1.27027,0.490458
1.27345,0.491796
1.27663,0.493105
1.27981,0.494386
1.28299,0.495638
1.28617,0.496862
1.28935,0.498059
1.29253,0.499228
1.29571,0.50037
1.29889,0.501485
1.30207,0.502574
1.30525,0.503637
1.30843,0.504675
1.31161,0.505687
1.31479,0.506675
1.31797,0.507637
1.32114,0.508576
1.32432,0.509491
1.3275,0.510382
1.33068,0.511251
1.33386,0.512097
1.33704,0.51292
1.34022,0.513722
1.3434,0.514502
1.34658,0.515261
1.34976,0.516
1.35294,0.516718
1.35612,0.517416
1.3593,0.518095
1.36248,0.518754
1.36566,0.519395
1.36884,0.520017
1.37202,0.520621
1.3752,0.521207
1.37838,0.521776
1.38156,0.522328
1.38474,0.522864
1.38792,0.523383
1.3911,0.523887
1.39428,0.524375
1.39746,0.524848
1.40064,0.525306
1.40382,0.52575
1.407,0.52618
1.41017,0.526596
1.41335,0.526998
1.41653,0.527388
1.41971,0.527764
1.42289,0.528129
1.42607,0.528481
1.42925,0.528822
1.43243,0.529151
1.43561,0.529468
1.43879,0.529776
1.44197,0.530072
1.44515,0.530358
1.44833,0.530634
1.45151,0.530901
1.45469,0.531158
1.45787,0.531406
1.46105,0.531645
1.46423,0.531875
1.46741,0.532097
1.47059,0.532311
1.47377,0.532517
1.47695,0.532716
1.48013,0.532907
1.48331,0.53309
1.48649,0.533267
1.48967,0.533437
1.49285,0.533601
1.49603,0.533758
1.49921,0.533909
1.50238,0.534055
1.50556,0.534194
1.50874,0.534328
1.51192,0.534457
1.5151,0.534581
1.51828,0.534699
1.52146,0.534813
1.52464,0.534922
1.52782,0.535027
1.531,0.535127
1.53418,0.535224
1.53736,0.535316
1.54054,0.535404
1.54372,0.535489
1.5469,0.53557
1.55008,0.535648
1.55326,0.535722
1.55644,0.535793
1.55962,0.535861
1.5628,0.535926
1.56598,0.535988
1.56916,0.536047
1.57234,0.536104
1.57552,0.536158
1.5787,0.53621
1.58188,0.53626
1.58506,0.536307
1.58824,0.536352
1.59141,0.536395
1.59459,0.536436
1.59777,0.536475
1.60095,0.536512
1.60413,0.536548
1.60731,0.536582
1.61049,0.536614
1.61367,0.536645
1.61685,0.536674
1.62003,0.536702
1.62321,0.536729
1.62639,0.536754
1.62957,0.536778
1.63275,0.536801
1.63593,0.536823
1.63911,0.536843
1.64229,0.536863
1.64547,0.536881
1.64865,0.536899
1.65183,0.536916
1.65501,0.536932
1.65819,0.536947
1.66137,0.536962
1.66455,0.536975
1.66773,0.536988
1.67091,0.537
1.67409,0.537012
1.67727,0.537023
1.68045,0.537033
1.68362,0.537043
1.6868,0.537053
1.68998,0.537062
1.69316,0.53707
1.69634,0.537078
1.69952,0.537085
1.7027,0.537093
1.70588,0.537099
1.70906,0.537106
1.71224,0.537112
1.71542,0.537117
1.7186,0.537123
1.72178,0.537128
1.72496,0.537133
1.72814,0.537137
1.73132,0.537141
1.7345,0.537145
1.73768,0.537149
1.74086,0.537153
1.74404,0.537156
1.74722,0.537159
1.7504,0.537162
1.75358,0.537165
1.75676,0.537168
1.75994,0.53717
1.76312,0.537172
1.7663,0.537175
1.76948,0.537177
1.77266,0.537179
1.77583,0.537181
1.77901,0.537182
1.78219,0.537184
1.78537,0.537185
1.78855,0.537187
1.79173,0.537188
1.79491,0.53719
1.79809,0.537191
1.80127,0.537192
1.80445,0.537193
1.80763,0.537194
1.81081,0.537195
1.81399,0.537196
1.81717,0.537196
1.82035,0.537197
1.82353,0.537198
1.82671,0.537199
1.82989,0.537199
1.83307,0.5372
1.83625,0.5372
1.83943,0.537201
1.84261,0.537201
1.84579,0.537202
1.84897,0.537202
1.85215,0.537203
1.85533,0.537203
1.85851,0.537203
1.86169,0.537204
1.86486,0.537204
1.86804,0.537204
1.87122,0.537204
1.8744,0.537205
1.87758,0.537205
1.88076,0.537205
1.88394,0.537205
1.88712,0.537205
1.8903,0.537206
1.89348,0.537206
1.89666,0.537206
1.89984,0.537206
1.90302,0.537206
1.9062,0.537206
1.90938,0.537206
1.91256,0.537207
1.91574,0.537207
1.91892,0.537207
1.9221,0.537207
1.92528,0.537207
1.92846,0.537207
1.93164,0.537207
1.93482,0.537207
1.938,0.537207
1.94118,0.537207
1.94436,0.537207
1.94754,0.537207
1.95072,0.537207
1.9539,0.537207
1.95707,0.537207
1.96025,0.537207
1.96343,0.537207
1.96661,0.537207
1.96979,0.537208
1.97297,0.537208
1.97615,0.537208
1.97933,0.537208
1.98251,0.537208
1.98569,0.537208
1.98887,0.537208
1.99205,0.537208
1.99523,0.537208
1.99841,0.537208
