0.00151976,0
0.00455927,1.35999e-08
0.00759878,2.82666e-08
0.0106383,4.40804e-08
0.0136778,6.11269e-08
0.0167173,7.9498e-08
0.0197568,9.9292e-08
0.0227964,1.20614e-07
0.0258359,1.43577e-07
0.0288754,1.68302e-07
0.0319149,1.94917e-07
0.0349544,2.23561e-07
0.0379939,2.5438e-07
0.0410334,2.87533e-07
0.0440729,3.23187e-07
0.0471125,3.61524e-07
0.050152,4.02735e-07
0.0531915,4.47024e-07
0.056231,4.94613e-07
0.0592705,5.45733e-07
0.06231,6.00636e-07
0.0653495,6.59586e-07
0.0683891,7.22868e-07
0.0714286,7.90784e-07
0.0744681,8.63658e-07
0.0775076,9.41831e-07
0.0805471,1.02567e-06
0.0835866,1.11557e-06
0.0866261,1.21194e-06
0.0896657,1.31522e-06
0.0927052,1.42589e-06
0.0957447,1.54444e-06
0.0987842,1.67142e-06
0.101824,1.80737e-06
0.104863,1.95291e-06
0.107903,2.10868e-06
0.110942,2.27536e-06
0.113982,2.45366e-06
0.117021,2.64436e-06
0.120061,2.84827e-06
0.1231,3.06625e-06
0.12614,3.29923e-06
0.129179,3.54817e-06
0.132219,3.81412e-06
0.135258,4.09816e-06
0.138298,4.40145e-06
0.141337,4.72523e-06
0.144377,5.07081e-06
0.147416,5.43955e-06
0.150456,5.83293e-06
0.153495,6.25249e-06
0.156535,6.69988e-06
0.159574,7.17682e-06
0.162614,7.68516e-06
0.165653,8.22683e-06
0.168693,8.80389e-06
0.171733,9.41851e-06
0.174772,1.0073e-05
0.177812,1.07697e-05
0.180851,1.15113e-05
0.183891,1.23004e-05
0.18693,1.31399e-05
0.18997,1.40328e-05
0.193009,1.49823e-05
0.196049,1.59917e-05
0.199088,1.70645e-05
0.202128,1.82046e-05
0.205167,1.94158e-05
0.208207,2.07022e-05
0.211246,2.20683e-05
0.214286,2.35185e-05
0.217325,2.50578e-05
0.220365,2.66913e-05
0.223404,2.84242e-05
0.226444,3.02623e-05
0.229483,3.22114e-05
0.232523,3.42778e-05
0.235562,3.64681e-05
0.238602,3.87891e-05
0.241641,4.1248e-05
0.244681,4.38525e-05
0.24772,4.66106e-05
0.25076,4.95306e-05
0.253799,5.26212e-05
0.256839,5.58919e-05
0.259878,5.93521e-05
0.262918,6.30121e-05
0.265957,6.68824e-05
0.268997,7.09744e-05
0.272036,7.52995e-05
0.275076,7.98701e-05
0.278116,8.4699e-05
0.281155,8.97996e-05
0.284195,9.51859e-05
0.287234,0.000100873
0.290274,0.000106875
0.293313,0.00011321
0.296353,0.000119893
0.299392,0.000126942
0.302432,0.000134376
0.305471,0.000142214
0.308511,0.000150475
0.31155,0.000159182
0.31459,0.000168355
0.317629,0.000178017
0.320669,0.000188192
0.323708,0.000198905
0.326748,0.000210181
0.329787,0.000222048
0.332827,0.000234534
0.335866,0.000247667
0.338906,0.000261479
0.341945,0.000276001
0.344985,0.000291265
0.348024,0.000307306
0.351064,0.000324161
0.354103,0.000341865
0.357143,0.000360457
0.360182,0.000379979
0.363222,0.00040047
0.366261,0.000421975
0.369301,0.000444538
0.37234,0.000468206
0.37538,0.000493027
0.378419,0.000519052
0.381459,0.000546333
0.384498,0.000574923
0.387538,0.000604878
0.390578,0.000636257
0.393617,0.000669119
0.396657,0.000703527
0.399696,0.000739545
0.402736,0.00077724
0.405775,0.000816681
0.408815,0.000857938
0.411854,0.000901086
0.414894,0.000946201
0.417933,0.000993362
0.420973,0.00104265
0.424012,0.00109415
0.427052,0.00114794
0.430091,0.00120413
0.433131,0.00126279
0.43617,0.00132403
0.43921,0.00138794
0.442249,0.00145463
0.445289,0.0015242
0.448328,0.00159675
0.451368,0.0016724
0.454407,0.00175126
0.457447,0.00183345
0.460486,0.00191909
0.463526,0.0020083
0.466565,0.00210122
0.469605,0.00219796
0.472644,0.00229868
0.475684,0.0024035
0.478723,0.00251256
0.481763,0.00262602
0.484802,0.00274403
0.487842,0.00286673
0.490881,0.00299429
0.493921,0.00312686
0.49696,0.00326462
0.5,0.00340772
0.50304,0.00355635
0.506079,0.00371068
0.509119,0.0038709
0.512158,0.00403719
0.515198,0.00420973
0.518237,0.00438873
0.521277,0.00457439
0.524316,0.00476689
0.527356,0.00496647
0.530395,0.00517331
0.533435,0.00538765
0.536474,0.00560969
0.539514,0.00583967
0.542553,0.00607781
0.545593,0.00632435
0.548632,0.00657952
0.551672,0.00684356
0.554711,0.00711672
0.557751,0.00739924
0.56079,0.00769139
0.56383,0.00799342
0.566869,0.0083056
0.569909,0.00862818
0.572948,0.00896144
0.575988,0.00930565
0.579027,0.00966109
0.582067,0.010028
0.585106,0.0104068
0.588146,0.0107976
0.591185,0.0112008
0.594225,0.0116167
0.597264,0.0120456
0.600304,0.0124877
0.603343,0.0129434
0.606383,0.0134131
0.609422,0.0138969
0.612462,0.0143952
0.615502,0.0149084
0.618541,0.0154367
0.621581,0.0159805
0.62462,0.0165401
0.62766,0.0171158
0.630699,0.0177079
0.633739,0.0183169
0.636778,0.018943
0.639818,0.0195865
0.642857,0.0202478
0.645897,0.0209272
0.648936,0.021625
0.651976,0.0223417
0.655015,0.0230774
0.658055,0.0238326
0.661094,0.0246076
0.664134,0.0254028
0.667173,0.0262184
0.670213,0.0270547
0.673252,0.0279122
0.676292,0.0287912
0.679331,0.029692
0.682371,0.0306148
0.68541,0.0315601
0.68845,0.0325282
0.691489,0.0335193
0.694529,0.0345338
0.697568,0.0355721
0.700608,0.0366343
0.703647,0.0377209
0.706687,0.038832
0.709726,0.0399681
0.712766,0.0411294
0.715805,0.0423162
0.718845,0.0435287
0.721884,0.0447673
0.724924,0.0460322
0.727964,0.0473237
0.731003,0.048642
0.734043,0.0499874
0.737082,0.05136
0.740122,0.0527602
0.743161,0.0541882
0.746201,0.0556441
0.74924,0.0571282
0.75228,0.0586407
0.755319,0.0601818
0.758359,0.0617516
0.761398,0.0633503
0.764438,0.064978
0.767477,0.066635
0.770517,0.0683213
0.773556,0.0700371
0.776596,0.0717825
0.779635,0.0735575
0.782675,0.0753623
0.785714,0.0771969
0.788754,0.0790615
0.791793,0.080956
0.794833,0.0828805
0.797872,0.084835
0.800912,0.0868195
0.803951,0.088834
0.806991,0.0908785
0.81003,0.092953
0.81307,0.0950575
0.816109,0.0971917
0.819149,0.0993558
0.822188,0.10155
0.825228,0.103773
0.828267,0.106026
0.831307,0.108308
0.834347,0.110619
0.837386,0.112959
0.840426,0.115329
0.843465,0.117726
0.846505,0.120153
0.849544,0.122607
0.852584,0.125089
0.855623,0.127599
0.858663,0.130137
0.861702,0.132701
0.864742,0.135292
0.867781,0.13791
0.870821,0.140554
0.87386,0.143223
0.8769,0.145918
0.879939,0.148638
0.882979,0.151383
0.886018,0.154152
0.889058,0.156945
0.892097,0.15976
0.895137,0.162599
0.898176,0.16546
0.901216,0.168343
0.904255,0.171248
0.907295,0.174173
0.910334,0.177119
0.913374,0.180084
0.916413,0.183069
0.919453,0.186072
0.922492,0.189094
0.925532,0.192133
0.928571,0.195189
0.931611,0.198261
0.93465,0.201348
0.93769,0.204451
0.940729,0.207568
0.943769,0.210699
0.946809,0.213843
0.949848,0.216999
0.952888,0.220167
0.955927,0.223346
0.958967,0.226535
0.962006,0.229734
0.965046,0.232942
0.968085,0.236158
0.971125,0.239381
0.974164,0.242611
0.977204,0.245847
0.980243,0.249088
0.983283,0.252334
0.986322,0.255583
0.989362,0.258836
0.992401,0.262091
0.995441,0.265347
0.99848,0.268604
1.00152,0.271861
1.00456,0.275117
1.0076,0.278372
1.01064,0.281624
1.01368,0.284874
1.01672,0.288119
1.01976,0.291361
1.0228,0.294597
1.02584,0.297827
1.02888,0.30105
1.03191,0.304266
1.03495,0.307473
1.03799,0.310672
1.04103,0.313861
1.04407,0.31704
1.04711,0.320208
1.05015,0.323365
1.05319,0.326509
1.05623,0.329639
1.05927,0.332756
1.06231,0.335859
1.06535,0.338947
1.06839,0.342019
1.07143,0.345075
1.07447,0.348114
1.07751,0.351135
1.08055,0.354139
1.08359,0.357123
1.08663,0.360089
1.08967,0.363034
1.09271,0.36596
1.09574,0.368864
1.09878,0.371747
1.10182,0.374608
1.10486,0.377447
1.1079,0.380263
1.11094,0.383056
1.11398,0.385825
1.11702,0.388569
1.12006,0.391289
1.1231,0.393984
1.12614,0.396654
1.12918,0.399298
1.13222,0.401915
1.13526,0.404507
1.1383,0.407071
1.14134,0.409609
1.14438,0.412118
1.14742,0.414601
1.15046,0.417055
1.1535,0.419481
1.15653,0.421879
1.15957,0.424248
1.16261,0.426589
1.16565,0.4289
1.16869,0.431182
1.17173,0.433435
1.17477,0.435658
1.17781,0.437852
1.18085,0.440016
1.18389,0.44215
1.18693,0.444255
1.18997,0.446329
1.19301,0.448374
1.19605,0.450388
1.19909,0.452373
1.20213,0.454327
1.20517,0.456252
1.20821,0.458146
1.21125,0.460011
1.21429,0.461845
1.21733,0.46365
1.22036,0.465425
1.2234,0.467171
1.22644,0.468886
1.22948,0.470573
1.23252,0.47223
1.23556,0.473857
1.2386,0.475456
1.24164,0.477026
1.24468,0.478567
1.24772,0.480079
1.25076,0.481564
1.2538,0.483019
1.25684,0.484447
1.25988,0.485848
1.26292,0.48722
1.26596,0.488566
1.269,0.489884
1.27204,0.491175
1.27508,0.49244
1.27812,0.493679
1.28116,0.494891
1.28419,0.496078
1.28723,0.49724
1.29027,0.498376
1.29331,0.499487
1.29635,0.500573
1.29939,0.501636
1.30243,0.502674
1.30547,0.503688
1.30851,0.504679
1.31155,0.505648
1.31459,0.506593
1.31763,0.507516
1.32067,0.508416
1.32371,0.509295
1.32675,0.510153
1.32979,0.510989
1.33283,0.511805
1.33587,0.5126
1.33891,0.513375
1.34195,0.51413
1.34498,0.514866
1.34802,0.515583
1.35106,0.51628
1.3541,0.51696
1.35714,0.517621
1.36018,0.518265
1.36322,0.518891
1.36626,0.5195
1.3693,0.520092
1.37234,0.520668
1.37538,0.521227
1.37842,0.521771
1.38146,0.522299
1.3845,0.522812
1.38754,0.523311
1.39058,0.523795
1.39362,0.524264
1.39666,0.52472
1.3997,0.525162
1.40274,0.525591
1.40578,0.526007
1.40881,0.52641
1.41185,0.526801
1.41489,0.52718
1.41793,0.527547
1.42097,0.527902
1.42401,0.528246
1.42705,0.528579
1.43009,0.528902
1.43313,0.529214
1.43617,0.529516
1.43921,0.529808
1.44225,0.530091
1.44529,0.530364
1.44833,0.530628
1.45137,0.530883
1.45441,0.53113
1.45745,0.531368
1.46049,0.531598
1.46353,0.53182
1.46657,0.532034
1.4696,0.532241
1.47264,0.532441
1.47568,0.532633
1.47872,0.532819
1.48176,0.532998
1.4848,0.53317
1.48784,0.533337
1.49088,0.533497
1.49392,0.533651
1.49696,0.5338
1.5,0.533943
1.50304,0.534081
1.50608,0.534213
1.50912,0.534341
1.51216,0.534464
1.5152,0.534582
1.51824,0.534695
1.52128,0.534804
1.52432,0.534909
1.52736,0.53501
1.5304,0.535106
1.53343,0.535199
1.53647,0.535289
1.53951,0.535374
1.54255,0.535456
1.54559,0.535535
1.54863,0.535611
1.55167,0.535683
1.55471,0.535753
1.55775,0.53582
1.56079,0.535884
1.56383,0.535945
1.56687,0.536004
1.56991,0.53606
1.57295,0.536114
1.57599,0.536165
1.57903,0.536214
1.58207,0.536261
1.58511,0.536307
1.58815,0.53635
1.59119,0.536391
1.59422,0.53643
1.59726,0.536468
1.6003,0.536504
1.60334,0.536539
1.60638,0.536571
1.60942,0.536603
1.61246,0.536633
1.6155,0.536661
1.61854,0.536689
1.62158,0.536715
1.62462,0.536739
1.62766,0.536763
1.6307,0.536786
1.63374,0.536807
1.63678,0.536828
1.63982,0.536847
1.64286,0.536866
1.6459,0.536884
1.64894,0.5369
1.65198,0.536916
1.65502,0.536932
1.65805,0.536946
1.66109,0.53696
1.66413,0.536973
1.66717,0.536986
1.67021,0.536997
1.67325,0.537009
1.67629,0.537019
1.67933,0.53703
1.68237,0.537039
1.68541,0.537048
1.68845,0.537057
1.69149,0.537065
1.69453,0.537073
1.69757,0.537081
1.70061,0.537088
1.70365,0.537094
1.70669,0.537101
1.70973,0.537107
1.71277,0.537112
1.71581,0.537118
1.71884,0.537123
1.72188,0.537128
1.72492,0.537132
1.72796,0.537137
1.731,0.537141
1.73404,0.537145
1.73708,0.537148
1.74012,0.537152
1.74316,0.537155
1.7462,0.537158
1.74924,0.537161
1.75228,0.537164
1.75532,0.537166
1.75836,0.537169
1.7614,0.537171
1.76444,0.537173
1.76748,0.537175
1.77052,0.537177
1.77356,0.537179
1.7766,0.537181
1.77964,0.537183
1.78267,0.537184
1.78571,0.537186
1.78875,0.537187
1.79179,0.537188
1.79483,0.537189
1.79787,0.537191
1.80091,0.537192
1.80395,0.537193
1.80699,0.537194
1.81003,0.537195
1.81307,0.537195
1.81611,0.537196
1.81915,0.537197
1.82219,0.537198
1.82523,0.537198
1.82827,0.537199
1.83131,0.537199
1.83435,0.5372
1.83739,0.5372
1.84043,0.537201
1.84347,0.537201
1.8465,0.537202
1.84954,0.537202
1.85258,0.537203
1.85562,0.537203
1.85866,0.537203
1.8617,0.537204
1.86474,0.537204
1.86778,0.537204
1.87082,0.537204
1.87386,0.537205
1.8769,0.537205
1.87994,0.537205
1.88298,0.537205
1.88602,0.537205
1.88906,0.537206
1.8921,0.537206
1.89514,0.537206
1.89818,0.537206
1.90122,0.537206
1.90426,0.537206
1.90729,0.537206
1.91033,0.537206
1.91337,0.537207
1.91641,0.537207
1.91945,0.537207
1.92249,0.537207
1.92553,0.537207
1.92857,0.537207
1.93161,0.537207
1.93465,0.537207
1.93769,0.537207
1.94073,0.537207
1.94377,0.537207
1.94681,0.537207
1.94985,0.537207
1.95289,0.537207
1.95593,0.537207
1.95897,0.537207
1.96201,0.537207
1.96505,0.537207
1.96809,0.537207
1.97112,0.537208
1.97416,0.537208
1.9772,0.537208
1.98024,0.537208
1.98328,0.537208
1.98632,0.537208
1.98936,0.537208
1.9924,0.537208
1.99544,0.537208
1.99848,0.537208
