0.00100503,0
0.00301508,8.65436e-09
0.00502513,1.77529e-08
0.00703518,2.73174e-08
0.00904523,3.73708e-08
0.0110553,4.79369e-08
0.0130653,5.90408e-08
0.0150754,7.07088e-08
0.0170854,8.29681e-08
0.0190955,9.58475e-08
0.0211055,1.09377e-07
0.0231156,1.23588e-07
0.0251256,1.38513e-07
0.0271357,1.54187e-07
0.0291457,1.70645e-07
0.0311558,1.87925e-07
0.0331658,2.06067e-07
0.0351759,2.2511e-07
0.0371859,2.45099e-07
0.039196,2.66077e-07
0.041206,2.88092e-07
0.0432161,3.11193e-07
0.0452261,3.3543e-07
0.0472362,3.60857e-07
0.0492462,3.8753e-07
0.0512563,4.15506e-07
0.0532663,4.44847e-07
0.0552764,4.75617e-07
0.0572864,5.0788e-07
0.0592965,5.41707e-07
0.0613065,5.7717e-07
0.0633166,6.14344e-07
0.0653266,6.53307e-07
0.0673367,6.94142e-07
0.0693467,7.36934e-07
0.0713568,7.81773e-07
0.0733668,8.28751e-07
0.0753769,8.77966e-07
0.0773869,9.2952e-07
0.079397,9.83516e-07
0.081407,1.04007e-06
0.0834171,1.09929e-06
0.0854271,1.16129e-06
0.0874372,1.22621e-06
0.0894472,1.29418e-06
0.0914573,1.36532e-06
0.0934673,1.43978e-06
0.0954774,1.51771e-06
0.0974874,1.59926e-06
0.0994975,1.68458e-06
0.101508,1.77386e-06
0.103518,1.86725e-06
0.105528,1.96494e-06
0.107538,2.06711e-06
0.109548,2.17397e-06
0.111558,2.28571e-06
0.113568,2.40254e-06
0.115578,2.5247e-06
0.117588,2.65239e-06
0.119598,2.78587e-06
0.121608,2.92538e-06
0.123618,3.07118e-06
0.125628,3.22354e-06
0.127638,3.38273e-06
0.129648,3.54905e-06
0.131658,3.72279e-06
0.133668,3.90428e-06
0.135678,4.09383e-06
0.137688,4.29178e-06
0.139698,4.49849e-06
0.141709,4.71432e-06
0.143719,4.93966e-06
0.145729,5.17488e-06
0.147739,5.42042e-06
0.149749,5.67668e-06
0.151759,5.94412e-06
0.153769,6.22319e-06
0.155779,6.51437e-06
0.157789,6.81815e-06
0.159799,7.13504e-06
0.161809,7.46559e-06
0.163819,7.81034e-06
0.165829,8.16987e-06
0.167839,8.54477e-06
0.169849,8.93565e-06
0.171859,9.34317e-06
0.173869,9.76799e-06
0.175879,1.02108e-05
0.177889,1.06723e-05
0.179899,1.11532e-05
0.18191,1.16544e-05
0.18392,1.21765e-05
0.18593,1.27205e-05
0.18794,1.32872e-05
0.18995,1.38774e-05
0.19196,1.44921e-05
0.19397,1.51323e-05
0.19598,1.57989e-05
0.19799,1.6493e-05
0.2,1.72155e-05
0.20201,1.79677e-05
0.20402,1.87506e-05
0.20603,1.95654e-05
0.20804,2.04133e-05
0.21005,2.12956e-05
0.21206,2.22136e-05
0.21407,2.31686e-05
0.21608,2.41621e-05
0.21809,2.51954e-05
0.220101,2.62701e-05
0.222111,2.73876e-05
0.224121,2.85497e-05
0.226131,2.97578e-05
0.228141,3.10139e-05
0.230151,3.23195e-05
0.232161,3.36766e-05
0.234171,3.5087e-05
0.236181,3.65526e-05
0.238191,3.80756e-05
0.240201,3.96578e-05
0.242211,4.13016e-05
0.244221,4.30091e-05
0.246231,4.47826e-05
0.248241,4.66245e-05
0.250251,4.85371e-05
0.252261,5.05231e-05
0.254271,5.25851e-05
0.256281,5.47257e-05
0.258291,5.69477e-05
0.260302,5.92539e-05
0.262312,6.16474e-05
0.264322,6.41311e-05
0.266332,6.67082e-05
0.268342,6.9382e-05
0.270352,7.21558e-05
0.272362,7.5033e-05
0.274372,7.80173e-05
0.276382,8.11122e-05
0.278392,8.43215e-05
0.280402,8.76492e-05
0.282412,9.10993e-05
0.284422,9.46758e-05
0.286432,9.83831e-05
0.288442,0.000102226
0.290452,0.000106208
0.292462,0.000110334
0.294472,0.00011461
0.296482,0.00011904
0.298492,0.000123628
0.300503,0.000128382
0.302513,0.000133305
0.304523,0.000138403
0.306533,0.000143683
0.308543,0.000149149
0.310553,0.000154809
0.312563,0.000160667
0.314573,0.000166732
0.316583,0.000173008
0.318593,0.000179503
0.320603,0.000186225
0.322613,0.000193179
0.324623,0.000200374
0.326633,0.000207817
0.328643,0.000215516
0.330653,0.000223478
0.332663,0.000231712
0.334673,0.000240227
0.336683,0.000249031
0.338693,0.000258133
0.340704,0.000267542
0.342714,0.000277267
0.344724,0.000287318
0.346734,0.000297705
0.348744,0.000308439
0.350754,0.000319529
0.352764,0.000330986
0.354774,0.000342821
0.356784,0.000355046
0.358794,0.000367671
0.360804,0.00038071
0.362814,0.000394173
0.364824,0.000408074
0.366834,0.000422425
0.368844,0.000437239
0.370854,0.000452529
0.372864,0.00046831
0.374874,0.000484596
0.376884,0.0005014
0.378894,0.000518738
0.380905,0.000536625
0.382915,0.000555075
0.384925,0.000574107
0.386935,0.000593734
0.388945,0.000613975
0.390955,0.000634845
0.392965,0.000656363
0.394975,0.000678547
0.396985,0.000701414
0.398995,0.000724984
0.401005,0.000749275
0.403015,0.000774307
0.405025,0.0008001
0.407035,0.000826674
0.409045,0.000854051
0.411055,0.000882252
0.413065,0.000911298
0.415075,0.000941213
0.417085,0.000972018
0.419095,0.00100374
0.421106,0.00103639
0.423116,0.00107001
0.425126,0.00110462
0.427136,0.00114024
0.429146,0.0011769
0.431156,0.00121462
0.433166,0.00125343
0.435176,0.00129337
0.437186,0.00133445
0.439196,0.0013767
0.441206,0.00142017
0.443216,0.00146487
0.445226,0.00151083
0.447236,0.00155809
0.449246,0.00160668
0.451256,0.00165663
0.453266,0.00170798
0.455276,0.00176075
0.457286,0.00181499
0.459296,0.00187072
0.461307,0.00192798
0.463317,0.00198681
0.465327,0.00204725
0.467337,0.00210933
0.469347,0.00217309
0.471357,0.00223857
0.473367,0.00230581
0.475377,0.00237485
0.477387,0.00244573
0.479397,0.00251849
0.481407,0.00259318
0.483417,0.00266983
0.485427,0.0027485
0.487437,0.00282922
0.489447,0.00291205
0.491457,0.00299703
0.493467,0.00308419
0.495477,0.00317361
0.497487,0.00326531
0.499497,0.00335935
0.501508,0.00345579
0.503518,0.00355466
0.505528,0.00365603
0.507538,0.00375994
0.509548,0.00386646
0.511558,0.00397562
0.513568,0.00408749
0.515578,0.00420212
0.517588,0.00431957
0.519598,0.0044399
0.521608,0.00456316
0.523618,0.00468942
0.525628,0.00481872
0.527638,0.00495114
0.529648,0.00508674
0.531658,0.00522557
0.533668,0.00536769
0.535678,0.00551319
0.537688,0.0056621
0.539698,0.00581451
0.541709,0.00597048
0.543719,0.00613008
0.545729,0.00629336
0.547739,0.00646041
0.549749,0.00663129
0.551759,0.00680608
0.553769,0.00698483
0.555779,0.00716763
0.557789,0.00735455
0.559799,0.00754565
0.561809,0.00774103
0.563819,0.00794074
0.565829,0.00814486
0.567839,0.00835348
0.569849,0.00856667
0.571859,0.00878451
0.573869,0.00900707
0.575879,0.00923443
0.577889,0.00946669
0.579899,0.00970391
0.58191,0.00994618
0.58392,0.0101936
0.58593,0.0104462
0.58794,0.0107041
0.58995,0.0109674
0.59196,0.0112362
0.59397,0.0115105
0.59598,0.0117904
0.59799,0.0120761
0.6,0.0123676
0.60201,0.012665
0.60402,0.0129684
0.60603,0.0132779
0.60804,0.0135936
0.61005,0.0139155
0.61206,0.0142437
0.61407,0.0145785
0.61608,0.0149197
0.61809,0.0152676
0.620101,0.0156222
0.622111,0.0159836
0.624121,0.0163519
0.626131,0.0167273
0.628141,0.0171097
0.630151,0.0174993
0.632161,0.0178962
0.634171,0.0183005
0.636181,0.0187123
0.638191,0.0191317
0.640201,0.0195587
0.642211,0.0199935
0.644221,0.0204362
0.646231,0.0208868
0.648241,0.0213455
0.650251,0.0218123
0.652261,0.0222874
0.654271,0.0227709
0.656281,0.0232628
0.658291,0.0237632
0.660302,0.0242723
0.662312,0.0247901
0.664322,0.0253168
0.666332,0.0258523
0.668342,0.026397
0.670352,0.0269507
0.672362,0.0275137
0.674372,0.0280859
0.676382,0.0286676
0.678392,0.0292588
0.680402,0.0298596
0.682412,0.0304701
0.684422,0.0310904
0.686432,0.0317206
0.688442,0.0323607
0.690452,0.0330109
0.692462,0.0336713
0.694472,0.0343419
0.696482,0.0350229
0.698492,0.0357143
0.700503,0.0364162
0.702513,0.0371287
0.704523,0.0378519
0.706533,0.0385859
0.708543,0.0393308
0.710553,0.0400866
0.712563,0.0408535
0.714573,0.0416314
0.716583,0.0424206
0.718593,0.043221
0.720603,0.0440328
0.722613,0.0448561
0.724623,0.0456908
0.726633,0.0465372
0.728643,0.0473952
0.730653,0.0482649
0.732663,0.0491465
0.734673,0.0500399
0.736683,0.0509453
0.738693,0.0518627
0.740704,0.0527921
0.742714,0.0537338
0.744724,0.0546876
0.746734,0.0556537
0.748744,0.0566321
0.750754,0.0576228
0.752764,0.0586261
0.754774,0.0596418
0.756784,0.06067
0.758794,0.0617109
0.760804,0.0627644
0.762814,0.0638305
0.764824,0.0649094
0.766834,0.0660011
0.768844,0.0671056
0.770854,0.0682229
0.772864,0.0693531
0.774874,0.0704963
0.776884,0.0716523
0.778894,0.0728214
0.780905,0.0740034
0.782915,0.0751985
0.784925,0.0764067
0.786935,0.0776279
0.788945,0.0788621
0.790955,0.0801095
0.792965,0.08137
0.794975,0.0826436
0.796985,0.0839303
0.798995,0.0852302
0.801005,0.0865431
0.803015,0.0878693
0.805025,0.0892085
0.807035,0.0905608
0.809045,0.0919263
0.811055,0.0933049
0.813065,0.0946965
0.815075,0.0961012
0.817085,0.097519
0.819095,0.0989497
0.821106,0.100393
0.823116,0.10185
0.825126,0.10332
0.827136,0.104802
0.829146,0.106298
0.831156,0.107806
0.833166,0.109327
0.835176,0.110861
0.837186,0.112407
0.839196,0.113966
0.841206,0.115538
0.843216,0.117122
0.845226,0.118718
0.847236,0.120327
0.849246,0.121949
0.851256,0.123582
0.853266,0.125228
0.855276,0.126886
0.857286,0.128555
0.859296,0.130237
0.861307,0.131931
0.863317,0.133636
0.865327,0.135353
0.867337,0.137082
0.869347,0.138822
0.871357,0.140573
0.873367,0.142336
0.875377,0.14411
0.877387,0.145895
0.879397,0.14769
0.881407,0.149497
0.883417,0.151314
0.885427,0.153142
0.887437,0.154981
0.889447,0.15683
0.891457,0.158689
0.893467,0.160558
0.895477,0.162437
0.897487,0.164325
0.899497,0.166224
0.901508,0.168132
0.903518,0.170049
0.905528,0.171976
0.907538,0.173911
0.909548,0.175856
0.911558,0.177809
0.913568,0.179771
0.915578,0.181741
0.917588,0.18372
0.919598,0.185707
0.921608,0.187701
0.923618,0.189704
0.925628,0.191714
0.927638,0.193731
0.929648,0.195756
0.931658,0.197788
0.933668,0.199826
0.935678,0.201872
0.937688,0.203923
0.939698,0.205982
0.941709,0.208046
0.943719,0.210116
0.945729,0.212192
0.947739,0.214274
0.949749,0.216361
0.951759,0.218453
0.953769,0.22055
0.955779,0.222652
0.957789,0.224759
0.959799,0.22687
0.961809,0.228985
0.963819,0.231104
0.965829,0.233226
0.967839,0.235352
0.969849,0.237482
0.971859,0.239615
0.973869,0.24175
0.975879,0.243889
0.977889,0.246029
0.979899,0.248173
0.98191,0.250318
0.98392,0.252465
0.98593,0.254613
0.98794,0.256763
0.98995,0.258914
0.99196,0.261067
0.99397,0.26322
0.99598,0.265373
0.99799,0.267527
1,0.269681
1.00201,0.271835
1.00402,0.273988
1.00603,0.276141
1.00804,0.278293
1.01005,0.280444
1.01206,0.282594
1.01407,0.284743
1.01608,0.28689
1.01809,0.289035
1.0201,0.291178
1.02211,0.293319
1.02412,0.295457
1.02613,0.297593
1.02814,0.299726
1.03015,0.301855
1.03216,0.303981
1.03417,0.306104
1.03618,0.308223
1.03819,0.310338
1.0402,0.312449
1.04221,0.314555
1.04422,0.316657
1.04623,0.318754
1.04824,0.320847
1.05025,0.322934
1.05226,0.325015
1.05427,0.327091
1.05628,0.329162
1.05829,0.331226
1.0603,0.333284
1.06231,0.335336
1.06432,0.337381
1.06633,0.33942
1.06834,0.341452
1.07035,0.343477
1.07236,0.345494
1.07437,0.347504
1.07638,0.349506
1.07839,0.351501
1.0804,0.353488
1.08241,0.355466
1.08442,0.357437
1.08643,0.359399
1.08844,0.361352
1.09045,0.363296
1.09246,0.365232
1.09447,0.367159
1.09648,0.369076
1.09849,0.370984
1.1005,0.372882
1.10251,0.374771
1.10452,0.37665
1.10653,0.378519
1.10854,0.380378
1.11055,0.382227
1.11256,0.384065
1.11457,0.385893
1.11658,0.387711
1.11859,0.389517
1.1206,0.391313
1.12261,0.393098
1.12462,0.394872
1.12663,0.396635
1.12864,0.398386
1.13065,0.400126
1.13266,0.401855
1.13467,0.403572
1.13668,0.405277
1.13869,0.406971
1.1407,0.408652
1.14271,0.410322
1.14472,0.41198
1.14673,0.413625
1.14874,0.415259
1.15075,0.41688
1.15276,0.418489
1.15477,0.420086
1.15678,0.42167
1.15879,0.423241
1.1608,0.424801
1.16281,0.426347
1.16482,0.427881
1.16683,0.429402
1.16884,0.43091
1.17085,0.432405
1.17286,0.433888
1.17487,0.435357
1.17688,0.436814
1.17889,0.438258
1.1809,0.439689
1.18291,0.441106
1.18492,0.442511
1.18693,0.443903
1.18894,0.445281
1.19095,0.446647
1.19296,0.447999
1.19497,0.449338
1.19698,0.450665
1.19899,0.451978
1.20101,0.453277
1.20302,0.454564
1.20503,0.455838
1.20704,0.457098
1.20905,0.458346
1.21106,0.45958
1.21307,0.460801
1.21508,0.462009
1.21709,0.463204
1.2191,0.464386
1.22111,0.465555
1.22312,0.466711
1.22513,0.467855
1.22714,0.468985
1.22915,0.470102
1.23116,0.471207
1.23317,0.472298
1.23518,0.473377
1.23719,0.474443
1.2392,0.475497
1.24121,0.476538
1.24322,0.477566
1.24523,0.478582
1.24724,0.479585
1.24925,0.480576
1.25126,0.481554
1.25327,0.48252
1.25528,0.483474
1.25729,0.484416
1.2593,0.485345
1.26131,0.486262
1.26332,0.487168
1.26533,0.488061
1.26734,0.488943
1.26935,0.489812
1.27136,0.49067
1.27337,0.491517
1.27538,0.492352
1.27739,0.493175
1.2794,0.493987
1.28141,0.494787
1.28342,0.495576
1.28543,0.496354
1.28744,0.497121
1.28945,0.497877
1.29146,0.498622
1.29347,0.499356
1.29548,0.500079
1.29749,0.500791
1.2995,0.501493
1.30151,0.502185
1.30352,0.502866
1.30553,0.503536
1.30754,0.504197
1.30955,0.504847
1.31156,0.505487
1.31357,0.506117
1.31558,0.506738
1.31759,0.507348
1.3196,0.507949
1.32161,0.50854
1.32362,0.509122
1.32563,0.509694
1.32764,0.510257
1.32965,0.510811
1.33166,0.511355
1.33367,0.511891
1.33568,0.512418
1.33769,0.512935
1.3397,0.513444
1.34171,0.513945
1.34372,0.514437
1.34573,0.51492
1.34774,0.515395
1.34975,0.515862
1.35176,0.516321
1.35377,0.516771
1.35578,0.517214
1.35779,0.517649
1.3598,0.518076
1.36181,0.518495
1.36382,0.518907
1.36583,0.519311
1.36784,0.519708
1.36985,0.520098
1.37186,0.52048
1.37387,0.520856
1.37588,0.521224
1.37789,0.521585
1.3799,0.52194
1.38191,0.522288
1.38392,0.522629
1.38593,0.522964
1.38794,0.523292
1.38995,0.523614
1.39196,0.52393
1.39397,0.524239
1.39598,0.524543
1.39799,0.52484
1.4,0.525132
1.40201,0.525417
1.40402,0.525697
1.40603,0.525972
1.40804,0.52624
1.41005,0.526504
1.41206,0.526761
1.41407,0.527014
1.41608,0.527261
1.41809,0.527504
1.4201,0.527741
1.42211,0.527973
1.42412,0.528201
1.42613,0.528423
1.42814,0.528641
1.43015,0.528854
1.43216,0.529063
1.43417,0.529267
1.43618,0.529467
1.43819,0.529662
1.4402,0.529853
1.44221,0.53004
1.44422,0.530223
1.44623,0.530402
1.44824,0.530576
1.45025,0.530747
1.45226,0.530914
1.45427,0.531078
1.45628,0.531237
1.45829,0.531393
1.4603,0.531546
1.46231,0.531694
1.46432,0.53184
1.46633,0.531982
1.46834,0.532121
1.47035,0.532257
1.47236,0.532389
1.47437,0.532518
1.47638,0.532645
1.47839,0.532768
1.4804,0.532888
1.48241,0.533006
1.48442,0.53312
1.48643,0.533232
1.48844,0.533341
1.49045,0.533448
1.49246,0.533552
1.49447,0.533653
1.49648,0.533752
1.49849,0.533848
1.5005,0.533942
1.50251,0.534034
1.50452,0.534123
1.50653,0.534211
1.50854,0.534296
1.51055,0.534378
1.51256,0.534459
1.51457,0.534538
1.51658,0.534614
1.51859,0.534689
1.5206,0.534762
1.52261,0.534833
1.52462,0.534902
1.52663,0.534969
1.52864,0.535035
1.53065,0.535098
1.53266,0.53516
1.53467,0.535221
1.53668,0.53528
1.53869,0.535337
1.5407,0.535393
1.54271,0.535447
1.54472,0.5355
1.54673,0.535551
1.54874,0.535601
1.55075,0.53565
1.55276,0.535697
1.55477,0.535743
1.55678,0.535788
1.55879,0.535831
1.5608,0.535873
1.56281,0.535914
1.56482,0.535954
1.56683,0.535993
1.56884,0.536031
1.57085,0.536067
1.57286,0.536103
1.57487,0.536138
1.57688,0.536171
1.57889,0.536204
1.5809,0.536236
1.58291,0.536266
1.58492,0.536296
1.58693,0.536325
1.58894,0.536354
1.59095,0.536381
1.59296,0.536408
1.59497,0.536433
1.59698,0.536458
1.59899,0.536483
1.60101,0.536506
1.60302,0.536529
1.60503,0.536551
1.60704,0.536573
1.60905,0.536594
1.61106,0.536614
1.61307,0.536634
1.61508,0.536653
1.61709,0.536671
1.6191,0.536689
1.62111,0.536706
1.62312,0.536723
1.62513,0.536739
1.62714,0.536755
1.62915,0.53677
1.63116,0.536785
1.63317,0.5368
1.63518,0.536813
1.63719,0.536827
1.6392,0.53684
1.64121,0.536853
1.64322,0.536865
1.64523,0.536877
1.64724,0.536888
1.64925,0.536899
1.65126,0.53691
1.65327,0.53692
1.65528,0.53693
1.65729,0.53694
1.6593,0.53695
1.66131,0.536959
1.66332,0.536967
1.66533,0.536976
1.66734,0.536984
1.66935,0.536992
1.67136,0.537
1.67337,0.537007
1.67538,0.537014
1.67739,0.537021
1.6794,0.537028
1.68141,0.537035
1.68342,0.537041
1.68543,0.537047
1.68744,0.537053
1.68945,0.537059
1.69146,0.537064
1.69347,0.537069
1.69548,0.537074
1.69749,0.537079
1.6995,0.537084
1.70151,0.537089
1.70352,0.537093
1.70553,0.537097
1.70754,0.537101
1.70955,0.537105
1.71156,0.537109
1.71357,0.537113
1.71558,0.537117
1.71759,0.53712
1.7196,0.537123
1.72161,0.537127
1.72362,0.53713
1.72563,0.537133
1.72764,0.537136
1.72965,0.537138
1.73166,0.537141
1.73367,0.537144
1.73568,0.537146
1.73769,0.537148
1.7397,0.537151
1.74171,0.537153
1.74372,0.537155
1.74573,0.537157
1.74774,0.537159
1.74975,0.537161
1.75176,0.537163
1.75377,0.537165
1.75578,0.537166
1.75779,0.537168
1.7598,0.53717
1.76181,0.537171
1.76382,0.537173
1.76583,0.537174
1.76784,0.537175
1.76985,0.537177
1.77186,0.537178
1.77387,0.537179
1.77588,0.53718
1.77789,0.537181
1.7799,0.537182
1.78191,0.537184
1.78392,0.537185
1.78593,0.537185
1.78794,0.537186
1.78995,0.537187
1.79196,0.537188
1.79397,0.537189
1.79598,0.53719
1.79799,0.53719
1.8,0.537191
1.80201,0.537192
1.80402,0.537193
1.80603,0.537193
1.80804,0.537194
1.81005,0.537194
1.81206,0.537195
1.81407,0.537195
1.81608,0.537196
1.81809,0.537197
1.8201,0.537197
1.82211,0.537197
1.82412,0.537198
1.82613,0.537198
1.82814,0.537199
1.83015,0.537199
1.83216,0.5372
1.83417,0.5372
1.83618,0.5372
1.83819,0.537201
1.8402,0.537201
1.84221,0.537201
1.84422,0.537201
1.84623,0.537202
1.84824,0.537202
1.85025,0.537202
1.85226,0.537202
1.85427,0.537203
1.85628,0.537203
1.85829,0.537203
1.8603,0.537203
1.86231,0.537204
1.86432,0.537204
1.86633,0.537204
1.86834,0.537204
1.87035,0.537204
1.87236,0.537204
1.87437,0.537205
1.87638,0.537205
1.87839,0.537205
1.8804,0.537205
1.88241,0.537205
1.88442,0.537205
1.88643,0.537205
1.88844,0.537205
1.89045,0.537206
1.89246,0.537206
1.89447,0.537206
1.89648,0.537206
1.89849,0.537206
1.9005,0.537206
1.90251,0.537206
1.90452,0.537206
1.90653,0.537206
1.90854,0.537206
1.91055,0.537206
1.91256,0.537207
1.91457,0.537207
1.91658,0.537207
1.91859,0.537207
1.9206,0.537207
1.92261,0.537207
1.92462,0.537207
1.92663,0.537207
1.92864,0.537207
1.93065,0.537207
1.93266,0.537207
1.93467,0.537207
1.93668,0.537207
1.93869,0.537207
1.9407,0.537207
1.94271,0.537207
1.94472,0.537207
1.94673,0.537207
1.94874,0.537207
1.95075,0.537207
1.95276,0.537207
1.95477,0.537207
1.95678,0.537207
1.95879,0.537207
1.9608,0.537207
1.96281,0.537207
1.96482,0.537207
1.96683,0.537207
1.96884,0.537208
1.97085,0.537208
1.97286,0.537208
1.97487,0.537208
1.97688,0.537208
1.97889,0.537208
1.9809,0.537208
1.98291,0.537208
1.98492,0.537208
1.98693,0.537208
1.98894,0.537208
1.99095,0.537208
1.99296,0.537208
1.99497,0.537208
1.99698,0.537208
1.99899,0.537208
