0.00180832,0
0.00542495,1.65344e-08
0.00904159,3.46215e-08
0.0126582,5.44008e-08
0.0162749,7.60236e-08
0.0198915,9.96538e-08
0.0235081,1.25469e-07
0.0271248,1.53663e-07
0.0307414,1.84445e-07
0.034358,2.1804e-07
0.0379747,2.54694e-07
0.0415913,2.94672e-07
0.045208,3.38263e-07
0.0488246,3.85776e-07
0.0524412,4.37547e-07
0.0560579,4.9394e-07
0.0596745,5.55348e-07
0.0632911,6.22194e-07
0.0669078,6.94936e-07
0.0705244,7.74069e-07
0.074141,8.60125e-07
0.0777577,9.5368e-07
0.0813743,1.05535e-06
0.084991,1.16581e-06
0.0886076,1.28578e-06
0.0922242,1.41604e-06
0.0958409,1.55741e-06
0.0994575,1.7108e-06
0.103074,1.87717e-06
0.106691,2.05757e-06
0.110307,2.25311e-06
0.113924,2.465e-06
0.117541,2.69452e-06
0.121157,2.94307e-06
0.124774,3.21212e-06
0.128391,3.50329e-06
0.132007,3.81828e-06
0.135624,4.15893e-06
0.139241,4.52721e-06
0.142857,4.92524e-06
0.146474,5.35526e-06
0.15009,5.81971e-06
0.153707,6.32118e-06
0.157324,6.86244e-06
0.16094,7.44645e-06
0.164557,8.07639e-06
0.168174,8.75564e-06
0.17179,9.48783e-06
0.175407,1.02768e-05
0.179024,1.11268e-05
0.18264,1.2042e-05
0.186257,1.30273e-05
0.189873,1.40877e-05
0.19349,1.52285e-05
0.197107,1.64553e-05
0.200723,1.77744e-05
0.20434,1.9192e-05
0.207957,2.07151e-05
0.211573,2.23511e-05
0.21519,2.41076e-05
0.218807,2.5993e-05
0.222423,2.80161e-05
0.22604,3.01861e-05
0.229656,3.25131e-05
0.233273,3.50075e-05
0.23689,3.76805e-05
0.240506,4.0544e-05
0.244123,4.36106e-05
0.24774,4.68935e-05
0.251356,5.04069e-05
0.254973,5.41657e-05
0.25859,5.81858e-05
0.262206,6.2484e-05
0.265823,6.70779e-05
0.269439,7.19863e-05
0.273056,7.72289e-05
0.276673,8.28269e-05
0.280289,8.88022e-05
0.283906,9.51782e-05
0.287523,0.00010198
0.291139,0.000109232
0.294756,0.000116964
0.298373,0.000125203
0.301989,0.000133981
0.305606,0.000143329
0.309222,0.00015328
0.312839,0.000163872
0.316456,0.00017514
0.320072,0.000187126
0.323689,0.000199868
0.327306,0.000213413
0.330922,0.000227804
0.334539,0.00024309
0.338156,0.000259321
0.341772,0.000276551
0.345389,0.000294834
0.349005,0.000314229
0.352622,0.000334796
0.356239,0.0003566
0.359855,0.000379706
0.363472,0.000404186
0.367089,0.000430111
0.370705,0.000457559
0.374322,0.000486609
0.377939,0.000517344
0.381555,0.000549853
0.385172,0.000584225
0.388788,0.000620557
0.392405,0.000658946
0.396022,0.000699497
0.399638,0.000742317
0.403255,0.000787518
0.406872,0.000835217
0.410488,0.000885536
0.414105,0.000938601
0.417722,0.000994543
0.421338,0.0010535
0.424955,0.00111561
0.428571,0.00118103
0.432188,0.00124991
0.435805,0.0013224
0.439421,0.00139867
0.443038,0.0014789
0.446655,0.00156325
0.450271,0.00165192
0.453888,0.0017451
0.457505,0.00184297
0.461121,0.00194574
0.464738,0.00205363
0.468354,0.00216685
0.471971,0.00228563
0.475588,0.0024102
0.479204,0.00254079
0.482821,0.00267765
0.486438,0.00282105
0.490054,0.00297123
0.493671,0.00312848
0.497288,0.00329307
0.500904,0.00346528
0.504521,0.00364541
0.508137,0.00383376
0.511754,0.00403065
0.515371,0.00423639
0.518987,0.00445131
0.522604,0.00467574
0.526221,0.00491004
0.529837,0.00515455
0.533454,0.00540964
0.537071,0.00567568
0.540687,0.00595304
0.544304,0.00624212
0.54792,0.0065433
0.551537,0.00685701
0.555154,0.00718364
0.55877,0.00752361
0.562387,0.00787737
0.566004,0.00824535
0.56962,0.00862799
0.573237,0.00902575
0.576854,0.00943909
0.58047,0.00986848
0.584087,0.0103144
0.587703,0.0107773
0.59132,0.0112578
0.594937,0.0117562
0.598553,0.0122731
0.60217,0.0128091
0.605787,0.0133646
0.609403,0.0139402
0.61302,0.0145363
0.616637,0.0151536
0.620253,0.0157926
0.62387,0.0164537
0.627486,0.0171377
0.631103,0.0178449
0.63472,0.018576
0.638336,0.0193315
0.641953,0.0201121
0.64557,0.0209181
0.649186,0.0217503
0.652803,0.0226092
0.65642,0.0234953
0.660036,0.0244092
0.663653,0.0253515
0.667269,0.0263227
0.670886,0.0273234
0.674503,0.0283542
0.678119,0.0294156
0.681736,0.0305082
0.685353,0.0316324
0.688969,0.032789
0.692586,0.0339783
0.696203,0.0352009
0.699819,0.0364574
0.703436,0.0377483
0.707052,0.039074
0.710669,0.040435
0.714286,0.0418319
0.717902,0.0432652
0.721519,0.0447352
0.725136,0.0462425
0.728752,0.0477874
0.732369,0.0493704
0.735986,0.050992
0.739602,0.0526524
0.743219,0.0543521
0.746835,0.0560915
0.750452,0.0578709
0.754069,0.0596905
0.757685,0.0615508
0.761302,0.0634519
0.764919,0.0653943
0.768535,0.067378
0.772152,0.0694033
0.775769,0.0714705
0.779385,0.0735796
0.783002,0.0757309
0.786618,0.0779245
0.790235,0.0801604
0.793852,0.0824388
0.797468,0.0847597
0.801085,0.087123
0.804702,0.0895289
0.808318,0.0919772
0.811935,0.0944679
0.815552,0.0970009
0.819168,0.0995761
0.822785,0.102193
0.826401,0.104852
0.830018,0.107553
0.833635,0.110295
0.837251,0.113078
0.840868,0.115902
0.844485,0.118767
0.848101,0.121671
0.851718,0.124615
0.855335,0.127599
0.858951,0.130621
0.862568,0.133681
0.866184,0.13678
0.869801,0.139915
0.873418,0.143087
0.877034,0.146295
0.880651,0.149539
0.884268,0.152817
0.887884,0.156129
0.891501,0.159474
0.895118,0.162852
0.898734,0.166261
0.902351,0.169701
0.905967,0.173171
0.909584,0.17667
0.913201,0.180197
0.916817,0.183751
0.920434,0.187332
0.924051,0.190938
0.927667,0.194568
0.931284,0.198221
0.934901,0.201897
0.938517,0.205594
0.942134,0.20931
0.94575,0.213046
0.949367,0.216799
0.952984,0.220569
0.9566,0.224354
0.960217,0.228154
0.963834,0.231966
0.96745,0.235791
0.971067,0.239626
0.974684,0.243471
0.9783,0.247323
0.981917,0.251183
0.985533,0.255048
0.98915,0.258918
0.992767,0.262791
0.996383,0.266666
1,0.270542
1.00362,0.274416
1.00723,0.278289
1.01085,0.282159
1.01447,0.286025
1.01808,0.289884
1.0217,0.293737
1.02532,0.297582
1.02893,0.301417
1.03255,0.305241
1.03617,0.309054
1.03978,0.312853
1.0434,0.316639
1.04702,0.320409
1.05063,0.324162
1.05425,0.327897
1.05787,0.331614
1.06148,0.335311
1.0651,0.338986
1.06872,0.34264
1.07233,0.34627
1.07595,0.349876
1.07957,0.353456
1.08318,0.357011
1.0868,0.360538
1.09042,0.364037
1.09403,0.367507
1.09765,0.370947
1.10127,0.374356
1.10488,0.377734
1.1085,0.381079
1.11212,0.384391
1.11573,0.387669
1.11935,0.390912
1.12297,0.39412
1.12658,0.397293
1.1302,0.400428
1.13382,0.403526
1.13743,0.406587
1.14105,0.409609
1.14467,0.412592
1.14828,0.415537
1.1519,0.418441
1.15552,0.421305
1.15913,0.424129
1.16275,0.426913
1.16637,0.429655
1.16998,0.432355
1.1736,0.435014
1.17722,0.437632
1.18083,0.440207
1.18445,0.44274
1.18807,0.44523
1.19168,0.447679
1.1953,0.450085
1.19892,0.452448
1.20253,0.454769
1.20615,0.457047
1.20976,0.459283
1.21338,0.461477
1.217,0.463628
1.22061,0.465737
1.22423,0.467804
1.22785,0.46983
1.23146,0.471813
1.23508,0.473756
1.2387,0.475657
1.24231,0.477517
1.24593,0.479337
1.24955,0.481116
1.25316,0.482856
1.25678,0.484555
1.2604,0.486216
1.26401,0.487837
1.26763,0.48942
1.27125,0.490965
1.27486,0.492472
1.27848,0.493942
1.2821,0.495376
1.28571,0.496773
1.28933,0.498134
1.29295,0.499459
1.29656,0.50075
1.30018,0.502007
1.3038,0.503229
1.30741,0.504419
1.31103,0.505575
1.31465,0.506699
1.31826,0.507792
1.32188,0.508853
1.3255,0.509884
1.32911,0.510885
1.33273,0.511856
1.33635,0.512798
1.33996,0.513712
1.34358,0.514598
1.3472,0.515457
1.35081,0.51629
1.35443,0.517096
1.35805,0.517876
1.36166,0.518632
1.36528,0.519363
1.3689,0.52007
1.37251,0.520754
1.37613,0.521415
1.37975,0.522054
1.38336,0.522671
1.38698,0.523267
1.3906,0.523843
1.39421,0.524399
1.39783,0.524935
1.40145,0.525451
1.40506,0.52595
1.40868,0.52643
1.4123,0.526893
1.41591,0.527339
1.41953,0.527769
1.42315,0.528182
1.42676,0.52858
1.43038,0.528962
1.434,0.52933
1.43761,0.529684
1.44123,0.530024
1.44485,0.530351
1.44846,0.530664
1.45208,0.530966
1.4557,0.531255
1.45931,0.531532
1.46293,0.531798
1.46655,0.532053
1.47016,0.532298
1.47378,0.532532
1.4774,0.532756
1.48101,0.532971
1.48463,0.533177
1.48825,0.533374
1.49186,0.533562
1.49548,0.533742
1.4991,0.533915
1.50271,0.534079
1.50633,0.534236
1.50995,0.534387
1.51356,0.53453
1.51718,0.534667
1.5208,0.534797
1.52441,0.534922
1.52803,0.535041
1.53165,0.535154
1.53526,0.535262
1.53888,0.535365
1.5425,0.535463
1.54611,0.535556
1.54973,0.535644
1.55335,0.535729
1.55696,0.535809
1.56058,0.535885
1.5642,0.535958
1.56781,0.536027
1.57143,0.536092
1.57505,0.536154
1.57866,0.536213
1.58228,0.536269
1.5859,0.536322
1.58951,0.536372
1.59313,0.53642
1.59675,0.536465
1.60036,0.536508
1.60398,0.536549
1.60759,0.536587
1.61121,0.536623
1.61483,0.536658
1.61844,0.53669
1.62206,0.536721
1.62568,0.53675
1.62929,0.536778
1.63291,0.536803
1.63653,0.536828
1.64014,0.536851
1.64376,0.536873
1.64738,0.536893
1.65099,0.536913
1.65461,0.536931
1.65823,0.536948
1.66184,0.536965
1.66546,0.53698
1.66908,0.536994
1.67269,0.537008
1.67631,0.537021
1.67993,0.537033
1.68354,0.537044
1.68716,0.537054
1.69078,0.537064
1.69439,0.537074
1.69801,0.537082
1.70163,0.537091
1.70524,0.537098
1.70886,0.537106
1.71248,0.537112
1.71609,0.537119
1.71971,0.537125
1.72333,0.53713
1.72694,0.537136
1.73056,0.537141
1.73418,0.537145
1.73779,0.537149
1.74141,0.537153
1.74503,0.537157
1.74864,0.537161
1.75226,0.537164
1.75588,0.537167
1.75949,0.53717
1.76311,0.537173
1.76673,0.537175
1.77034,0.537177
1.77396,0.53718
1.77758,0.537182
1.78119,0.537184
1.78481,0.537185
1.78843,0.537187
1.79204,0.537188
1.79566,0.53719
1.79928,0.537191
1.80289,0.537192
1.80651,0.537194
1.81013,0.537195
1.81374,0.537196
1.81736,0.537197
1.82098,0.537197
1.82459,0.537198
1.82821,0.537199
1.83183,0.5372
1.83544,0.5372
1.83906,0.537201
1.84268,0.537201
1.84629,0.537202
1.84991,0.537202
1.85353,0.537203
1.85714,0.537203
1.86076,0.537203
1.86438,0.537204
1.86799,0.537204
1.87161,0.537204
1.87523,0.537205
1.87884,0.537205
1.88246,0.537205
1.88608,0.537205
1.88969,0.537206
1.89331,0.537206
1.89693,0.537206
1.90054,0.537206
1.90416,0.537206
1.90778,0.537206
1.91139,0.537206
1.91501,0.537207
1.91863,0.537207
1.92224,0.537207
1.92586,0.537207
1.92948,0.537207
1.93309,0.537207
1.93671,0.537207
1.94033,0.537207
1.94394,0.537207
1.94756,0.537207
1.95118,0.537207
1.95479,0.537207
1.95841,0.537207
1.96203,0.537207
1.96564,0.537207
1.96926,0.537208
1.97288,0.537208
1.97649,0.537208
1.98011,0.537208
1.98373,0.537208
1.98734,0.537208
1.99096,0.537208
1.99458,0.537208
1.99819,0.537208
