0.00143678,0
0.00431034,1.27779e-08
0.00718391,2.65019e-08
0.0100575,4.1239e-08
0.012931,5.70606e-08
0.0158046,7.40431e-08
0.0186782,9.2268e-08
0.0215517,1.11822e-07
0.0244253,1.32798e-07
0.0272989,1.55294e-07
0.0301724,1.79416e-07
0.033046,2.05276e-07
0.0359195,2.32993e-07
0.0387931,2.62695e-07
0.0416667,2.94517e-07
0.0445402,3.28603e-07
0.0474138,3.65108e-07
0.0502874,4.04194e-07
0.0531609,4.46036e-07
0.0560345,4.90818e-07
0.058908,5.38737e-07
0.0617816,5.90002e-07
0.0646552,6.44837e-07
0.0675287,7.03476e-07
0.0704023,7.66172e-07
0.0732759,8.33191e-07
0.0761494,9.04816e-07
0.079023,9.81348e-07
0.0818966,1.06311e-06
0.0847701,1.15043e-06
0.0876437,1.24368e-06
0.0905172,1.34323e-06
0.0933908,1.4495e-06
0.0962644,1.5629e-06
0.0991379,1.6839e-06
0.102011,1.81298e-06
0.104885,1.95064e-06
0.107759,2.09743e-06
0.110632,2.25392e-06
0.113506,2.42072e-06
0.116379,2.59847e-06
0.119253,2.78785e-06
0.122126,2.98958e-06
0.125,3.20442e-06
0.127874,3.43317e-06
0.130747,3.67669e-06
0.133621,3.93587e-06
0.136494,4.21166e-06
0.139368,4.50508e-06
0.142241,4.81718e-06
0.145115,5.14908e-06
0.147989,5.50197e-06
0.150862,5.87709e-06
0.153736,6.27577e-06
0.156609,6.69939e-06
0.159483,7.14943e-06
0.162356,7.62742e-06
0.16523,8.13502e-06
0.168103,8.67392e-06
0.170977,9.24596e-06
0.173851,9.85304e-06
0.176724,1.04972e-05
0.179598,1.11805e-05
0.182471,1.19052e-05
0.185345,1.26737e-05
0.188218,1.34884e-05
0.191092,1.43519e-05
0.193966,1.5267e-05
0.196839,1.62366e-05
0.199713,1.72636e-05
0.202586,1.83514e-05
0.20546,1.95031e-05
0.208333,2.07223e-05
0.211207,2.20128e-05
0.21408,2.33784e-05
0.216954,2.48231e-05
0.219828,2.63513e-05
0.222701,2.79674e-05
0.225575,2.96761e-05
0.228448,3.14824e-05
0.231322,3.33915e-05
0.234195,3.54087e-05
0.237069,3.75398e-05
0.239943,3.97908e-05
0.242816,4.21678e-05
0.24569,4.46774e-05
0.248563,4.73265e-05
0.251437,5.01223e-05
0.25431,5.30722e-05
0.257184,5.61841e-05
0.260057,5.94663e-05
0.262931,6.29272e-05
0.265805,6.65761e-05
0.268678,7.04221e-05
0.271552,7.44752e-05
0.274425,7.87455e-05
0.277299,8.3244e-05
0.280172,8.79816e-05
0.283046,9.29702e-05
0.28592,9.82219e-05
0.288793,0.000103749
0.291667,0.000109566
0.29454,0.000115686
0.297414,0.000122123
0.300287,0.000128893
0.303161,0.000136011
0.306034,0.000143494
0.308908,0.000151358
0.311782,0.000159622
0.314655,0.000168303
0.317529,0.000177422
0.320402,0.000186998
0.323276,0.000197053
0.326149,0.000207607
0.329023,0.000218683
0.331897,0.000230305
0.33477,0.000242497
0.337644,0.000255285
0.340517,0.000268695
0.343391,0.000282753
0.346264,0.00029749
0.349138,0.000312933
0.352011,0.000329114
0.354885,0.000346064
0.357759,0.000363816
0.360632,0.000382404
0.363506,0.000401865
0.366379,0.000422233
0.369253,0.000443548
0.372126,0.000465849
0.375,0.000489177
0.377874,0.000513573
0.380747,0.000539081
0.383621,0.000565747
0.386494,0.000593618
0.389368,0.000622741
0.392241,0.000653167
0.395115,0.000684948
0.397989,0.000718137
0.400862,0.000752789
0.403736,0.000788962
0.406609,0.000826713
0.409483,0.000866105
0.412356,0.0009072
0.41523,0.000950062
0.418103,0.000994758
0.420977,0.00104136
0.423851,0.00108993
0.426724,0.00114055
0.429598,0.0011933
0.432471,0.00124824
0.435345,0.00130547
0.438218,0.00136505
0.441092,0.00142709
0.443966,0.00149166
0.446839,0.00155886
0.449713,0.00162877
0.452586,0.00170149
0.45546,0.00177712
0.458333,0.00185577
0.461207,0.00193752
0.46408,0.00202249
0.466954,0.00211079
0.469828,0.00220252
0.472701,0.00229781
0.475575,0.00239676
0.478448,0.00249951
0.481322,0.00260616
0.484195,0.00271686
0.487069,0.00283172
0.489943,0.00295087
0.492816,0.00307447
0.49569,0.00320263
0.498563,0.00333551
0.501437,0.00347325
0.50431,0.003616
0.507184,0.00376391
0.510057,0.00391713
0.512931,0.00407583
0.515805,0.00424016
0.518678,0.00441029
0.521552,0.00458638
0.524425,0.00476862
0.527299,0.00495717
0.530172,0.00515221
0.533046,0.00535392
0.53592,0.0055625
0.538793,0.00577812
0.541667,0.00600099
0.54454,0.00623129
0.547414,0.00646923
0.550287,0.00671501
0.553161,0.00696883
0.556034,0.0072309
0.558908,0.00750144
0.561782,0.00778065
0.564655,0.00806877
0.567529,0.00836601
0.570402,0.0086726
0.573276,0.00898877
0.576149,0.00931475
0.579023,0.00965076
0.581897,0.00999706
0.58477,0.0103539
0.587644,0.0107215
0.590517,0.0111001
0.593391,0.0114899
0.596264,0.0118913
0.599138,0.0123045
0.602011,0.0127296
0.604885,0.0131671
0.607759,0.0136171
0.610632,0.0140799
0.613506,0.0145558
0.616379,0.0150451
0.619253,0.015548
0.622126,0.0160647
0.625,0.0165957
0.627874,0.017141
0.630747,0.0177011
0.633621,0.0182762
0.636494,0.0188666
0.639368,0.0194725
0.642241,0.0200942
0.645115,0.0207321
0.647989,0.0213864
0.650862,0.0220574
0.653736,0.0227453
0.656609,0.0234505
0.659483,0.0241732
0.662356,0.0249138
0.66523,0.0256724
0.668103,0.0264495
0.670977,0.0272452
0.673851,0.0280598
0.676724,0.0288937
0.679598,0.0297471
0.682471,0.0306203
0.685345,0.0315135
0.688218,0.0324271
0.691092,0.0333612
0.693966,0.0343162
0.696839,0.0352924
0.699713,0.0362899
0.702586,0.0373091
0.70546,0.0383502
0.708333,0.0394134
0.711207,0.040499
0.71408,0.0416073
0.716954,0.0427385
0.719828,0.0438927
0.722701,0.0450704
0.725575,0.0462716
0.728448,0.0474965
0.731322,0.0487455
0.734195,0.0500187
0.737069,0.0513163
0.739943,0.0526385
0.742816,0.0539856
0.74569,0.0553575
0.748563,0.0567547
0.751437,0.0581771
0.75431,0.0596251
0.757184,0.0610986
0.760057,0.062598
0.762931,0.0641232
0.765805,0.0656745
0.768678,0.067252
0.771552,0.0688557
0.774425,0.0704858
0.777299,0.0721423
0.780172,0.0738254
0.783046,0.0755351
0.78592,0.0772715
0.788793,0.0790346
0.791667,0.0808245
0.79454,0.0826412
0.797414,0.0844847
0.800287,0.086355
0.803161,0.0882522
0.806034,0.0901762
0.808908,0.0921269
0.811782,0.0941045
0.814655,0.0961087
0.817529,0.0981397
0.820402,0.100197
0.823276,0.102281
0.826149,0.104392
0.829023,0.106528
0.831897,0.108691
0.83477,0.11088
0.837644,0.113095
0.840517,0.115336
0.843391,0.117602
0.846264,0.119893
0.849138,0.12221
0.852011,0.124552
0.854885,0.126919
0.857759,0.12931
0.860632,0.131725
0.863506,0.134165
0.866379,0.136628
0.869253,0.139115
0.872126,0.141625
0.875,0.144158
0.877874,0.146713
0.880747,0.149291
0.883621,0.151891
0.886494,0.154512
0.889368,0.157154
0.892241,0.159817
0.895115,0.162501
0.897989,0.165205
0.900862,0.167928
0.903736,0.17067
0.906609,0.173432
0.909483,0.176211
0.912356,0.179008
0.91523,0.181823
0.918103,0.184655
0.920977,0.187503
0.923851,0.190367
0.926724,0.193246
0.929598,0.19614
0.932471,0.199049
0.935345,0.201971
0.938218,0.204907
0.941092,0.207856
0.943966,0.210816
0.946839,0.213789
0.949713,0.216772
0.952586,0.219766
0.95546,0.22277
0.958333,0.225783
0.961207,0.228805
0.96408,0.231835
0.966954,0.234872
0.969828,0.237917
0.972701,0.240967
0.975575,0.244024
0.978448,0.247085
0.981322,0.250151
0.984195,0.253221
0.987069,0.256294
0.989943,0.259369
0.992816,0.262446
0.99569,0.265525
0.998563,0.268604
1.00144,0.271683
1.00431,0.274762
1.00718,0.277839
1.01006,0.280914
1.01293,0.283987
1.0158,0.287057
1.01868,0.290122
1.02155,0.293184
1.02443,0.29624
1.0273,0.299291
1.03017,0.302335
1.03305,0.305373
1.03592,0.308403
1.03879,0.311425
1.04167,0.314438
1.04454,0.317442
1.04741,0.320435
1.05029,0.323419
1.05316,0.326391
1.05603,0.329352
1.05891,0.3323
1.06178,0.335236
1.06466,0.338159
1.06753,0.341067
1.0704,0.343962
1.07328,0.346841
1.07615,0.349705
1.07902,0.352553
1.0819,0.355385
1.08477,0.358199
1.08764,0.360997
1.09052,0.363776
1.09339,0.366537
1.09626,0.36928
1.09914,0.372003
1.10201,0.374707
1.10489,0.37739
1.10776,0.380053
1.11063,0.382696
1.11351,0.385317
1.11638,0.387917
1.11925,0.390494
1.12213,0.39305
1.125,0.395583
1.12787,0.398093
1.13075,0.40058
1.13362,0.403043
1.13649,0.405482
1.13937,0.407898
1.14224,0.410289
1.14511,0.412656
1.14799,0.414997
1.15086,0.417314
1.15374,0.419606
1.15661,0.421872
1.15948,0.424113
1.16236,0.426328
1.16523,0.428516
1.1681,0.430679
1.17098,0.432816
1.17385,0.434927
1.17672,0.437011
1.1796,0.439068
1.18247,0.441099
1.18534,0.443103
1.18822,0.445081
1.19109,0.447032
1.19397,0.448955
1.19684,0.450853
1.19971,0.452723
1.20259,0.454566
1.20546,0.456383
1.20833,0.458173
1.21121,0.459936
1.21408,0.461673
1.21695,0.463382
1.21983,0.465065
1.2227,0.466722
1.22557,0.468352
1.22845,0.469956
1.23132,0.471533
1.2342,0.473084
1.23707,0.47461
1.23994,0.476109
1.24282,0.477583
1.24569,0.479031
1.24856,0.480453
1.25144,0.48185
1.25431,0.483222
1.25718,0.484569
1.26006,0.485891
1.26293,0.487189
1.2658,0.488462
1.26868,0.489711
1.27155,0.490936
1.27443,0.492137
1.2773,0.493315
1.28017,0.494469
1.28305,0.4956
1.28592,0.496709
1.28879,0.497794
1.29167,0.498858
1.29454,0.499899
1.29741,0.500918
1.30029,0.501915
1.30316,0.502891
1.30603,0.503846
1.30891,0.504781
1.31178,0.505694
1.31466,0.506587
1.31753,0.507461
1.3204,0.508314
1.32328,0.509148
1.32615,0.509962
1.32902,0.510758
1.3319,0.511535
1.33477,0.512294
1.33764,0.513034
1.34052,0.513757
1.34339,0.514462
1.34626,0.51515
1.34914,0.515821
1.35201,0.516476
1.35489,0.517113
1.35776,0.517735
1.36063,0.518341
1.36351,0.518931
1.36638,0.519507
1.36925,0.520067
1.37213,0.520612
1.375,0.521143
1.37787,0.52166
1.38075,0.522163
1.38362,0.522652
1.38649,0.523128
1.38937,0.523591
1.39224,0.524041
1.39511,0.524478
1.39799,0.524903
1.40086,0.525316
1.40374,0.525718
1.40661,0.526108
1.40948,0.526486
1.41236,0.526854
1.41523,0.527211
1.4181,0.527557
1.42098,0.527893
1.42385,0.528219
1.42672,0.528535
1.4296,0.528842
1.43247,0.529139
1.43534,0.529427
1.43822,0.529706
1.44109,0.529977
1.44397,0.530239
1.44684,0.530493
1.44971,0.530738
1.45259,0.530976
1.45546,0.531207
1.45833,0.53143
1.46121,0.531645
1.46408,0.531854
1.46695,0.532055
1.46983,0.53225
1.4727,0.532439
1.47557,0.532621
1.47845,0.532797
1.48132,0.532968
1.4842,0.533132
1.48707,0.533291
1.48994,0.533444
1.49282,0.533592
1.49569,0.533734
1.49856,0.533872
1.50144,0.534005
1.50431,0.534133
1.50718,0.534257
1.51006,0.534376
1.51293,0.534491
1.5158,0.534602
1.51868,0.534708
1.52155,0.534811
1.52443,0.53491
1.5273,0.535005
1.53017,0.535097
1.53305,0.535185
1.53592,0.53527
1.53879,0.535352
1.54167,0.535431
1.54454,0.535506
1.54741,0.535579
1.55029,0.535649
1.55316,0.535716
1.55603,0.535781
1.55891,0.535843
1.56178,0.535902
1.56466,0.535959
1.56753,0.536014
1.5704,0.536067
1.57328,0.536118
1.57615,0.536166
1.57902,0.536213
1.5819,0.536258
1.58477,0.5363
1.58764,0.536342
1.59052,0.536381
1.59339,0.536419
1.59626,0.536455
1.59914,0.53649
1.60201,0.536523
1.60489,0.536554
1.60776,0.536585
1.61063,0.536614
1.61351,0.536642
1.61638,0.536669
1.61925,0.536694
1.62213,0.536718
1.625,0.536742
1.62787,0.536764
1.63075,0.536785
1.63362,0.536806
1.63649,0.536825
1.63937,0.536844
1.64224,0.536862
1.64511,0.536879
1.64799,0.536895
1.65086,0.53691
1.65374,0.536925
1.65661,0.536939
1.65948,0.536952
1.66236,0.536965
1.66523,0.536977
1.6681,0.536989
1.67098,0.537
1.67385,0.537011
1.67672,0.537021
1.6796,0.53703
1.68247,0.537039
1.68534,0.537048
1.68822,0.537056
1.69109,0.537064
1.69397,0.537072
1.69684,0.537079
1.69971,0.537086
1.70259,0.537092
1.70546,0.537098
1.70833,0.537104
1.71121,0.537109
1.71408,0.537115
1.71695,0.53712
1.71983,0.537124
1.7227,0.537129
1.72557,0.537133
1.72845,0.537137
1.73132,0.537141
1.7342,0.537145
1.73707,0.537148
1.73994,0.537151
1.74282,0.537155
1.74569,0.537158
1.74856,0.53716
1.75144,0.537163
1.75431,0.537165
1.75718,0.537168
1.76006,0.53717
1.76293,0.537172
1.7658,0.537174
1.76868,0.537176
1.77155,0.537178
1.77443,0.53718
1.7773,0.537181
1.78017,0.537183
1.78305,0.537184
1.78592,0.537186
1.78879,0.537187
1.79167,0.537188
1.79454,0.537189
1.79741,0.53719
1.80029,0.537191
1.80316,0.537192
1.80603,0.537193
1.80891,0.537194
1.81178,0.537195
1.81466,0.537196
1.81753,0.537196
1.8204,0.537197
1.82328,0.537198
1.82615,0.537198
1.82902,0.537199
1.8319,0.5372
1.83477,0.5372
1.83764,0.537201
1.84052,0.537201
1.84339,0.537201
1.84626,0.537202
1.84914,0.537202
1.85201,0.537203
1.85489,0.537203
1.85776,0.537203
1.86063,0.537203
1.86351,0.537204
1.86638,0.537204
1.86925,0.537204
1.87213,0.537204
1.875,0.537205
1.87787,0.537205
1.88075,0.537205
1.88362,0.537205
1.88649,0.537205
1.88937,0.537206
1.89224,0.537206
1.89511,0.537206
1.89799,0.537206
1.90086,0.537206
1.90374,0.537206
1.90661,0.537206
1.90948,0.537206
1.91236,0.537207
1.91523,0.537207
1.9181,0.537207
1.92098,0.537207
1.92385,0.537207
1.92672,0.537207
1.9296,0.537207
1.93247,0.537207
1.93534,0.537207
1.93822,0.537207
1.94109,0.537207
1.94397,0.537207
1.94684,0.537207
1.94971,0.537207
1.95259,0.537207
1.95546,0.537207
1.95833,0.537207
1.96121,0.537207
1.96408,0.537207
1.96695,0.537207
1.96983,0.537208
1.9727,0.537208
1.97557,0.537208
1.97845,0.537208
1.98132,0.537208
1.9842,0.537208
1.98707,0.537208
1.98994,0.537208
1.99282,0.537208
1.99569,0.537208
1.99856,0.537208
