0.00129534,0
0.00388601,1.13989e-08
0.00647668,2.35565e-08
0.00906736,3.6521e-08
0.011658,5.03436e-08
0.0142487,6.50788e-08
0.0168394,8.07841e-08
0.0194301,9.75206e-08
0.0220207,1.15353e-07
0.0246114,1.3435e-07
0.0272021,1.54584e-07
0.0297927,1.76132e-07
0.0323834,1.99075e-07
0.0349741,2.235e-07
0.0375648,2.49499e-07
0.0401554,2.77167e-07
0.0427461,3.06608e-07
0.0453368,3.37929e-07
0.0479275,3.71244e-07
0.0505181,4.06676e-07
0.0531088,4.44352e-07
0.0556995,4.84408e-07
0.0582902,5.26986e-07
0.0608808,5.72238e-07
0.0634715,6.20324e-07
0.0660622,6.71412e-07
0.0686528,7.25682e-07
0.0712435,7.83321e-07
0.0738342,8.44528e-07
0.0764249,9.09514e-07
0.0790155,9.785e-07
0.0816062,1.05172e-06
0.0841969,1.12942e-06
0.0867876,1.21186e-06
0.0893782,1.29932e-06
0.0919689,1.39208e-06
0.0945596,1.49046e-06
0.0971503,1.59477e-06
0.0997409,1.70534e-06
0.102332,1.82255e-06
0.104922,1.94677e-06
0.107513,2.07838e-06
0.110104,2.21782e-06
0.112694,2.36552e-06
0.115285,2.52194e-06
0.117876,2.68757e-06
0.120466,2.86293e-06
0.123057,3.04854e-06
0.125648,3.24499e-06
0.128238,3.45287e-06
0.130829,3.67281e-06
0.13342,3.90546e-06
0.13601,4.15152e-06
0.138601,4.41172e-06
0.141192,4.68683e-06
0.143782,4.97765e-06
0.146373,5.28502e-06
0.148964,5.60984e-06
0.151554,5.95304e-06
0.154145,6.3156e-06
0.156736,6.69854e-06
0.159326,7.10294e-06
0.161917,7.52993e-06
0.164508,7.98071e-06
0.167098,8.45651e-06
0.169689,8.95863e-06
0.17228,9.48846e-06
0.17487,1.00474e-05
0.177461,1.0637e-05
0.180052,1.12588e-05
0.182642,1.19145e-05
0.185233,1.26057e-05
0.187824,1.33344e-05
0.190415,1.41023e-05
0.193005,1.49115e-05
0.195596,1.5764e-05
0.198187,1.66621e-05
0.200777,1.7608e-05
0.203368,1.8604e-05
0.205959,1.96527e-05
0.208549,2.07566e-05
0.21114,2.19185e-05
0.213731,2.31412e-05
0.216321,2.44277e-05
0.218912,2.5781e-05
0.221503,2.72044e-05
0.224093,2.87013e-05
0.226684,3.02753e-05
0.229275,3.19299e-05
0.231865,3.36691e-05
0.234456,3.54968e-05
0.237047,3.74173e-05
0.239637,3.94349e-05
0.242228,4.15542e-05
0.244819,4.37799e-05
0.247409,4.6117e-05
0.25,4.85706e-05
0.252591,5.11461e-05
0.255181,5.38491e-05
0.257772,5.66854e-05
0.260363,5.96612e-05
0.262953,6.27828e-05
0.265544,6.60567e-05
0.268135,6.94898e-05
0.270725,7.30893e-05
0.273316,7.68625e-05
0.275907,8.08172e-05
0.278497,8.49615e-05
0.281088,8.93037e-05
0.283679,9.38524e-05
0.286269,9.86168e-05
0.28886,0.000103606
0.291451,0.00010883
0.294041,0.000114299
0.296632,0.000120023
0.299223,0.000126014
0.301813,0.000132282
0.304404,0.00013884
0.306995,0.000145699
0.309585,0.000152873
0.312176,0.000160374
0.314767,0.000168216
0.317358,0.000176413
0.319948,0.00018498
0.322539,0.000193932
0.32513,0.000203285
0.32772,0.000213055
0.330311,0.000223258
0.332902,0.000233914
0.335492,0.000245038
0.338083,0.000256651
0.340674,0.000268772
0.343264,0.00028142
0.345855,0.000294617
0.348446,0.000308384
0.351036,0.000322743
0.353627,0.000337717
0.356218,0.00035333
0.358808,0.000369607
0.361399,0.000386572
0.36399,0.000404252
0.36658,0.000422674
0.369171,0.000441866
0.371762,0.000461856
0.374352,0.000482675
0.376943,0.000504354
0.379534,0.000526922
0.382124,0.000550415
0.384715,0.000574864
0.387306,0.000600305
0.389896,0.000626774
0.392487,0.000654308
0.395078,0.000682944
0.397668,0.000712722
0.400259,0.000743681
0.40285,0.000775865
0.40544,0.000809314
0.408031,0.000844074
0.410622,0.000880189
0.413212,0.000917707
0.415803,0.000956674
0.418394,0.000997141
0.420984,0.00103916
0.423575,0.00108278
0.426166,0.00112805
0.428756,0.00117503
0.431347,0.00122379
0.433938,0.00127436
0.436528,0.00132682
0.439119,0.00138123
0.44171,0.00143764
0.444301,0.00149613
0.446891,0.00155675
0.449482,0.00161958
0.452073,0.00168468
0.454663,0.00175213
0.457254,0.001822
0.459845,0.00189437
0.462435,0.0019693
0.465026,0.00204688
0.467617,0.00212719
0.470207,0.00221032
0.472798,0.00229633
0.475389,0.00238533
0.477979,0.00247739
0.48057,0.00257261
0.483161,0.00267108
0.485751,0.0027729
0.488342,0.00287815
0.490933,0.00298694
0.493523,0.00309937
0.496114,0.00321554
0.498705,0.00333555
0.501295,0.00345951
0.503886,0.00358753
0.506477,0.00371972
0.509067,0.0038562
0.511658,0.00399706
0.514249,0.00414245
0.516839,0.00429247
0.51943,0.00444724
0.522021,0.00460689
0.524611,0.00477155
0.527202,0.00494134
0.529793,0.0051164
0.532383,0.00529686
0.534974,0.00548285
0.537565,0.00567451
0.540155,0.00587198
0.542746,0.0060754
0.545337,0.00628492
0.547927,0.00650068
0.550518,0.00672284
0.553109,0.00695154
0.555699,0.00718693
0.55829,0.00742918
0.560881,0.00767844
0.563472,0.00793486
0.566062,0.00819862
0.568653,0.00846987
0.571244,0.00874878
0.573834,0.00903553
0.576425,0.00933027
0.579016,0.00963319
0.581606,0.00994445
0.584197,0.0102642
0.586788,0.0105927
0.589378,0.0109301
0.591969,0.0112765
0.59456,0.0116322
0.59715,0.0119973
0.599741,0.012372
0.602332,0.0127566
0.604922,0.0131511
0.607513,0.0135559
0.610104,0.013971
0.612694,0.0143967
0.615285,0.0148331
0.617876,0.0152806
0.620466,0.0157392
0.623057,0.0162092
0.625648,0.0166908
0.628238,0.0171841
0.630829,0.0176895
0.63342,0.018207
0.63601,0.0187369
0.638601,0.0192794
0.641192,0.0198347
0.643782,0.020403
0.646373,0.0209845
0.648964,0.0215795
0.651554,0.022188
0.654145,0.0228105
0.656736,0.0234469
0.659326,0.0240976
0.661917,0.0247628
0.664508,0.0254427
0.667098,0.0261374
0.669689,0.0268472
0.67228,0.0275723
0.67487,0.0283129
0.677461,0.0290691
0.680052,0.0298413
0.682642,0.0306296
0.685233,0.0314342
0.687824,0.0322553
0.690415,0.0330931
0.693005,0.0339477
0.695596,0.0348195
0.698187,0.0357086
0.700777,0.0366151
0.703368,0.0375393
0.705959,0.0384813
0.708549,0.0394414
0.71114,0.0404197
0.713731,0.0414164
0.716321,0.0424316
0.718912,0.0434656
0.721503,0.0445185
0.724093,0.0455904
0.726684,0.0466816
0.729275,0.0477922
0.731865,0.0489224
0.734456,0.0500722
0.737047,0.0512419
0.739637,0.0524316
0.742228,0.0536414
0.744819,0.0548715
0.747409,0.056122
0.75,0.0573929
0.752591,0.0586846
0.755181,0.059997
0.757772,0.0613302
0.760363,0.0626844
0.762953,0.0640597
0.765544,0.0654561
0.768135,0.0668738
0.770725,0.0683129
0.773316,0.0697733
0.775907,0.0712552
0.778497,0.0727586
0.781088,0.0742837
0.783679,0.0758303
0.786269,0.0773987
0.78886,0.0789888
0.791451,0.0806007
0.794041,0.0822343
0.796632,0.0838897
0.799223,0.085567
0.801813,0.087266
0.804404,0.0889869
0.806995,0.0907296
0.809585,0.092494
0.812176,0.0942802
0.814767,0.096088
0.817358,0.0979176
0.819948,0.0997688
0.822539,0.101641
0.82513,0.103536
0.82772,0.105451
0.830311,0.107388
0.832902,0.109346
0.835492,0.111326
0.838083,0.113326
0.840674,0.115347
0.843264,0.11739
0.845855,0.119452
0.848446,0.121536
0.851036,0.123639
0.853627,0.125763
0.856218,0.127907
0.858808,0.130071
0.861399,0.132254
0.86399,0.134457
0.86658,0.13668
0.869171,0.138921
0.871762,0.141181
0.874352,0.14346
0.876943,0.145757
0.879534,0.148073
0.882124,0.150406
0.884715,0.152758
0.887306,0.155126
0.889896,0.157512
0.892487,0.159915
0.895078,0.162334
0.897668,0.164769
0.900259,0.167221
0.90285,0.169688
0.90544,0.17217
0.908031,0.174668
0.910622,0.17718
0.913212,0.179707
0.915803,0.182248
0.918394,0.184802
0.920984,0.18737
0.923575,0.18995
0.926166,0.192544
0.928756,0.195149
0.931347,0.197766
0.933938,0.200395
0.936528,0.203035
0.939119,0.205685
0.94171,0.208346
0.944301,0.211016
0.946891,0.213696
0.949482,0.216385
0.952073,0.219083
0.954663,0.221788
0.957254,0.224502
0.959845,0.227223
0.962435,0.22995
0.965026,0.232684
0.967617,0.235424
0.970207,0.23817
0.972798,0.24092
0.975389,0.243675
0.977979,0.246435
0.98057,0.249198
0.983161,0.251964
0.985751,0.254733
0.988342,0.257504
0.990933,0.260278
0.993523,0.263052
0.996114,0.265828
0.998705,0.268604
1.0013,0.27138
1.00389,0.274155
1.00648,0.27693
1.00907,0.279703
1.01166,0.282475
1.01425,0.285244
1.01684,0.28801
1.01943,0.290773
1.02202,0.293532
1.02461,0.296288
1.0272,0.299038
1.02979,0.301784
1.03238,0.304524
1.03497,0.307258
1.03756,0.309985
1.04016,0.312706
1.04275,0.315419
1.04534,0.318125
1.04793,0.320822
1.05052,0.323511
1.05311,0.326191
1.0557,0.328862
1.05829,0.331522
1.06088,0.334173
1.06347,0.336813
1.06606,0.339441
1.06865,0.342059
1.07124,0.344664
1.07383,0.347257
1.07642,0.349838
1.07902,0.352406
1.08161,0.35496
1.0842,0.357501
1.08679,0.360027
1.08938,0.36254
1.09197,0.365037
1.09456,0.36752
1.09715,0.369987
1.09974,0.372438
1.10233,0.374874
1.10492,0.377293
1.10751,0.379696
1.1101,0.382081
1.11269,0.38445
1.11528,0.386801
1.11788,0.389135
1.12047,0.39145
1.12306,0.393748
1.12565,0.396027
1.12824,0.398287
1.13083,0.400528
1.13342,0.40275
1.13601,0.404953
1.1386,0.407137
1.14119,0.409301
1.14378,0.411445
1.14637,0.413568
1.14896,0.415672
1.15155,0.417755
1.15415,0.419818
1.15674,0.42186
1.15933,0.423881
1.16192,0.425882
1.16451,0.427861
1.1671,0.429819
1.16969,0.431756
1.17228,0.433672
1.17487,0.435566
1.17746,0.437439
1.18005,0.43929
1.18264,0.44112
1.18523,0.442927
1.18782,0.444714
1.19041,0.446478
1.19301,0.448221
1.1956,0.449942
1.19819,0.451641
1.20078,0.453318
1.20337,0.454973
1.20596,0.456607
1.20855,0.458219
1.21114,0.459809
1.21373,0.461377
1.21632,0.462924
1.21891,0.464449
1.2215,0.465952
1.22409,0.467434
1.22668,0.468895
1.22927,0.470334
1.23187,0.471752
1.23446,0.473148
1.23705,0.474523
1.23964,0.475877
1.24223,0.477211
1.24482,0.478523
1.24741,0.479815
1.25,0.481086
1.25259,0.482336
1.25518,0.483566
1.25777,0.484776
1.26036,0.485966
1.26295,0.487135
1.26554,0.488285
1.26813,0.489415
1.27073,0.490526
1.27332,0.491617
1.27591,0.492689
1.2785,0.493742
1.28109,0.494776
1.28368,0.495791
1.28627,0.496788
1.28886,0.497766
1.29145,0.498726
1.29404,0.499668
1.29663,0.500593
1.29922,0.501499
1.30181,0.502388
1.3044,0.50326
1.30699,0.504115
1.30959,0.504952
1.31218,0.505773
1.31477,0.506578
1.31736,0.507366
1.31995,0.508139
1.32254,0.508895
1.32513,0.509635
1.32772,0.51036
1.33031,0.51107
1.3329,0.511765
1.33549,0.512445
1.33808,0.51311
1.34067,0.513761
1.34326,0.514397
1.34585,0.51502
1.34845,0.515628
1.35104,0.516223
1.35363,0.516805
1.35622,0.517373
1.35881,0.517928
1.3614,0.518471
1.36399,0.519001
1.36658,0.519518
1.36917,0.520024
1.37176,0.520517
1.37435,0.520998
1.37694,0.521468
1.37953,0.521927
1.38212,0.522375
1.38472,0.522811
1.38731,0.523237
1.3899,0.523652
1.39249,0.524057
1.39508,0.524451
1.39767,0.524836
1.40026,0.52521
1.40285,0.525575
1.40544,0.525931
1.40803,0.526278
1.41062,0.526615
1.41321,0.526943
1.4158,0.527263
1.41839,0.527574
1.42098,0.527877
1.42358,0.528172
1.42617,0.528459
1.42876,0.528738
1.43135,0.529009
1.43394,0.529273
1.43653,0.529529
1.43912,0.529778
1.44171,0.530021
1.4443,0.530256
1.44689,0.530485
1.44948,0.530707
1.45207,0.530923
1.45466,0.531132
1.45725,0.531336
1.45984,0.531533
1.46244,0.531725
1.46503,0.531911
1.46762,0.532091
1.47021,0.532266
1.4728,0.532436
1.47539,0.532601
1.47798,0.53276
1.48057,0.532915
1.48316,0.533065
1.48575,0.533211
1.48834,0.533351
1.49093,0.533488
1.49352,0.53362
1.49611,0.533748
1.4987,0.533872
1.5013,0.533992
1.50389,0.534108
1.50648,0.534221
1.50907,0.53433
1.51166,0.534435
1.51425,0.534537
1.51684,0.534635
1.51943,0.53473
1.52202,0.534822
1.52461,0.534911
1.5272,0.534997
1.52979,0.53508
1.53238,0.535161
1.53497,0.535238
1.53756,0.535313
1.54016,0.535386
1.54275,0.535456
1.54534,0.535523
1.54793,0.535588
1.55052,0.535651
1.55311,0.535712
1.5557,0.53577
1.55829,0.535826
1.56088,0.535881
1.56347,0.535933
1.56606,0.535984
1.56865,0.536033
1.57124,0.53608
1.57383,0.536125
1.57642,0.536169
1.57902,0.536211
1.58161,0.536251
1.5842,0.53629
1.58679,0.536327
1.58938,0.536364
1.59197,0.536398
1.59456,0.536432
1.59715,0.536464
1.59974,0.536495
1.60233,0.536525
1.60492,0.536553
1.60751,0.536581
1.6101,0.536607
1.61269,0.536633
1.61528,0.536657
1.61788,0.536681
1.62047,0.536703
1.62306,0.536725
1.62565,0.536746
1.62824,0.536766
1.63083,0.536785
1.63342,0.536803
1.63601,0.536821
1.6386,0.536838
1.64119,0.536854
1.64378,0.53687
1.64637,0.536885
1.64896,0.536899
1.65155,0.536913
1.65415,0.536926
1.65674,0.536939
1.65933,0.536951
1.66192,0.536963
1.66451,0.536974
1.6671,0.536984
1.66969,0.536995
1.67228,0.537004
1.67487,0.537014
1.67746,0.537023
1.68005,0.537031
1.68264,0.537039
1.68523,0.537047
1.68782,0.537055
1.69041,0.537062
1.69301,0.537069
1.6956,0.537075
1.69819,0.537082
1.70078,0.537088
1.70337,0.537093
1.70596,0.537099
1.70855,0.537104
1.71114,0.537109
1.71373,0.537114
1.71632,0.537118
1.71891,0.537123
1.7215,0.537127
1.72409,0.537131
1.72668,0.537135
1.72927,0.537138
1.73187,0.537142
1.73446,0.537145
1.73705,0.537148
1.73964,0.537151
1.74223,0.537154
1.74482,0.537157
1.74741,0.537159
1.75,0.537162
1.75259,0.537164
1.75518,0.537166
1.75777,0.537168
1.76036,0.53717
1.76295,0.537172
1.76554,0.537174
1.76813,0.537176
1.77073,0.537177
1.77332,0.537179
1.77591,0.53718
1.7785,0.537182
1.78109,0.537183
1.78368,0.537185
1.78627,0.537186
1.78886,0.537187
1.79145,0.537188
1.79404,0.537189
1.79663,0.53719
1.79922,0.537191
1.80181,0.537192
1.8044,0.537193
1.80699,0.537194
1.80959,0.537194
1.81218,0.537195
1.81477,0.537196
1.81736,0.537196
1.81995,0.537197
1.82254,0.537198
1.82513,0.537198
1.82772,0.537199
1.83031,0.537199
1.8329,0.5372
1.83549,0.5372
1.83808,0.537201
1.84067,0.537201
1.84326,0.537201
1.84585,0.537202
1.84845,0.537202
1.85104,0.537202
1.85363,0.537203
1.85622,0.537203
1.85881,0.537203
1.8614,0.537204
1.86399,0.537204
1.86658,0.537204
1.86917,0.537204
1.87176,0.537204
1.87435,0.537205
1.87694,0.537205
1.87953,0.537205
1.88212,0.537205
1.88472,0.537205
1.88731,0.537205
1.8899,0.537206
1.89249,0.537206
1.89508,0.537206
1.89767,0.537206
1.90026,0.537206
1.90285,0.537206
1.90544,0.537206
1.90803,0.537206
1.91062,0.537206
1.91321,0.537207
1.9158,0.537207
1.91839,0.537207
1.92098,0.537207
1.92358,0.537207
1.92617,0.537207
1.92876,0.537207
1.93135,0.537207
1.93394,0.537207
1.93653,0.537207
1.93912,0.537207
1.94171,0.537207
1.9443,0.537207
1.94689,0.537207
1.94948,0.537207
1.95207,0.537207
1.95466,0.537207
1.95725,0.537207
1.95984,0.537207
1.96244,0.537207
1.96503,0.537207
1.96762,0.537207
1.97021,0.537208
1.9728,0.537208
1.97539,0.537208
1.97798,0.537208
1.98057,0.537208
1.98316,0.537208
1.98575,0.537208
1.98834,0.537208
1.99093,0.537208
1.99352,0.537208
1.99611,0.537208
1.9987,0.537208
