0.00136799,0
0.00410397,1.21038e-08
0.00683995,2.50596e-08
0.00957592,3.89248e-08
0.0123119,5.37604e-08
0.0150479,6.96314e-08
0.0177839,8.66069e-08
0.0205198,1.0476e-07
0.0232558,1.2417e-07
0.0259918,1.44919e-07
0.0287278,1.67094e-07
0.0314637,1.90791e-07
0.0341997,2.16109e-07
0.0369357,2.43153e-07
0.0396717,2.72036e-07
0.0424077,3.02877e-07
0.0451436,3.35802e-07
0.0478796,3.70947e-07
0.0506156,4.08452e-07
0.0533516,4.48471e-07
0.0560876,4.91162e-07
0.0588235,5.36696e-07
0.0615595,5.85254e-07
0.0642955,6.37025e-07
0.0670315,6.92214e-07
0.0697674,7.51033e-07
0.0725034,8.13711e-07
0.0752394,8.80487e-07
0.0779754,9.51617e-07
0.0807114,1.02737e-06
0.0834473,1.10803e-06
0.0861833,1.19391e-06
0.0889193,1.28531e-06
0.0916553,1.38258e-06
0.0943912,1.48608e-06
0.0971272,1.59618e-06
0.0998632,1.71328e-06
0.102599,1.83781e-06
0.105335,1.9702e-06
0.108071,2.11094e-06
0.110807,2.26052e-06
0.113543,2.41947e-06
0.116279,2.58833e-06
0.119015,2.7677e-06
0.121751,2.9582e-06
0.124487,3.16046e-06
0.127223,3.37519e-06
0.129959,3.60311e-06
0.132695,3.84498e-06
0.135431,4.10161e-06
0.138167,4.37385e-06
0.140903,4.66259e-06
0.143639,4.96878e-06
0.146375,5.29341e-06
0.149111,5.63752e-06
0.151847,6.00222e-06
0.154583,6.38867e-06
0.157319,6.79809e-06
0.160055,7.23176e-06
0.162791,7.69102e-06
0.165527,8.17732e-06
0.168263,8.69212e-06
0.170999,9.23701e-06
0.173735,9.81364e-06
0.176471,1.04237e-05
0.179207,1.10691e-05
0.181943,1.17517e-05
0.184679,1.24735e-05
0.187415,1.32367e-05
0.19015,1.40434e-05
0.192886,1.48959e-05
0.195622,1.57968e-05
0.198358,1.67485e-05
0.201094,1.77537e-05
0.20383,1.88153e-05
0.206566,1.99363e-05
0.209302,2.11196e-05
0.212038,2.23686e-05
0.214774,2.36866e-05
0.21751,2.50772e-05
0.220246,2.65442e-05
0.222982,2.80913e-05
0.225718,2.97228e-05
0.228454,3.14428e-05
0.23119,3.32559e-05
0.233926,3.51666e-05
0.236662,3.718e-05
0.239398,3.93011e-05
0.242134,4.15353e-05
0.24487,4.38881e-05
0.247606,4.63654e-05
0.250342,4.89732e-05
0.253078,5.17181e-05
0.255814,5.46065e-05
0.25855,5.76455e-05
0.261286,6.08422e-05
0.264022,6.42044e-05
0.266758,6.77398e-05
0.269494,7.14566e-05
0.27223,7.53636e-05
0.274966,7.94695e-05
0.277702,8.37839e-05
0.280438,8.83163e-05
0.283174,9.30769e-05
0.28591,9.80762e-05
0.288646,0.000103325
0.291382,0.000108836
0.294118,0.000114619
0.296854,0.000120688
0.29959,0.000127056
0.302326,0.000133735
0.305062,0.00014074
0.307798,0.000148085
0.310534,0.000155786
0.313269,0.000163858
0.316005,0.000172317
0.318741,0.000181181
0.321477,0.000190466
0.324213,0.000200192
0.326949,0.000210377
0.329685,0.000221041
0.332421,0.000232204
0.335157,0.000243887
0.337893,0.000256113
0.340629,0.000268904
0.343365,0.000282284
0.346101,0.000296278
0.348837,0.00031091
0.351573,0.000326207
0.354309,0.000342196
0.357045,0.000358906
0.359781,0.000376365
0.362517,0.000394604
0.365253,0.000413654
0.367989,0.000433548
0.370725,0.000454318
0.373461,0.000476
0.376197,0.00049863
0.378933,0.000522243
0.381669,0.000546879
0.384405,0.000572577
0.387141,0.000599378
0.389877,0.000627323
0.392613,0.000656456
0.395349,0.000686823
0.398085,0.000718468
0.400821,0.000751441
0.403557,0.00078579
0.406293,0.000821565
0.409029,0.00085882
0.411765,0.000897609
0.414501,0.000937985
0.417237,0.000980008
0.419973,0.00102374
0.422709,0.00106923
0.425445,0.00111655
0.428181,0.00116576
0.430917,0.00121693
0.433653,0.00127013
0.436389,0.00132542
0.439124,0.00138288
0.44186,0.00144259
0.444596,0.00150461
0.447332,0.00156902
0.450068,0.00163591
0.452804,0.00170536
0.45554,0.00177745
0.458276,0.00185227
0.461012,0.00192991
0.463748,0.00201045
0.466484,0.002094
0.46922,0.00218064
0.471956,0.00227047
0.474692,0.00236361
0.477428,0.00246014
0.480164,0.00256017
0.4829,0.00266382
0.485636,0.00277118
0.488372,0.00288238
0.491108,0.00299753
0.493844,0.00311675
0.49658,0.00324016
0.499316,0.00336787
0.502052,0.00350003
0.504788,0.00363675
0.507524,0.00377817
0.51026,0.00392441
0.512996,0.00407563
0.515732,0.00423195
0.518468,0.00439353
0.521204,0.00456049
0.52394,0.00473301
0.526676,0.00491121
0.529412,0.00509526
0.532148,0.00528531
0.534884,0.00548153
0.53762,0.00568406
0.540356,0.00589309
0.543092,0.00610877
0.545828,0.00633128
0.548564,0.00656079
0.5513,0.00679747
0.554036,0.00704151
0.556772,0.00729308
0.559508,0.00755238
0.562244,0.00781957
0.564979,0.00809487
0.567715,0.00837845
0.570451,0.00867051
0.573187,0.00897126
0.575923,0.00928088
0.578659,0.00959959
0.581395,0.00992759
0.584131,0.0102651
0.586867,0.0106123
0.589603,0.0109694
0.592339,0.0113366
0.595075,0.0117142
0.597811,0.0121024
0.600547,0.0125013
0.603283,0.0129113
0.606019,0.0133325
0.608755,0.0137652
0.611491,0.0142095
0.614227,0.0146658
0.616963,0.0151343
0.619699,0.0156151
0.622435,0.0161085
0.625171,0.0166149
0.627907,0.0171343
0.630643,0.017667
0.633379,0.0182134
0.636115,0.0187735
0.638851,0.0193478
0.641587,0.0199363
0.644323,0.0205394
0.647059,0.0211572
0.649795,0.0217901
0.652531,0.0224383
0.655267,0.0231021
0.658003,0.0237815
0.660739,0.0244771
0.663475,0.0251888
0.666211,0.0259171
0.668947,0.0266621
0.671683,0.0274242
0.674419,0.0282034
0.677155,0.0290001
0.679891,0.0298146
0.682627,0.030647
0.685363,0.0314975
0.688098,0.0323665
0.690834,0.0332542
0.69357,0.0341607
0.696306,0.0350864
0.699042,0.0360314
0.701778,0.0369959
0.704514,0.0379803
0.70725,0.0389846
0.709986,0.0400092
0.712722,0.0410542
0.715458,0.0421198
0.718194,0.0432063
0.72093,0.0443138
0.723666,0.0454426
0.726402,0.0465927
0.729138,0.0477645
0.731874,0.0489582
0.73461,0.0501737
0.737346,0.0514115
0.740082,0.0526715
0.742818,0.053954
0.745554,0.0552592
0.74829,0.0565872
0.751026,0.0579381
0.753762,0.059312
0.756498,0.0607092
0.759234,0.0621297
0.76197,0.0635737
0.764706,0.0650412
0.767442,0.0665324
0.770178,0.0680474
0.772914,0.0695862
0.77565,0.071149
0.778386,0.0727357
0.781122,0.0743466
0.783858,0.0759816
0.786594,0.0776408
0.78933,0.0793243
0.792066,0.081032
0.794802,0.082764
0.797538,0.0845203
0.800274,0.086301
0.80301,0.088106
0.805746,0.0899353
0.808482,0.0917889
0.811218,0.0936668
0.813953,0.0955688
0.816689,0.0974951
0.819425,0.0994455
0.822161,0.10142
0.824897,0.103418
0.827633,0.105441
0.830369,0.107487
0.833105,0.109557
0.835841,0.11165
0.838577,0.113767
0.841313,0.115907
0.844049,0.11807
0.846785,0.120256
0.849521,0.122465
0.852257,0.124697
0.854993,0.126951
0.857729,0.129228
0.860465,0.131526
0.863201,0.133846
0.865937,0.136188
0.868673,0.138552
0.871409,0.140936
0.874145,0.143341
0.876881,0.145767
0.879617,0.148213
0.882353,0.150679
0.885089,0.153165
0.887825,0.15567
0.890561,0.158194
0.893297,0.160737
0.896033,0.163298
0.898769,0.165877
0.901505,0.168474
0.904241,0.171089
0.906977,0.17372
0.909713,0.176368
0.912449,0.179032
0.915185,0.181711
0.917921,0.184406
0.920657,0.187116
0.923393,0.189841
0.926129,0.192579
0.928865,0.195331
0.931601,0.198096
0.934337,0.200874
0.937073,0.203665
0.939808,0.206467
0.942544,0.20928
0.94528,0.212104
0.948016,0.214938
0.950752,0.217783
0.953488,0.220636
0.956224,0.223499
0.95896,0.226369
0.961696,0.229248
0.964432,0.232134
0.967168,0.235026
0.969904,0.237925
0.97264,0.24083
0.975376,0.243739
0.978112,0.246654
0.980848,0.249572
0.983584,0.252494
0.98632,0.255419
0.989056,0.258346
0.991792,0.261276
0.994528,0.264206
0.997264,0.267138
1,0.27007
1.00274,0.273001
1.00547,0.275932
1.00821,0.278861
1.01094,0.281789
1.01368,0.284714
1.01642,0.287636
1.01915,0.290554
1.02189,0.293468
1.02462,0.296378
1.02736,0.299282
1.0301,0.302181
1.03283,0.305074
1.03557,0.30796
1.0383,0.310838
1.04104,0.313709
1.04378,0.316571
1.04651,0.319425
1.04925,0.322269
1.05198,0.325104
1.05472,0.327928
1.05746,0.330741
1.06019,0.333543
1.06293,0.336333
1.06566,0.339111
1.0684,0.341876
1.07114,0.344629
1.07387,0.347367
1.07661,0.350091
1.07934,0.352801
1.08208,0.355496
1.08482,0.358176
1.08755,0.36084
1.09029,0.363488
1.09302,0.366119
1.09576,0.368733
1.0985,0.37133
1.10123,0.37391
1.10397,0.376471
1.1067,0.379014
1.10944,0.381538
1.11218,0.384043
1.11491,0.386529
1.11765,0.388995
1.12038,0.391441
1.12312,0.393867
1.12585,0.396272
1.12859,0.398656
1.13133,0.401019
1.13406,0.403361
1.1368,0.405682
1.13953,0.40798
1.14227,0.410256
1.14501,0.412511
1.14774,0.414742
1.15048,0.416951
1.15321,0.419138
1.15595,0.421301
1.15869,0.423441
1.16142,0.425558
1.16416,0.427651
1.16689,0.429721
1.16963,0.431767
1.17237,0.433789
1.1751,0.435788
1.17784,0.437762
1.18057,0.439713
1.18331,0.441639
1.18605,0.443541
1.18878,0.445419
1.19152,0.447272
1.19425,0.449102
1.19699,0.450907
1.19973,0.452687
1.20246,0.454444
1.2052,0.456176
1.20793,0.457883
1.21067,0.459567
1.21341,0.461226
1.21614,0.462861
1.21888,0.464472
1.22161,0.466059
1.22435,0.467621
1.22709,0.46916
1.22982,0.470675
1.23256,0.472166
1.23529,0.473634
1.23803,0.475078
1.24077,0.476498
1.2435,0.477896
1.24624,0.47927
1.24897,0.48062
1.25171,0.481948
1.25445,0.483254
1.25718,0.484536
1.25992,0.485796
1.26265,0.487034
1.26539,0.48825
1.26813,0.489443
1.27086,0.490615
1.2736,0.491765
1.27633,0.492894
1.27907,0.494001
1.28181,0.495088
1.28454,0.496153
1.28728,0.497198
1.29001,0.498223
1.29275,0.499227
1.29549,0.500212
1.29822,0.501176
1.30096,0.502121
1.30369,0.503047
1.30643,0.503953
1.30917,0.504841
1.3119,0.50571
1.31464,0.506561
1.31737,0.507393
1.32011,0.508208
1.32285,0.509004
1.32558,0.509784
1.32832,0.510546
1.33105,0.511291
1.33379,0.512019
1.33653,0.512731
1.33926,0.513426
1.342,0.514106
1.34473,0.514769
1.34747,0.515418
1.35021,0.51605
1.35294,0.516668
1.35568,0.517271
1.35841,0.51786
1.36115,0.518434
1.36389,0.518994
1.36662,0.519541
1.36936,0.520073
1.37209,0.520593
1.37483,0.521099
1.37756,0.521593
1.3803,0.522073
1.38304,0.522542
1.38577,0.522998
1.38851,0.523442
1.39124,0.523875
1.39398,0.524296
1.39672,0.524706
1.39945,0.525105
1.40219,0.525493
1.40492,0.525871
1.40766,0.526238
1.4104,0.526595
1.41313,0.526943
1.41587,0.52728
1.4186,0.527608
1.42134,0.527927
1.42408,0.528236
1.42681,0.528537
1.42955,0.528829
1.43228,0.529113
1.43502,0.529388
1.43776,0.529655
1.44049,0.529915
1.44323,0.530166
1.44596,0.53041
1.4487,0.530647
1.45144,0.530876
1.45417,0.531099
1.45691,0.531315
1.45964,0.531524
1.46238,0.531726
1.46512,0.531922
1.46785,0.532112
1.47059,0.532296
1.47332,0.532475
1.47606,0.532647
1.4788,0.532814
1.48153,0.532976
1.48427,0.533132
1.487,0.533283
1.48974,0.533429
1.49248,0.533571
1.49521,0.533708
1.49795,0.53384
1.50068,0.533968
1.50342,0.534091
1.50616,0.53421
1.50889,0.534325
1.51163,0.534436
1.51436,0.534544
1.5171,0.534647
1.51984,0.534748
1.52257,0.534844
1.52531,0.534937
1.52804,0.535027
1.53078,0.535114
1.53352,0.535197
1.53625,0.535278
1.53899,0.535355
1.54172,0.53543
1.54446,0.535502
1.5472,0.535572
1.54993,0.535639
1.55267,0.535703
1.5554,0.535765
1.55814,0.535825
1.56088,0.535882
1.56361,0.535938
1.56635,0.535991
1.56908,0.536042
1.57182,0.536091
1.57456,0.536138
1.57729,0.536184
1.58003,0.536228
1.58276,0.53627
1.5855,0.53631
1.58824,0.536349
1.59097,0.536386
1.59371,0.536422
1.59644,0.536456
1.59918,0.536489
1.60192,0.536521
1.60465,0.536551
1.60739,0.53658
1.61012,0.536608
1.61286,0.536635
1.6156,0.536661
1.61833,0.536685
1.62107,0.536709
1.6238,0.536732
1.62654,0.536753
1.62927,0.536774
1.63201,0.536794
1.63475,0.536813
1.63748,0.536831
1.64022,0.536849
1.64295,0.536865
1.64569,0.536881
1.64843,0.536897
1.65116,0.536911
1.6539,0.536925
1.65663,0.536939
1.65937,0.536952
1.66211,0.536964
1.66484,0.536975
1.66758,0.536987
1.67031,0.536997
1.67305,0.537007
1.67579,0.537017
1.67852,0.537026
1.68126,0.537035
1.68399,0.537044
1.68673,0.537052
1.68947,0.53706
1.6922,0.537067
1.69494,0.537074
1.69767,0.537081
1.70041,0.537087
1.70315,0.537093
1.70588,0.537099
1.70862,0.537104
1.71135,0.53711
1.71409,0.537115
1.71683,0.537119
1.71956,0.537124
1.7223,0.537128
1.72503,0.537132
1.72777,0.537136
1.73051,0.53714
1.73324,0.537143
1.73598,0.537147
1.73871,0.53715
1.74145,0.537153
1.74419,0.537156
1.74692,0.537159
1.74966,0.537161
1.75239,0.537164
1.75513,0.537166
1.75787,0.537168
1.7606,0.53717
1.76334,0.537172
1.76607,0.537174
1.76881,0.537176
1.77155,0.537178
1.77428,0.53718
1.77702,0.537181
1.77975,0.537183
1.78249,0.537184
1.78523,0.537185
1.78796,0.537187
1.7907,0.537188
1.79343,0.537189
1.79617,0.53719
1.79891,0.537191
1.80164,0.537192
1.80438,0.537193
1.80711,0.537194
1.80985,0.537194
1.81259,0.537195
1.81532,0.537196
1.81806,0.537197
1.82079,0.537197
1.82353,0.537198
1.82627,0.537198
1.829,0.537199
1.83174,0.537199
1.83447,0.5372
1.83721,0.5372
1.83995,0.537201
1.84268,0.537201
1.84542,0.537202
1.84815,0.537202
1.85089,0.537202
1.85363,0.537203
1.85636,0.537203
1.8591,0.537203
1.86183,0.537204
1.86457,0.537204
1.86731,0.537204
1.87004,0.537204
1.87278,0.537205
1.87551,0.537205
1.87825,0.537205
1.88098,0.537205
1.88372,0.537205
1.88646,0.537205
1.88919,0.537206
1.89193,0.537206
1.89466,0.537206
1.8974,0.537206
1.90014,0.537206
1.90287,0.537206
1.90561,0.537206
1.90834,0.537206
1.91108,0.537206
1.91382,0.537207
1.91655,0.537207
1.91929,0.537207
1.92202,0.537207
1.92476,0.537207
1.9275,0.537207
1.93023,0.537207
1.93297,0.537207
1.9357,0.537207
1.93844,0.537207
1.94118,0.537207
1.94391,0.537207
1.94665,0.537207
1.94938,0.537207
1.95212,0.537207
1.95486,0.537207
1.95759,0.537207
1.96033,0.537207
1.96306,0.537207
1.9658,0.537207
1.96854,0.537207
1.97127,0.537208
1.97401,0.537208
1.97674,0.537208
1.97948,0.537208
1.98222,0.537208
1.98495,0.537208
1.98769,0.537208
1.99042,0.537208
1.99316,0.537208
1.9959,0.537208
1.99863,0.537208
