0.0011325,0
0.00339751,9.84546e-09
0.00566251,2.02618e-08
0.00792752,3.12808e-08
0.0101925,4.29358e-08
0.0124575,5.52618e-08
0.0147225,6.8296e-08
0.0169875,8.20771e-08
0.0192525,9.66461e-08
0.0215176,1.12046e-07
0.0237826,1.28322e-07
0.0260476,1.45523e-07
0.0283126,1.63697e-07
0.0305776,1.82898e-07
0.0328426,2.03182e-07
0.0351076,2.24605e-07
0.0373726,2.47231e-07
0.0396376,2.71122e-07
0.0419026,2.96347e-07
0.0441676,3.22977e-07
0.0464326,3.51085e-07
0.0486976,3.80752e-07
0.0509626,4.12058e-07
0.0532276,4.45091e-07
0.0554926,4.7994e-07
0.0577576,5.16702e-07
0.0600227,5.55476e-07
0.0622877,5.96367e-07
0.0645527,6.39485e-07
0.0668177,6.84946e-07
0.0690827,7.32871e-07
0.0713477,7.83386e-07
0.0736127,8.36625e-07
0.0758777,8.92729e-07
0.0781427,9.51842e-07
0.0804077,1.01412e-06
0.0826727,1.07972e-06
0.0849377,1.14882e-06
0.0872027,1.22158e-06
0.0894677,1.2982e-06
0.0917327,1.37887e-06
0.0939977,1.46379e-06
0.0962627,1.55317e-06
0.0985277,1.64725e-06
0.100793,1.74624e-06
0.103058,1.8504e-06
0.105323,1.95997e-06
0.107588,2.07524e-06
0.109853,2.19647e-06
0.112118,2.32396e-06
0.114383,2.45801e-06
0.116648,2.59895e-06
0.118913,2.74711e-06
0.121178,2.90284e-06
0.123443,3.0665e-06
0.125708,3.23848e-06
0.127973,3.41918e-06
0.130238,3.60901e-06
0.132503,3.80841e-06
0.134768,4.01784e-06
0.137033,4.23777e-06
0.139298,4.4687e-06
0.141563,4.71115e-06
0.143828,4.96566e-06
0.146093,5.23279e-06
0.148358,5.51314e-06
0.150623,5.80732e-06
0.152888,6.11598e-06
0.155153,6.43978e-06
0.157418,6.77943e-06
0.159683,7.13565e-06
0.161948,7.50921e-06
0.164213,7.9009e-06
0.166478,8.31155e-06
0.168743,8.74201e-06
0.171008,9.19319e-06
0.173273,9.66603e-06
0.175538,1.01615e-05
0.177803,1.06806e-05
0.180068,1.12244e-05
0.182333,1.1794e-05
0.184598,1.23906e-05
0.186863,1.30153e-05
0.189128,1.36695e-05
0.191393,1.43543e-05
0.193658,1.50711e-05
0.195923,1.58214e-05
0.198188,1.66066e-05
0.200453,1.74283e-05
0.202718,1.82879e-05
0.204983,1.91871e-05
0.207248,2.01277e-05
0.209513,2.11115e-05
0.211778,2.21402e-05
0.214043,2.32157e-05
0.216308,2.43402e-05
0.218573,2.55156e-05
0.220838,2.67441e-05
0.223103,2.80279e-05
0.225368,2.93694e-05
0.227633,3.0771e-05
0.229898,3.22351e-05
0.232163,3.37643e-05
0.234428,3.53615e-05
0.236693,3.70293e-05
0.238958,3.87706e-05
0.241223,4.05885e-05
0.243488,4.24861e-05
0.245753,4.44666e-05
0.248018,4.65334e-05
0.250283,4.869e-05
0.252548,5.09399e-05
0.254813,5.3287e-05
0.257078,5.57351e-05
0.259343,5.82882e-05
0.261608,6.09504e-05
0.263873,6.37262e-05
0.266138,6.66199e-05
0.268403,6.96363e-05
0.270668,7.278e-05
0.272933,7.6056e-05
0.275198,7.94695e-05
0.277463,8.30258e-05
0.279728,8.67304e-05
0.281993,9.05889e-05
0.284258,9.46073e-05
0.286523,9.87916e-05
0.288788,0.000103148
0.291053,0.000107684
0.293318,0.000112404
0.295583,0.000117317
0.297848,0.00012243
0.300113,0.00012775
0.302378,0.000133285
0.304643,0.000139042
0.306908,0.00014503
0.309173,0.000151257
0.311438,0.000157733
0.313703,0.000164465
0.315968,0.000171464
0.318233,0.000178738
0.320498,0.000186299
0.322763,0.000194155
0.325028,0.000202318
0.327293,0.000210799
0.329558,0.000219608
0.331823,0.000228758
0.334088,0.00023826
0.336353,0.000248126
0.338618,0.000258369
0.340883,0.000269003
0.343148,0.00028004
0.345413,0.000291495
0.347678,0.000303382
0.349943,0.000315715
0.352208,0.00032851
0.354473,0.000341782
0.356738,0.000355547
0.359003,0.000369822
0.361268,0.000384624
0.363533,0.000399969
0.365798,0.000415877
0.368063,0.000432366
0.370328,0.000449454
0.372593,0.000467161
0.374858,0.000485508
0.377123,0.000504514
0.379388,0.000524201
0.381653,0.000544592
0.383918,0.000565707
0.386183,0.000587571
0.388448,0.000610206
0.390713,0.000633638
0.392978,0.000657891
0.395243,0.00068299
0.397508,0.000708961
0.399773,0.000735833
0.402039,0.000763632
0.404304,0.000792386
0.406569,0.000822124
0.408834,0.000852877
0.411099,0.000884675
0.413364,0.000917549
0.415629,0.000951532
0.417894,0.000986655
0.420159,0.00102295
0.422424,0.00106046
0.424689,0.00109921
0.426954,0.00113924
0.429219,0.00118059
0.431484,0.0012233
0.433749,0.0012674
0.436014,0.00131293
0.438279,0.00135994
0.440544,0.00140847
0.442809,0.00145855
0.445074,0.00151023
0.447339,0.00156357
0.449604,0.00161859
0.451869,0.00167535
0.454134,0.0017339
0.456399,0.00179428
0.458664,0.00185654
0.460929,0.00192074
0.463194,0.00198693
0.465459,0.00205515
0.467724,0.00212547
0.469989,0.00219793
0.472254,0.00227259
0.474519,0.00234952
0.476784,0.00242876
0.479049,0.00251038
0.481314,0.00259444
0.483579,0.002681
0.485844,0.00277012
0.488109,0.00286187
0.490374,0.00295631
0.492639,0.00305351
0.494904,0.00315354
0.497169,0.00325646
0.499434,0.00336235
0.501699,0.00347127
0.503964,0.00358331
0.506229,0.00369853
0.508494,0.003817
0.510759,0.00393882
0.513024,0.00406405
0.515289,0.00419277
0.517554,0.00432506
0.519819,0.00446101
0.522084,0.0046007
0.524349,0.00474421
0.526614,0.00489163
0.528879,0.00504305
0.531144,0.00519855
0.533409,0.00535822
0.535674,0.00552215
0.537939,0.00569045
0.540204,0.00586319
0.542469,0.00604048
0.544734,0.00622241
0.546999,0.00640908
0.549264,0.00660058
0.551529,0.00679703
0.553794,0.00699851
0.556059,0.00720514
0.558324,0.00741701
0.560589,0.00763424
0.562854,0.00785692
0.565119,0.00808517
0.567384,0.0083191
0.569649,0.00855881
0.571914,0.00880442
0.574179,0.00905604
0.576444,0.00931378
0.578709,0.00957777
0.580974,0.0098481
0.583239,0.0101249
0.585504,0.0104083
0.587769,0.0106984
0.590034,0.0109954
0.592299,0.0112993
0.594564,0.0116103
0.596829,0.0119285
0.599094,0.012254
0.601359,0.0125869
0.603624,0.0129275
0.605889,0.0132757
0.608154,0.0136318
0.610419,0.0139959
0.612684,0.014368
0.614949,0.0147484
0.617214,0.0151371
0.619479,0.0155343
0.621744,0.0159402
0.624009,0.0163548
0.626274,0.0167783
0.628539,0.0172109
0.630804,0.0176526
0.633069,0.0181036
0.635334,0.018564
0.637599,0.019034
0.639864,0.0195138
0.642129,0.0200034
0.644394,0.0205029
0.646659,0.0210127
0.648924,0.0215326
0.651189,0.022063
0.653454,0.0226039
0.655719,0.0231556
0.657984,0.023718
0.660249,0.0242914
0.662514,0.0248759
0.664779,0.0254716
0.667044,0.0260787
0.669309,0.0266974
0.671574,0.0273276
0.673839,0.0279697
0.676104,0.0286237
0.678369,0.0292898
0.680634,0.029968
0.682899,0.0306586
0.685164,0.0313617
0.687429,0.0320774
0.689694,0.0328057
0.691959,0.033547
0.694224,0.0343013
0.696489,0.0350686
0.698754,0.0358493
0.701019,0.0366433
0.703284,0.0374508
0.705549,0.0382719
0.707814,0.0391068
0.710079,0.0399556
0.712344,0.0408183
0.714609,0.0416952
0.716874,0.0425863
0.719139,0.0434918
0.721404,0.0444117
0.723669,0.0453461
0.725934,0.0462953
0.728199,0.0472592
0.730464,0.048238
0.732729,0.0492318
0.734994,0.0502407
0.737259,0.0512648
0.739524,0.0523042
0.741789,0.0533589
0.744054,0.0544291
0.746319,0.0555149
0.748584,0.0566163
0.750849,0.0577334
0.753114,0.0588664
0.755379,0.0600151
0.757644,0.0611799
0.759909,0.0623607
0.762174,0.0635575
0.764439,0.0647705
0.766704,0.0659997
0.768969,0.0672452
0.771234,0.068507
0.773499,0.0697852
0.775764,0.0710797
0.778029,0.0723908
0.780294,0.0737183
0.782559,0.0750624
0.784824,0.076423
0.787089,0.0778002
0.789354,0.0791941
0.791619,0.0806046
0.793884,0.0820317
0.796149,0.0834755
0.798414,0.0849359
0.80068,0.086413
0.802945,0.0879068
0.80521,0.0894173
0.807475,0.0909444
0.80974,0.0924882
0.812005,0.0940486
0.81427,0.0956255
0.816535,0.0972191
0.8188,0.0988292
0.821065,0.100456
0.82333,0.102099
0.825595,0.103758
0.82786,0.105434
0.830125,0.107126
0.83239,0.108835
0.834655,0.110559
0.83692,0.1123
0.839185,0.114056
0.84145,0.115829
0.843715,0.117618
0.84598,0.119422
0.848245,0.121242
0.85051,0.123078
0.852775,0.124929
0.85504,0.126795
0.857305,0.128677
0.85957,0.130574
0.861835,0.132486
0.8641,0.134412
0.866365,0.136354
0.86863,0.13831
0.870895,0.140281
0.87316,0.142266
0.875425,0.144265
0.87769,0.146278
0.879955,0.148305
0.88222,0.150346
0.884485,0.1524
0.88675,0.154467
0.889015,0.156548
0.89128,0.158642
0.893545,0.160749
0.89581,0.162868
0.898075,0.164999
0.90034,0.167143
0.902605,0.169299
0.90487,0.171466
0.907135,0.173645
0.9094,0.175836
0.911665,0.178037
0.91393,0.18025
0.916195,0.182473
0.91846,0.184706
0.920725,0.18695
0.92299,0.189204
0.925255,0.191467
0.92752,0.19374
0.929785,0.196022
0.93205,0.198313
0.934315,0.200613
0.93658,0.202921
0.938845,0.205237
0.94111,0.207561
0.943375,0.209893
0.94564,0.212232
0.947905,0.214579
0.95017,0.216931
0.952435,0.219291
0.9547,0.221657
0.956965,0.224028
0.95923,0.226405
0.961495,0.228788
0.96376,0.231176
0.966025,0.233568
0.96829,0.235965
0.970555,0.238366
0.97282,0.24077
0.975085,0.243179
0.97735,0.24559
0.979615,0.248005
0.98188,0.250422
0.984145,0.252842
0.98641,0.255263
0.988675,0.257686
0.99094,0.260111
0.993205,0.262537
0.99547,0.264963
0.997735,0.26739
1,0.269817
1.00227,0.272244
1.00453,0.274671
1.0068,0.277097
1.00906,0.279521
1.01133,0.281944
1.01359,0.284366
1.01586,0.286785
1.01812,0.289203
1.02039,0.291617
1.02265,0.294029
1.02492,0.296437
1.02718,0.298842
1.02945,0.301243
1.03171,0.30364
1.03398,0.306032
1.03624,0.30842
1.03851,0.310802
1.04077,0.31318
1.04304,0.315551
1.0453,0.317917
1.04757,0.320276
1.04983,0.322629
1.0521,0.324975
1.05436,0.327314
1.05663,0.329646
1.05889,0.33197
1.06116,0.334287
1.06342,0.336595
1.06569,0.338894
1.06795,0.341185
1.07022,0.343467
1.07248,0.34574
1.07475,0.348004
1.07701,0.350257
1.07928,0.352501
1.08154,0.354735
1.08381,0.356958
1.08607,0.35917
1.08834,0.361372
1.0906,0.363562
1.09287,0.365741
1.09513,0.367909
1.0974,0.370065
1.09966,0.372208
1.10193,0.37434
1.10419,0.376459
1.10646,0.378566
1.10872,0.380659
1.11099,0.38274
1.11325,0.384808
1.11552,0.386862
1.11778,0.388903
1.12005,0.39093
1.12231,0.392943
1.12458,0.394942
1.12684,0.396927
1.12911,0.398898
1.13137,0.400854
1.13364,0.402795
1.1359,0.404722
1.13817,0.406634
1.14043,0.408531
1.1427,0.410413
1.14496,0.412279
1.14723,0.41413
1.14949,0.415966
1.15176,0.417786
1.15402,0.41959
1.15629,0.421379
1.15855,0.423151
1.16082,0.424908
1.16308,0.426649
1.16535,0.428373
1.16761,0.430081
1.16988,0.431774
1.17214,0.433449
1.17441,0.435109
1.17667,0.436752
1.17894,0.438379
1.1812,0.439989
1.18347,0.441582
1.18573,0.443159
1.188,0.444719
1.19026,0.446263
1.19253,0.44779
1.19479,0.449301
1.19706,0.450795
1.19932,0.452272
1.20159,0.453732
1.20385,0.455176
1.20612,0.456603
1.20838,0.458014
1.21065,0.459407
1.21291,0.460785
1.21518,0.462145
1.21744,0.463489
1.21971,0.464817
1.22197,0.466128
1.22424,0.467423
1.2265,0.468701
1.22877,0.469962
1.23103,0.471208
1.2333,0.472437
1.23556,0.47365
1.23783,0.474847
1.24009,0.476028
1.24236,0.477193
1.24462,0.478341
1.24689,0.479474
1.24915,0.480591
1.25142,0.481693
1.25368,0.482779
1.25595,0.483849
1.25821,0.484903
1.26048,0.485943
1.26274,0.486967
1.26501,0.487976
1.26727,0.48897
1.26954,0.489948
1.2718,0.490912
1.27407,0.491862
1.27633,0.492796
1.2786,0.493716
1.28086,0.494621
1.28313,0.495512
1.28539,0.496389
1.28766,0.497252
1.28992,0.498101
1.29219,0.498936
1.29445,0.499757
1.29672,0.500564
1.29898,0.501358
1.30125,0.502139
1.30351,0.502906
1.30578,0.503661
1.30804,0.504402
1.31031,0.50513
1.31257,0.505846
1.31484,0.506549
1.3171,0.50724
1.31937,0.507918
1.32163,0.508584
1.3239,0.509238
1.32616,0.50988
1.32843,0.51051
1.33069,0.511129
1.33296,0.511736
1.33522,0.512332
1.33749,0.512916
1.33975,0.51349
1.34202,0.514052
1.34428,0.514604
1.34655,0.515145
1.34881,0.515675
1.35108,0.516195
1.35334,0.516705
1.35561,0.517204
1.35787,0.517694
1.36014,0.518174
1.3624,0.518644
1.36467,0.519104
1.36693,0.519555
1.3692,0.519997
1.37146,0.520429
1.37373,0.520853
1.37599,0.521267
1.37826,0.521673
1.38052,0.522071
1.38279,0.522459
1.38505,0.52284
1.38732,0.523212
1.38958,0.523576
1.39185,0.523932
1.39411,0.52428
1.39638,0.524621
1.39864,0.524954
1.40091,0.525279
1.40317,0.525597
1.40544,0.525908
1.4077,0.526212
1.40997,0.526509
1.41223,0.526799
1.4145,0.527083
1.41676,0.52736
1.41903,0.52763
1.42129,0.527894
1.42356,0.528152
1.42582,0.528403
1.42809,0.528649
1.43035,0.528889
1.43262,0.529122
1.43488,0.529351
1.43715,0.529573
1.43941,0.529791
1.44168,0.530003
1.44394,0.530209
1.44621,0.530411
1.44847,0.530607
1.45074,0.530799
1.453,0.530985
1.45527,0.531167
1.45753,0.531344
1.4598,0.531517
1.46206,0.531686
1.46433,0.531849
1.46659,0.532009
1.46886,0.532165
1.47112,0.532316
1.47339,0.532463
1.47565,0.532607
1.47792,0.532747
1.48018,0.532883
1.48245,0.533015
1.48471,0.533144
1.48698,0.533269
1.48924,0.533391
1.49151,0.533509
1.49377,0.533624
1.49604,0.533736
1.4983,0.533845
1.50057,0.533951
1.50283,0.534054
1.5051,0.534154
1.50736,0.534251
1.50963,0.534346
1.51189,0.534438
1.51416,0.534527
1.51642,0.534613
1.51869,0.534697
1.52095,0.534779
1.52322,0.534858
1.52548,0.534935
1.52775,0.53501
1.53001,0.535082
1.53228,0.535153
1.53454,0.535221
1.53681,0.535287
1.53907,0.535351
1.54134,0.535413
1.5436,0.535474
1.54587,0.535532
1.54813,0.535589
1.5504,0.535644
1.55266,0.535697
1.55493,0.535749
1.55719,0.535799
1.55946,0.535848
1.56172,0.535895
1.56399,0.53594
1.56625,0.535984
1.56852,0.536027
1.57078,0.536068
1.57305,0.536108
1.57531,0.536147
1.57758,0.536185
1.57984,0.536221
1.58211,0.536256
1.58437,0.53629
1.58664,0.536323
1.5889,0.536355
1.59117,0.536386
1.59343,0.536415
1.5957,0.536444
1.59796,0.536472
1.60023,0.536499
1.60249,0.536525
1.60476,0.53655
1.60702,0.536574
1.60929,0.536597
1.61155,0.53662
1.61382,0.536642
1.61608,0.536663
1.61835,0.536683
1.62061,0.536703
1.62288,0.536722
1.62514,0.536741
1.62741,0.536758
1.62967,0.536775
1.63194,0.536792
1.6342,0.536808
1.63647,0.536823
1.63873,0.536838
1.641,0.536852
1.64326,0.536866
1.64553,0.536879
1.64779,0.536892
1.65006,0.536904
1.65232,0.536916
1.65459,0.536928
1.65685,0.536939
1.65912,0.536949
1.66138,0.53696
1.66365,0.536969
1.66591,0.536979
1.66818,0.536988
1.67044,0.536997
1.67271,0.537005
1.67497,0.537014
1.67724,0.537021
1.6795,0.537029
1.68177,0.537036
1.68403,0.537043
1.6863,0.53705
1.68856,0.537056
1.69083,0.537063
1.69309,0.537069
1.69536,0.537074
1.69762,0.53708
1.69989,0.537085
1.70215,0.53709
1.70442,0.537095
1.70668,0.5371
1.70895,0.537105
1.71121,0.537109
1.71348,0.537113
1.71574,0.537117
1.71801,0.537121
1.72027,0.537125
1.72254,0.537128
1.7248,0.537132
1.72707,0.537135
1.72933,0.537138
1.7316,0.537141
1.73386,0.537144
1.73613,0.537147
1.73839,0.537149
1.74066,0.537152
1.74292,0.537154
1.74519,0.537157
1.74745,0.537159
1.74972,0.537161
1.75198,0.537163
1.75425,0.537165
1.75651,0.537167
1.75878,0.537169
1.76104,0.537171
1.76331,0.537172
1.76557,0.537174
1.76784,0.537175
1.7701,0.537177
1.77237,0.537178
1.77463,0.53718
1.7769,0.537181
1.77916,0.537182
1.78143,0.537183
1.78369,0.537184
1.78596,0.537186
1.78822,0.537187
1.79049,0.537188
1.79275,0.537188
1.79502,0.537189
1.79728,0.53719
1.79955,0.537191
1.80181,0.537192
1.80408,0.537193
1.80634,0.537193
1.80861,0.537194
1.81087,0.537195
1.81314,0.537195
1.8154,0.537196
1.81767,0.537196
1.81993,0.537197
1.8222,0.537198
1.82446,0.537198
1.82673,0.537198
1.82899,0.537199
1.83126,0.537199
1.83352,0.5372
1.83579,0.5372
1.83805,0.537201
1.84032,0.537201
1.84258,0.537201
1.84485,0.537202
1.84711,0.537202
1.84938,0.537202
1.85164,0.537202
1.85391,0.537203
1.85617,0.537203
1.85844,0.537203
1.8607,0.537203
1.86297,0.537204
1.86523,0.537204
1.8675,0.537204
1.86976,0.537204
1.87203,0.537204
1.87429,0.537205
1.87656,0.537205
1.87882,0.537205
1.88109,0.537205
1.88335,0.537205
1.88562,0.537205
1.88788,0.537205
1.89015,0.537206
1.89241,0.537206
1.89468,0.537206
1.89694,0.537206
1.89921,0.537206
1.90147,0.537206
1.90374,0.537206
1.906,0.537206
1.90827,0.537206
1.91053,0.537206
1.9128,0.537207
1.91506,0.537207
1.91733,0.537207
1.91959,0.537207
1.92186,0.537207
1.92412,0.537207
1.92639,0.537207
1.92865,0.537207
1.93092,0.537207
1.93318,0.537207
1.93545,0.537207
1.93771,0.537207
1.93998,0.537207
1.94224,0.537207
1.94451,0.537207
1.94677,0.537207
1.94904,0.537207
1.9513,0.537207
1.95357,0.537207
1.95583,0.537207
1.9581,0.537207
1.96036,0.537207
1.96263,0.537207
1.96489,0.537207
1.96716,0.537207
1.96942,0.537208
1.97169,0.537208
1.97395,0.537208
1.97622,0.537208
1.97848,0.537208
1.98075,0.537208
1.98301,0.537208
1.98528,0.537208
1.98754,0.537208
1.98981,0.537208
1.99207,0.537208
1.99434,0.537208
1.9966,0.537208
1.99887,0.537208
