0.00101626,0
0.00304878,8.75846e-09
0.0050813,1.79716e-08
0.00711382,2.76619e-08
0.00914634,3.78531e-08
0.0111789,4.85701e-08
0.0132114,5.98387e-08
0.0152439,7.16861e-08
0.0172764,8.41408e-08
0.0193089,9.72325e-08
0.0213415,1.10992e-07
0.023374,1.25453e-07
0.0254065,1.40649e-07
0.027439,1.56615e-07
0.0294715,1.73389e-07
0.0315041,1.91011e-07
0.0335366,2.0952e-07
0.0355691,2.2896e-07
0.0376016,2.49375e-07
0.0396341,2.70813e-07
0.0416667,2.93321e-07
0.0436992,3.16951e-07
0.0457317,3.41757e-07
0.0477642,3.67793e-07
0.0497967,3.95119e-07
0.0518293,4.23796e-07
0.0538618,4.53886e-07
0.0558943,4.85456e-07
0.0579268,5.18576e-07
0.0599593,5.53319e-07
0.0619919,5.89759e-07
0.0640244,6.27976e-07
0.0660569,6.68053e-07
0.0680894,7.10075e-07
0.070122,7.54133e-07
0.0721545,8.0032e-07
0.074187,8.48734e-07
0.0762195,8.99478e-07
0.078252,9.52658e-07
0.0802846,1.00838e-06
0.0823171,1.06677e-06
0.0843496,1.12795e-06
0.0863821,1.19203e-06
0.0884146,1.25916e-06
0.0904472,1.32946e-06
0.0924797,1.40309e-06
0.0945122,1.48019e-06
0.0965447,1.56091e-06
0.0985772,1.64542e-06
0.10061,1.73389e-06
0.102642,1.82649e-06
0.104675,1.9234e-06
0.106707,2.02482e-06
0.10874,2.13094e-06
0.110772,2.24198e-06
0.112805,2.35814e-06
0.114837,2.47965e-06
0.11687,2.60675e-06
0.118902,2.73967e-06
0.120935,2.87867e-06
0.122967,3.02401e-06
0.125,3.17597e-06
0.127033,3.33483e-06
0.129065,3.50088e-06
0.131098,3.67444e-06
0.13313,3.85583e-06
0.135163,4.04537e-06
0.137195,4.24342e-06
0.139228,4.45033e-06
0.14126,4.66649e-06
0.143293,4.89227e-06
0.145325,5.12809e-06
0.147358,5.37436e-06
0.14939,5.63152e-06
0.151423,5.90002e-06
0.153455,6.18035e-06
0.155488,6.47298e-06
0.15752,6.77842e-06
0.159553,7.09721e-06
0.161585,7.42989e-06
0.163618,7.77703e-06
0.16565,8.13922e-06
0.167683,8.51708e-06
0.169715,8.91124e-06
0.171748,9.32237e-06
0.17378,9.75114e-06
0.175813,1.01983e-05
0.177846,1.06645e-05
0.179878,1.11506e-05
0.181911,1.16574e-05
0.183943,1.21856e-05
0.185976,1.27362e-05
0.188008,1.331e-05
0.190041,1.39079e-05
0.192073,1.4531e-05
0.194106,1.51801e-05
0.196138,1.58563e-05
0.198171,1.65606e-05
0.200203,1.72942e-05
0.202236,1.80582e-05
0.204268,1.88538e-05
0.206301,1.96822e-05
0.208333,2.05446e-05
0.210366,2.14423e-05
0.212398,2.23768e-05
0.214431,2.33493e-05
0.216463,2.43614e-05
0.218496,2.54146e-05
0.220528,2.65104e-05
0.222561,2.76504e-05
0.224593,2.88362e-05
0.226626,3.00697e-05
0.228659,3.13525e-05
0.230691,3.26866e-05
0.232724,3.40737e-05
0.234756,3.55159e-05
0.236789,3.70152e-05
0.238821,3.85738e-05
0.240854,4.01937e-05
0.242886,4.18772e-05
0.244919,4.36267e-05
0.246951,4.54445e-05
0.248984,4.73331e-05
0.251016,4.92951e-05
0.253049,5.13331e-05
0.255081,5.34498e-05
0.257114,5.5648e-05
0.259146,5.79307e-05
0.261179,6.03009e-05
0.263211,6.27616e-05
0.265244,6.5316e-05
0.267276,6.79675e-05
0.269309,7.07194e-05
0.271341,7.35752e-05
0.273374,7.65387e-05
0.275407,7.96134e-05
0.277439,8.28033e-05
0.279472,8.61123e-05
0.281504,8.95445e-05
0.283537,9.31041e-05
0.285569,9.67956e-05
0.287602,0.000100623
0.289634,0.000104592
0.291667,0.000108706
0.293699,0.000112971
0.295732,0.000117391
0.297764,0.000121973
0.299797,0.00012672
0.301829,0.000131639
0.303862,0.000136736
0.305894,0.000142015
0.307927,0.000147484
0.309959,0.000153149
0.311992,0.000159015
0.314024,0.00016509
0.316057,0.00017138
0.318089,0.000177892
0.320122,0.000184633
0.322154,0.000191611
0.324187,0.000198833
0.32622,0.000206306
0.328252,0.00021404
0.330285,0.000222042
0.332317,0.00023032
0.33435,0.000238884
0.336382,0.000247742
0.338415,0.000256903
0.340447,0.000266377
0.34248,0.000276173
0.344512,0.000286302
0.346545,0.000296773
0.348577,0.000307597
0.35061,0.000318785
0.352642,0.000330347
0.354675,0.000342295
0.356707,0.000354642
0.35874,0.000367397
0.360772,0.000380575
0.362805,0.000394187
0.364837,0.000408246
0.36687,0.000422765
0.368902,0.000437759
0.370935,0.00045324
0.372967,0.000469223
0.375,0.000485723
0.377033,0.000502754
0.379065,0.000520332
0.381098,0.000538473
0.38313,0.000557192
0.385163,0.000576507
0.387195,0.000596433
0.389228,0.000616988
0.39126,0.000638191
0.393293,0.000660058
0.395325,0.000682609
0.397358,0.000705862
0.39939,0.000729837
0.401423,0.000754553
0.403455,0.000780032
0.405488,0.000806293
0.40752,0.000833359
0.409553,0.00086125
0.411585,0.000889989
0.413618,0.000919599
0.41565,0.000950103
0.417683,0.000981525
0.419715,0.00101389
0.421748,0.00104722
0.42378,0.00108154
0.425813,0.00111688
0.427846,0.00115327
0.429878,0.00119072
0.431911,0.00122928
0.433943,0.00126896
0.435976,0.0013098
0.438008,0.00135182
0.440041,0.00139506
0.442073,0.00143954
0.444106,0.00148531
0.446138,0.00153237
0.448171,0.00158079
0.450203,0.00163057
0.452236,0.00168176
0.454268,0.0017344
0.456301,0.00178851
0.458333,0.00184413
0.460366,0.00190131
0.462398,0.00196007
0.464431,0.00202045
0.466463,0.0020825
0.468496,0.00214625
0.470528,0.00221174
0.472561,0.00227901
0.474593,0.00234811
0.476626,0.00241907
0.478659,0.00249194
0.480691,0.00256677
0.482724,0.00264359
0.484756,0.00272245
0.486789,0.0028034
0.488821,0.00288649
0.490854,0.00297175
0.492886,0.00305925
0.494919,0.00314903
0.496951,0.00324113
0.498984,0.00333562
0.501016,0.00343253
0.503049,0.00353194
0.505081,0.00363387
0.507114,0.0037384
0.509146,0.00384557
0.511179,0.00395545
0.513211,0.00406808
0.515244,0.00418352
0.517276,0.00430184
0.519309,0.00442309
0.521341,0.00454734
0.523374,0.00467463
0.525407,0.00480504
0.527439,0.00493863
0.529472,0.00507545
0.531504,0.00521558
0.533537,0.00535907
0.535569,0.00550601
0.537602,0.00565644
0.539634,0.00581044
0.541667,0.00596807
0.543699,0.00612942
0.545732,0.00629454
0.547764,0.0064635
0.549797,0.00663639
0.551829,0.00681326
0.553862,0.0069942
0.555894,0.00717928
0.557927,0.00736858
0.559959,0.00756216
0.561992,0.00776011
0.564024,0.00796251
0.566057,0.00816943
0.568089,0.00838095
0.570122,0.00859715
0.572154,0.00881812
0.574187,0.00904393
0.57622,0.00927467
0.578252,0.00951042
0.580285,0.00975126
0.582317,0.00999729
0.58435,0.0102486
0.586382,0.0105052
0.588415,0.0107673
0.590447,0.0110349
0.59248,0.0113081
0.594512,0.011587
0.596545,0.0118717
0.598577,0.0121623
0.60061,0.0124589
0.602642,0.0127615
0.604675,0.0130703
0.606707,0.0133853
0.60874,0.0137067
0.610772,0.0140345
0.612805,0.0143688
0.614837,0.0147098
0.61687,0.0150575
0.618902,0.015412
0.620935,0.0157734
0.622967,0.0161418
0.625,0.0165174
0.627033,0.0169001
0.629065,0.0172901
0.631098,0.0176876
0.63313,0.0180925
0.635163,0.0185051
0.637195,0.0189253
0.639228,0.0193533
0.64126,0.0197893
0.643293,0.0202332
0.645325,0.0206852
0.647358,0.0211454
0.64939,0.021614
0.651423,0.0220909
0.653455,0.0225763
0.655488,0.0230703
0.65752,0.023573
0.659553,0.0240845
0.661585,0.0246049
0.663618,0.0251343
0.66565,0.0256728
0.667683,0.0262205
0.669715,0.0267775
0.671748,0.0273439
0.67378,0.0279198
0.675813,0.0285053
0.677846,0.0291005
0.679878,0.0297054
0.681911,0.0303203
0.683943,0.0309452
0.685976,0.0315801
0.688008,0.0322252
0.690041,0.0328806
0.692073,0.0335463
0.694106,0.0342226
0.696138,0.0349093
0.698171,0.0356068
0.700203,0.0363149
0.702236,0.037034
0.704268,0.0377639
0.706301,0.0385048
0.708333,0.0392569
0.710366,0.0400201
0.712398,0.0407946
0.714431,0.0415805
0.716463,0.0423778
0.718496,0.0431866
0.720528,0.0440071
0.722561,0.0448392
0.724593,0.0456831
0.726626,0.0465389
0.728659,0.0474066
0.730691,0.0482863
0.732724,0.0491781
0.734756,0.050082
0.736789,0.0509981
0.738821,0.0519265
0.740854,0.0528673
0.742886,0.0538205
0.744919,0.0547862
0.746951,0.0557644
0.748984,0.0567552
0.751016,0.0577587
0.753049,0.0587749
0.755081,0.0598039
0.757114,0.0608458
0.759146,0.0619005
0.761179,0.0629682
0.763211,0.0640488
0.765244,0.0651424
0.767276,0.0662492
0.769309,0.067369
0.771341,0.068502
0.773374,0.0696481
0.775407,0.0708075
0.777439,0.0719801
0.779472,0.073166
0.781504,0.0743652
0.783537,0.0755777
0.785569,0.0768036
0.787602,0.0780428
0.789634,0.0792954
0.791667,0.0805614
0.793699,0.0818409
0.795732,0.0831337
0.797764,0.08444
0.799797,0.0857596
0.801829,0.0870927
0.803862,0.0884393
0.805894,0.0897992
0.807927,0.0911726
0.809959,0.0925593
0.811992,0.0939594
0.814024,0.0953729
0.816057,0.0967998
0.818089,0.09824
0.820122,0.0996934
0.822154,0.10116
0.824187,0.10264
0.82622,0.104133
0.828252,0.10564
0.830285,0.107159
0.832317,0.108692
0.83435,0.110237
0.836382,0.111796
0.838415,0.113367
0.840447,0.114952
0.84248,0.116549
0.844512,0.118159
0.846545,0.119782
0.848577,0.121417
0.85061,0.123065
0.852642,0.124725
0.854675,0.126398
0.856707,0.128082
0.85874,0.12978
0.860772,0.131489
0.862805,0.13321
0.864837,0.134944
0.86687,0.136689
0.868902,0.138446
0.870935,0.140214
0.872967,0.141995
0.875,0.143786
0.877033,0.145589
0.879065,0.147403
0.881098,0.149228
0.88313,0.151064
0.885163,0.152911
0.887195,0.154769
0.889228,0.156637
0.89126,0.158516
0.893293,0.160405
0.895325,0.162304
0.897358,0.164214
0.89939,0.166133
0.901423,0.168062
0.903455,0.17
0.905488,0.171948
0.90752,0.173905
0.909553,0.175872
0.911585,0.177847
0.913618,0.179831
0.91565,0.181824
0.917683,0.183825
0.919715,0.185834
0.921748,0.187852
0.92378,0.189877
0.925813,0.19191
0.927846,0.193951
0.929878,0.195999
0.931911,0.198054
0.933943,0.200117
0.935976,0.202186
0.938008,0.204262
0.940041,0.206344
0.942073,0.208433
0.944106,0.210527
0.946138,0.212628
0.948171,0.214734
0.950203,0.216845
0.952236,0.218962
0.954268,0.221084
0.956301,0.223211
0.958333,0.225342
0.960366,0.227477
0.962398,0.229617
0.964431,0.231761
0.966463,0.233909
0.968496,0.23606
0.970528,0.238214
0.972561,0.240372
0.974593,0.242532
0.976626,0.244696
0.978659,0.246861
0.980691,0.249029
0.982724,0.251199
0.984756,0.253371
0.986789,0.255544
0.988821,0.257718
0.990854,0.259894
0.992886,0.262071
0.994919,0.264248
0.996951,0.266426
0.998984,0.268604
1.00102,0.270782
1.00305,0.27296
1.00508,0.275137
1.00711,0.277313
1.00915,0.279489
1.01118,0.281664
1.01321,0.283837
1.01524,0.286009
1.01728,0.288179
1.01931,0.290346
1.02134,0.292512
1.02337,0.294675
1.02541,0.296836
1.02744,0.298993
1.02947,0.301148
1.0315,0.303299
1.03354,0.305447
1.03557,0.30759
1.0376,0.30973
1.03963,0.311866
1.04167,0.313997
1.0437,0.316124
1.04573,0.318246
1.04776,0.320362
1.0498,0.322474
1.05183,0.32458
1.05386,0.32668
1.05589,0.328775
1.05793,0.330863
1.05996,0.332946
1.06199,0.335022
1.06402,0.337091
1.06606,0.339153
1.06809,0.341209
1.07012,0.343257
1.07215,0.345298
1.07419,0.347331
1.07622,0.349356
1.07825,0.351374
1.08028,0.353383
1.08232,0.355384
1.08435,0.357377
1.08638,0.359361
1.08841,0.361336
1.09045,0.363302
1.09248,0.36526
1.09451,0.367207
1.09654,0.369146
1.09858,0.371075
1.10061,0.372994
1.10264,0.374903
1.10467,0.376802
1.10671,0.378691
1.10874,0.38057
1.11077,0.382439
1.1128,0.384296
1.11484,0.386143
1.11687,0.387979
1.1189,0.389805
1.12093,0.391619
1.12297,0.393422
1.125,0.395213
1.12703,0.396993
1.12907,0.398762
1.1311,0.400519
1.13313,0.402264
1.13516,0.403997
1.1372,0.405719
1.13923,0.407428
1.14126,0.409125
1.14329,0.41081
1.14533,0.412483
1.14736,0.414143
1.14939,0.415791
1.15142,0.417426
1.15346,0.419049
1.15549,0.420659
1.15752,0.422256
1.15955,0.42384
1.16159,0.425412
1.16362,0.42697
1.16565,0.428516
1.16768,0.430049
1.16972,0.431568
1.17175,0.433074
1.17378,0.434568
1.17581,0.436047
1.17785,0.437514
1.17988,0.438968
1.18191,0.440408
1.18394,0.441835
1.18598,0.443248
1.18801,0.444648
1.19004,0.446035
1.19207,0.447408
1.19411,0.448768
1.19614,0.450115
1.19817,0.451448
1.2002,0.452768
1.20224,0.454074
1.20427,0.455367
1.2063,0.456646
1.20833,0.457912
1.21037,0.459165
1.2124,0.460404
1.21443,0.46163
1.21646,0.462842
1.2185,0.464042
1.22053,0.465228
1.22256,0.4664
1.22459,0.46756
1.22663,0.468706
1.22866,0.469839
1.23069,0.470959
1.23272,0.472065
1.23476,0.473159
1.23679,0.47424
1.23882,0.475307
1.24085,0.476362
1.24289,0.477404
1.24492,0.478433
1.24695,0.479449
1.24898,0.480452
1.25102,0.481443
1.25305,0.482422
1.25508,0.483387
1.25711,0.48434
1.25915,0.485281
1.26118,0.48621
1.26321,0.487126
1.26524,0.48803
1.26728,0.488921
1.26931,0.489801
1.27134,0.490669
1.27337,0.491525
1.27541,0.492368
1.27744,0.493201
1.27947,0.494021
1.2815,0.49483
1.28354,0.495627
1.28557,0.496413
1.2876,0.497188
1.28963,0.497951
1.29167,0.498703
1.2937,0.499444
1.29573,0.500174
1.29776,0.500893
1.2998,0.501601
1.30183,0.502298
1.30386,0.502985
1.30589,0.503661
1.30793,0.504327
1.30996,0.504982
1.31199,0.505628
1.31402,0.506263
1.31606,0.506887
1.31809,0.507502
1.32012,0.508107
1.32215,0.508702
1.32419,0.509288
1.32622,0.509864
1.32825,0.51043
1.33028,0.510987
1.33232,0.511535
1.33435,0.512073
1.33638,0.512603
1.33841,0.513123
1.34045,0.513635
1.34248,0.514137
1.34451,0.514631
1.34654,0.515117
1.34858,0.515594
1.35061,0.516062
1.35264,0.516522
1.35467,0.516974
1.35671,0.517418
1.35874,0.517854
1.36077,0.518282
1.3628,0.518703
1.36484,0.519115
1.36687,0.51952
1.3689,0.519918
1.37093,0.520308
1.37297,0.52069
1.375,0.521066
1.37703,0.521434
1.37907,0.521796
1.3811,0.52215
1.38313,0.522498
1.38516,0.522839
1.3872,0.523173
1.38923,0.523501
1.39126,0.523822
1.39329,0.524137
1.39533,0.524446
1.39736,0.524749
1.39939,0.525045
1.40142,0.525336
1.40346,0.525621
1.40549,0.5259
1.40752,0.526173
1.40955,0.52644
1.41159,0.526702
1.41362,0.526959
1.41565,0.52721
1.41768,0.527456
1.41972,0.527697
1.42175,0.527933
1.42378,0.528164
1.42581,0.52839
1.42785,0.528611
1.42988,0.528827
1.43191,0.529038
1.43394,0.529245
1.43598,0.529448
1.43801,0.529646
1.44004,0.529839
1.44207,0.530028
1.44411,0.530213
1.44614,0.530394
1.44817,0.530571
1.4502,0.530744
1.45224,0.530913
1.45427,0.531078
1.4563,0.53124
1.45833,0.531397
1.46037,0.531551
1.4624,0.531702
1.46443,0.531849
1.46646,0.531992
1.4685,0.532132
1.47053,0.532269
1.47256,0.532403
1.47459,0.532533
1.47663,0.53266
1.47866,0.532785
1.48069,0.532906
1.48272,0.533024
1.48476,0.53314
1.48679,0.533252
1.48882,0.533362
1.49085,0.533469
1.49289,0.533574
1.49492,0.533676
1.49695,0.533775
1.49898,0.533872
1.50102,0.533967
1.50305,0.534059
1.50508,0.534148
1.50711,0.534236
1.50915,0.534321
1.51118,0.534404
1.51321,0.534485
1.51524,0.534564
1.51728,0.534641
1.51931,0.534716
1.52134,0.534789
1.52337,0.53486
1.52541,0.534929
1.52744,0.534996
1.52947,0.535061
1.5315,0.535125
1.53354,0.535187
1.53557,0.535248
1.5376,0.535306
1.53963,0.535364
1.54167,0.535419
1.5437,0.535473
1.54573,0.535526
1.54776,0.535577
1.5498,0.535627
1.55183,0.535675
1.55386,0.535722
1.55589,0.535768
1.55793,0.535813
1.55996,0.535856
1.56199,0.535898
1.56402,0.535939
1.56606,0.535978
1.56809,0.536017
1.57012,0.536054
1.57215,0.536091
1.57419,0.536126
1.57622,0.53616
1.57825,0.536194
1.58028,0.536226
1.58232,0.536258
1.58435,0.536288
1.58638,0.536318
1.58841,0.536346
1.59045,0.536374
1.59248,0.536401
1.59451,0.536428
1.59654,0.536453
1.59858,0.536478
1.60061,0.536502
1.60264,0.536525
1.60467,0.536548
1.60671,0.536569
1.60874,0.536591
1.61077,0.536611
1.6128,0.536631
1.61484,0.53665
1.61687,0.536669
1.6189,0.536687
1.62093,0.536705
1.62297,0.536722
1.625,0.536738
1.62703,0.536754
1.62907,0.53677
1.6311,0.536785
1.63313,0.536799
1.63516,0.536813
1.6372,0.536827
1.63923,0.53684
1.64126,0.536853
1.64329,0.536865
1.64533,0.536877
1.64736,0.536889
1.64939,0.5369
1.65142,0.536911
1.65346,0.536921
1.65549,0.536931
1.65752,0.536941
1.65955,0.536951
1.66159,0.53696
1.66362,0.536969
1.66565,0.536977
1.66768,0.536986
1.66972,0.536994
1.67175,0.537001
1.67378,0.537009
1.67581,0.537016
1.67785,0.537023
1.67988,0.53703
1.68191,0.537036
1.68394,0.537043
1.68598,0.537049
1.68801,0.537055
1.69004,0.53706
1.69207,0.537066
1.69411,0.537071
1.69614,0.537076
1.69817,0.537081
1.7002,0.537086
1.70224,0.53709
1.70427,0.537095
1.7063,0.537099
1.70833,0.537103
1.71037,0.537107
1.7124,0.537111
1.71443,0.537115
1.71646,0.537118
1.7185,0.537122
1.72053,0.537125
1.72256,0.537128
1.72459,0.537131
1.72663,0.537134
1.72866,0.537137
1.73069,0.53714
1.73272,0.537142
1.73476,0.537145
1.73679,0.537147
1.73882,0.53715
1.74085,0.537152
1.74289,0.537154
1.74492,0.537156
1.74695,0.537158
1.74898,0.53716
1.75102,0.537162
1.75305,0.537164
1.75508,0.537166
1.75711,0.537167
1.75915,0.537169
1.76118,0.537171
1.76321,0.537172
1.76524,0.537174
1.76728,0.537175
1.76931,0.537176
1.77134,0.537178
1.77337,0.537179
1.77541,0.53718
1.77744,0.537181
1.77947,0.537182
1.7815,0.537183
1.78354,0.537184
1.78557,0.537185
1.7876,0.537186
1.78963,0.537187
1.79167,0.537188
1.7937,0.537189
1.79573,0.53719
1.79776,0.53719
1.7998,0.537191
1.80183,0.537192
1.80386,0.537192
1.80589,0.537193
1.80793,0.537194
1.80996,0.537194
1.81199,0.537195
1.81402,0.537195
1.81606,0.537196
1.81809,0.537197
1.82012,0.537197
1.82215,0.537197
1.82419,0.537198
1.82622,0.537198
1.82825,0.537199
1.83028,0.537199
1.83232,0.5372
1.83435,0.5372
1.83638,0.5372
1.83841,0.537201
1.84045,0.537201
1.84248,0.537201
1.84451,0.537201
1.84654,0.537202
1.84858,0.537202
1.85061,0.537202
1.85264,0.537203
1.85467,0.537203
1.85671,0.537203
1.85874,0.537203
1.86077,0.537203
1.8628,0.537204
1.86484,0.537204
1.86687,0.537204
1.8689,0.537204
1.87093,0.537204
1.87297,0.537204
1.875,0.537205
1.87703,0.537205
1.87907,0.537205
1.8811,0.537205
1.88313,0.537205
1.88516,0.537205
1.8872,0.537205
1.88923,0.537206
1.89126,0.537206
1.89329,0.537206
1.89533,0.537206
1.89736,0.537206
1.89939,0.537206
1.90142,0.537206
1.90346,0.537206
1.90549,0.537206
1.90752,0.537206
1.90955,0.537206
1.91159,0.537206
1.91362,0.537207
1.91565,0.537207
1.91768,0.537207
1.91972,0.537207
1.92175,0.537207
1.92378,0.537207
1.92581,0.537207
1.92785,0.537207
1.92988,0.537207
1.93191,0.537207
1.93394,0.537207
1.93598,0.537207
1.93801,0.537207
1.94004,0.537207
1.94207,0.537207
1.94411,0.537207
1.94614,0.537207
1.94817,0.537207
1.9502,0.537207
1.95224,0.537207
1.95427,0.537207
1.9563,0.537207
1.95833,0.537207
1.96037,0.537207
1.9624,0.537207
1.96443,0.537207
1.96646,0.537207
1.9685,0.537207
1.97053,0.537208
1.97256,0.537208
1.97459,0.537208
1.97663,0.537208
1.97866,0.537208
1.98069,0.537208
1.98272,0.537208
1.98476,0.537208
1.98679,0.537208
1.98882,0.537208
1.99085,0.537208
1.99289,0.537208
1.99492,0.537208
1.99695,0.537208
1.99898,0.537208
