0.00101833,0
0.00305499,8.77765e-09
0.00509165,1.80119e-08
0.00712831,2.77255e-08
0.00916497,3.79422e-08
0.0112016,4.8687e-08
0.0132383,5.9986e-08
0.0152749,7.18667e-08
0.0173116,8.43575e-08
0.0193483,9.74885e-08
0.0213849,1.11291e-07
0.0234216,1.25798e-07
0.0254582,1.41044e-07
0.0274949,1.57065e-07
0.0295316,1.73898e-07
0.0315682,1.91582e-07
0.0336049,2.1016e-07
0.0356415,2.29673e-07
0.0376782,2.50168e-07
0.0397149,2.71691e-07
0.0417515,2.94291e-07
0.0437882,3.18019e-07
0.0458248,3.42931e-07
0.0478615,3.69081e-07
0.0498982,3.96529e-07
0.0519348,4.25335e-07
0.0539715,4.55565e-07
0.0560081,4.87285e-07
0.0580448,5.20565e-07
0.0600815,5.55478e-07
0.0621181,5.92101e-07
0.0641548,6.30513e-07
0.0661914,6.70798e-07
0.0682281,7.13042e-07
0.0702648,7.57336e-07
0.0723014,8.03775e-07
0.0743381,8.52458e-07
0.0763747,9.03488e-07
0.0784114,9.56972e-07
0.0804481,1.01302e-06
0.0824847,1.07176e-06
0.0845214,1.1333e-06
0.086558,1.19777e-06
0.0885947,1.26531e-06
0.0906314,1.33605e-06
0.092668,1.41014e-06
0.0947047,1.48774e-06
0.0967413,1.56898e-06
0.098778,1.65405e-06
0.100815,1.74311e-06
0.102851,1.83633e-06
0.104888,1.93391e-06
0.106925,2.03603e-06
0.108961,2.14289e-06
0.110998,2.25471e-06
0.113035,2.37171e-06
0.115071,2.4941e-06
0.117108,2.62212e-06
0.119145,2.75602e-06
0.121181,2.89606e-06
0.123218,3.0425e-06
0.125255,3.19562e-06
0.127291,3.3557e-06
0.129328,3.52305e-06
0.131365,3.69798e-06
0.133401,3.8808e-06
0.135438,4.07187e-06
0.137475,4.27152e-06
0.139511,4.48012e-06
0.141548,4.69806e-06
0.143585,4.92572e-06
0.145621,5.16352e-06
0.147658,5.41187e-06
0.149695,5.67123e-06
0.151731,5.94205e-06
0.153768,6.22481e-06
0.155804,6.52e-06
0.157841,6.82814e-06
0.159878,7.14976e-06
0.161914,7.48543e-06
0.163951,7.8357e-06
0.165988,8.2012e-06
0.168024,8.58253e-06
0.170061,8.98033e-06
0.172098,9.39529e-06
0.174134,9.82809e-06
0.176171,1.02795e-05
0.178208,1.07501e-05
0.180244,1.12409e-05
0.182281,1.17525e-05
0.184318,1.22859e-05
0.186354,1.28419e-05
0.188391,1.34213e-05
0.190428,1.40252e-05
0.192464,1.46545e-05
0.194501,1.53101e-05
0.196538,1.59931e-05
0.198574,1.67047e-05
0.200611,1.74458e-05
0.202648,1.82177e-05
0.204684,1.90215e-05
0.206721,1.98585e-05
0.208758,2.07299e-05
0.210794,2.16371e-05
0.212831,2.25815e-05
0.214868,2.35644e-05
0.216904,2.45874e-05
0.218941,2.56519e-05
0.220978,2.67596e-05
0.223014,2.7912e-05
0.225051,2.91108e-05
0.227088,3.03579e-05
0.229124,3.16549e-05
0.231161,3.30038e-05
0.233198,3.44064e-05
0.235234,3.58649e-05
0.237271,3.73811e-05
0.239308,3.89574e-05
0.241344,4.05958e-05
0.243381,4.22986e-05
0.245418,4.40682e-05
0.247454,4.5907e-05
0.249491,4.78176e-05
0.251527,4.98025e-05
0.253564,5.18643e-05
0.255601,5.4006e-05
0.257637,5.62302e-05
0.259674,5.854e-05
0.261711,6.09385e-05
0.263747,6.34286e-05
0.265784,6.60138e-05
0.267821,6.86973e-05
0.269857,7.14825e-05
0.271894,7.43731e-05
0.273931,7.73728e-05
0.275967,8.04852e-05
0.278004,8.37143e-05
0.280041,8.70642e-05
0.282077,9.0539e-05
0.284114,9.4143e-05
0.286151,9.78806e-05
0.288187,0.000101756
0.290224,0.000105775
0.292261,0.000109941
0.294297,0.00011426
0.296334,0.000118737
0.298371,0.000123376
0.300407,0.000128184
0.302444,0.000133167
0.304481,0.000138329
0.306517,0.000143677
0.308554,0.000149217
0.310591,0.000154955
0.312627,0.000160898
0.314664,0.000167052
0.316701,0.000173424
0.318737,0.000180022
0.320774,0.000186852
0.322811,0.000193922
0.324847,0.00020124
0.326884,0.000208813
0.328921,0.00021665
0.330957,0.000224759
0.332994,0.000233149
0.335031,0.000241827
0.337067,0.000250805
0.339104,0.00026009
0.341141,0.000269692
0.343177,0.000279621
0.345214,0.000289888
0.347251,0.000300502
0.349287,0.000311474
0.351324,0.000322815
0.35336,0.000334536
0.355397,0.000346649
0.357434,0.000359166
0.35947,0.000372098
0.361507,0.000385458
0.363544,0.000399259
0.36558,0.000413514
0.367617,0.000428236
0.369654,0.000443439
0.37169,0.000459137
0.373727,0.000475345
0.375764,0.000492077
0.3778,0.000509348
0.379837,0.000527174
0.381874,0.000545571
0.38391,0.000564555
0.385947,0.000584144
0.387984,0.000604353
0.39002,0.000625201
0.392057,0.000646706
0.394094,0.000668885
0.39613,0.000691758
0.398167,0.000715344
0.400204,0.000739663
0.40224,0.000764735
0.404277,0.00079058
0.406314,0.00081722
0.40835,0.000844675
0.410387,0.00087297
0.412424,0.000902124
0.41446,0.000932163
0.416497,0.000963109
0.418534,0.000994987
0.42057,0.00102782
0.422607,0.00106164
0.424644,0.00109646
0.42668,0.00113231
0.428717,0.00116923
0.430754,0.00120723
0.43279,0.00124635
0.434827,0.00128662
0.436864,0.00132805
0.4389,0.00137069
0.440937,0.00141456
0.442974,0.0014597
0.44501,0.00150614
0.447047,0.0015539
0.449084,0.00160302
0.45112,0.00165354
0.453157,0.00170549
0.455193,0.0017589
0.45723,0.00181381
0.459267,0.00187025
0.461303,0.00192827
0.46334,0.0019879
0.465377,0.00204918
0.467413,0.00211215
0.46945,0.00217684
0.471487,0.0022433
0.473523,0.00231157
0.47556,0.00238169
0.477597,0.00245371
0.479633,0.00252766
0.48167,0.0026036
0.483707,0.00268156
0.485743,0.00276159
0.48778,0.00284374
0.489817,0.00292806
0.491853,0.0030146
0.49389,0.00310339
0.495927,0.0031945
0.497963,0.00328798
0.5,0.00338387
0.502037,0.00348222
0.504073,0.0035831
0.50611,0.00368655
0.508147,0.00379263
0.510183,0.0039014
0.51222,0.00401291
0.514257,0.00412721
0.516293,0.00424437
0.51833,0.00436445
0.520367,0.0044875
0.522403,0.00461358
0.52444,0.00474276
0.526477,0.00487511
0.528513,0.00501067
0.53055,0.00514952
0.532587,0.00529173
0.534623,0.00543735
0.53666,0.00558645
0.538697,0.00573911
0.540733,0.00589538
0.54277,0.00605535
0.544807,0.00621907
0.546843,0.00638662
0.54888,0.00655808
0.550916,0.00673351
0.552953,0.00691299
0.55499,0.00709659
0.557026,0.00728439
0.559063,0.00747647
0.5611,0.00767289
0.563136,0.00787374
0.565173,0.0080791
0.56721,0.00828905
0.569246,0.00850366
0.571283,0.00872302
0.57332,0.00894721
0.575356,0.00917632
0.577393,0.00941041
0.57943,0.00964959
0.581466,0.00989393
0.583503,0.0101435
0.58554,0.0103985
0.587576,0.0106588
0.589613,0.0109247
0.59165,0.0111961
0.593686,0.0114733
0.595723,0.0117562
0.59776,0.012045
0.599796,0.0123398
0.601833,0.0126406
0.60387,0.0129475
0.605906,0.0132607
0.607943,0.0135803
0.60998,0.0139062
0.612016,0.0142387
0.614053,0.0145778
0.61609,0.0149236
0.618126,0.0152762
0.620163,0.0156357
0.6222,0.0160022
0.624236,0.0163758
0.626273,0.0167566
0.62831,0.0171447
0.630346,0.0175402
0.632383,0.0179432
0.63442,0.0183538
0.636456,0.0187721
0.638493,0.0191981
0.64053,0.0196321
0.642566,0.0200741
0.644603,0.0205241
0.64664,0.0209823
0.648676,0.0214489
0.650713,0.0219238
0.652749,0.0224072
0.654786,0.0228993
0.656823,0.0234
0.658859,0.0239095
0.660896,0.024428
0.662933,0.0249554
0.664969,0.0254919
0.667006,0.0260377
0.669043,0.0265927
0.671079,0.0271571
0.673116,0.0277311
0.675153,0.0283146
0.677189,0.0289079
0.679226,0.0295109
0.681263,0.0301239
0.683299,0.0307468
0.685336,0.0313799
0.687373,0.0320231
0.689409,0.0326766
0.691446,0.0333405
0.693483,0.0340149
0.695519,0.0346998
0.697556,0.0353954
0.699593,0.0361018
0.701629,0.036819
0.703666,0.0375472
0.705703,0.0382864
0.707739,0.0390367
0.709776,0.0397982
0.711813,0.040571
0.713849,0.0413552
0.715886,0.0421509
0.717923,0.0429581
0.719959,0.043777
0.721996,0.0446076
0.724033,0.0454499
0.726069,0.0463042
0.728106,0.0471704
0.730143,0.0480486
0.732179,0.0489389
0.734216,0.0498414
0.736253,0.0507562
0.738289,0.0516833
0.740326,0.0526228
0.742363,0.0535747
0.744399,0.0545391
0.746436,0.0555161
0.748473,0.0565058
0.750509,0.0575082
0.752546,0.0585233
0.754582,0.0595513
0.756619,0.0605921
0.758656,0.0616458
0.760692,0.0627126
0.762729,0.0637923
0.764766,0.0648851
0.766802,0.065991
0.768839,0.0671101
0.770876,0.0682424
0.772912,0.0693879
0.774949,0.0705466
0.776986,0.0717186
0.779022,0.072904
0.781059,0.0741027
0.783096,0.0753148
0.785132,0.0765403
0.787169,0.0777792
0.789206,0.0790316
0.791242,0.0802973
0.793279,0.0815766
0.795316,0.0828693
0.797352,0.0841755
0.799389,0.0854952
0.801426,0.0868283
0.803462,0.0881749
0.805499,0.089535
0.807536,0.0909086
0.809572,0.0922956
0.811609,0.0936961
0.813646,0.09511
0.815682,0.0965373
0.817719,0.0979779
0.819756,0.099432
0.821792,0.100899
0.823829,0.10238
0.825866,0.103874
0.827902,0.105381
0.829939,0.106901
0.831976,0.108435
0.834012,0.109981
0.836049,0.111541
0.838086,0.113114
0.840122,0.114699
0.842159,0.116298
0.844196,0.117909
0.846232,0.119533
0.848269,0.12117
0.850305,0.122819
0.852342,0.124481
0.854379,0.126155
0.856415,0.127841
0.858452,0.12954
0.860489,0.131252
0.862525,0.132975
0.864562,0.13471
0.866599,0.136457
0.868635,0.138216
0.870672,0.139987
0.872709,0.141769
0.874745,0.143563
0.876782,0.145368
0.878819,0.147185
0.880855,0.149012
0.882892,0.150851
0.884929,0.1527
0.886965,0.154561
0.889002,0.156431
0.891039,0.158313
0.893075,0.160205
0.895112,0.162107
0.897149,0.164019
0.899185,0.165941
0.901222,0.167873
0.903259,0.169814
0.905295,0.171765
0.907332,0.173726
0.909369,0.175695
0.911405,0.177673
0.913442,0.179661
0.915479,0.181657
0.917515,0.183661
0.919552,0.185674
0.921589,0.187695
0.923625,0.189724
0.925662,0.191761
0.927699,0.193805
0.929735,0.195857
0.931772,0.197916
0.933809,0.199982
0.935845,0.202055
0.937882,0.204135
0.939919,0.206221
0.941955,0.208313
0.943992,0.210412
0.946029,0.212516
0.948065,0.214626
0.950102,0.216742
0.952138,0.218863
0.954175,0.220989
0.956212,0.223119
0.958248,0.225255
0.960285,0.227395
0.962322,0.229539
0.964358,0.231687
0.966395,0.233839
0.968432,0.235994
0.970468,0.238153
0.972505,0.240315
0.974542,0.24248
0.976578,0.244647
0.978615,0.246817
0.980652,0.248989
0.982688,0.251164
0.984725,0.25334
0.986762,0.255517
0.988798,0.257696
0.990835,0.259876
0.992872,0.262058
0.994908,0.264239
0.996945,0.266421
0.998982,0.268604
1.00102,0.270786
1.00305,0.272968
1.00509,0.27515
1.00713,0.277331
1.00916,0.279511
1.0112,0.28169
1.01324,0.283868
1.01527,0.286044
1.01731,0.288218
1.01935,0.290391
1.02138,0.292561
1.02342,0.294728
1.02546,0.296893
1.02749,0.299055
1.02953,0.301214
1.03157,0.303369
1.0336,0.305521
1.03564,0.307669
1.03768,0.309813
1.03971,0.311953
1.04175,0.314088
1.04379,0.316219
1.04582,0.318345
1.04786,0.320466
1.0499,0.322581
1.05193,0.324691
1.05397,0.326796
1.05601,0.328894
1.05804,0.330987
1.06008,0.333073
1.06212,0.335152
1.06415,0.337225
1.06619,0.339292
1.06823,0.341351
1.07026,0.343402
1.0723,0.345447
1.07434,0.347484
1.07637,0.349513
1.07841,0.351534
1.08045,0.353546
1.08248,0.355551
1.08452,0.357547
1.08656,0.359534
1.08859,0.361513
1.09063,0.363482
1.09267,0.365442
1.0947,0.367393
1.09674,0.369335
1.09878,0.371267
1.10081,0.373189
1.10285,0.375101
1.10489,0.377003
1.10692,0.378895
1.10896,0.380776
1.111,0.382647
1.11303,0.384507
1.11507,0.386357
1.11711,0.388196
1.11914,0.390023
1.12118,0.39184
1.12322,0.393645
1.12525,0.395439
1.12729,0.397221
1.12933,0.398992
1.13136,0.40075
1.1334,0.402498
1.13544,0.404233
1.13747,0.405956
1.13951,0.407667
1.14155,0.409366
1.14358,0.411053
1.14562,0.412727
1.14766,0.414389
1.14969,0.416038
1.15173,0.417675
1.15377,0.419299
1.1558,0.42091
1.15784,0.422508
1.15988,0.424094
1.16191,0.425667
1.16395,0.427226
1.16599,0.428773
1.16802,0.430306
1.17006,0.431827
1.1721,0.433334
1.17413,0.434828
1.17617,0.436308
1.17821,0.437776
1.18024,0.43923
1.18228,0.44067
1.18432,0.442098
1.18635,0.443512
1.18839,0.444912
1.19043,0.446299
1.19246,0.447673
1.1945,0.449033
1.19654,0.450379
1.19857,0.451713
1.20061,0.453032
1.20265,0.454338
1.20468,0.455631
1.20672,0.45691
1.20876,0.458176
1.21079,0.459428
1.21283,0.460667
1.21487,0.461893
1.2169,0.463105
1.21894,0.464304
1.22098,0.465489
1.22301,0.466661
1.22505,0.46782
1.22709,0.468965
1.22912,0.470098
1.23116,0.471217
1.2332,0.472323
1.23523,0.473415
1.23727,0.474495
1.23931,0.475562
1.24134,0.476616
1.24338,0.477656
1.24542,0.478684
1.24745,0.479699
1.24949,0.480702
1.25153,0.481692
1.25356,0.482669
1.2556,0.483633
1.25764,0.484585
1.25967,0.485524
1.26171,0.486451
1.26375,0.487366
1.26578,0.488269
1.26782,0.489159
1.26986,0.490037
1.27189,0.490903
1.27393,0.491758
1.27597,0.4926
1.278,0.493431
1.28004,0.49425
1.28208,0.495057
1.28411,0.495852
1.28615,0.496637
1.28819,0.497409
1.29022,0.498171
1.29226,0.498921
1.2943,0.49966
1.29633,0.500389
1.29837,0.501106
1.30041,0.501812
1.30244,0.502508
1.30448,0.503193
1.30652,0.503867
1.30855,0.504531
1.31059,0.505185
1.31263,0.505828
1.31466,0.506461
1.3167,0.507084
1.31874,0.507697
1.32077,0.5083
1.32281,0.508893
1.32485,0.509477
1.32688,0.510051
1.32892,0.510615
1.33096,0.51117
1.33299,0.511716
1.33503,0.512252
1.33707,0.51278
1.3391,0.513298
1.34114,0.513808
1.34318,0.514308
1.34521,0.5148
1.34725,0.515284
1.34929,0.515759
1.35132,0.516225
1.35336,0.516684
1.3554,0.517134
1.35743,0.517576
1.35947,0.51801
1.36151,0.518436
1.36354,0.518854
1.36558,0.519264
1.36762,0.519667
1.36965,0.520063
1.37169,0.520451
1.37373,0.520832
1.37576,0.521205
1.3778,0.521572
1.37984,0.521932
1.38187,0.522284
1.38391,0.52263
1.38595,0.522969
1.38798,0.523301
1.39002,0.523627
1.39206,0.523947
1.39409,0.52426
1.39613,0.524567
1.39817,0.524868
1.4002,0.525163
1.40224,0.525451
1.40428,0.525734
1.40631,0.526012
1.40835,0.526283
1.41039,0.526549
1.41242,0.526809
1.41446,0.527064
1.4165,0.527314
1.41853,0.527558
1.42057,0.527797
1.42261,0.528031
1.42464,0.52826
1.42668,0.528485
1.42872,0.528704
1.43075,0.528919
1.43279,0.529129
1.43483,0.529334
1.43686,0.529535
1.4389,0.529731
1.44094,0.529923
1.44297,0.530111
1.44501,0.530295
1.44705,0.530474
1.44908,0.53065
1.45112,0.530821
1.45316,0.530989
1.45519,0.531152
1.45723,0.531312
1.45927,0.531469
1.4613,0.531621
1.46334,0.53177
1.46538,0.531916
1.46741,0.532058
1.46945,0.532197
1.47149,0.532333
1.47352,0.532465
1.47556,0.532594
1.4776,0.53272
1.47963,0.532843
1.48167,0.532963
1.48371,0.53308
1.48574,0.533195
1.48778,0.533306
1.48982,0.533415
1.49185,0.533521
1.49389,0.533625
1.49593,0.533725
1.49796,0.533824
1.5,0.53392
1.50204,0.534013
1.50407,0.534104
1.50611,0.534193
1.50815,0.53428
1.51018,0.534364
1.51222,0.534446
1.51426,0.534526
1.51629,0.534604
1.51833,0.53468
1.52037,0.534754
1.5224,0.534826
1.52444,0.534896
1.52648,0.534964
1.52851,0.535031
1.53055,0.535096
1.53259,0.535158
1.53462,0.53522
1.53666,0.535279
1.5387,0.535337
1.54073,0.535394
1.54277,0.535449
1.54481,0.535502
1.54684,0.535554
1.54888,0.535605
1.55092,0.535654
1.55295,0.535702
1.55499,0.535748
1.55703,0.535793
1.55906,0.535837
1.5611,0.53588
1.56314,0.535921
1.56517,0.535961
1.56721,0.536
1.56925,0.536038
1.57128,0.536075
1.57332,0.536111
1.57536,0.536146
1.57739,0.53618
1.57943,0.536213
1.58147,0.536245
1.5835,0.536276
1.58554,0.536306
1.58758,0.536335
1.58961,0.536363
1.59165,0.53639
1.59369,0.536417
1.59572,0.536443
1.59776,0.536468
1.5998,0.536492
1.60183,0.536516
1.60387,0.536539
1.60591,0.536561
1.60794,0.536582
1.60998,0.536603
1.61202,0.536624
1.61405,0.536643
1.61609,0.536662
1.61813,0.53668
1.62016,0.536698
1.6222,0.536716
1.62424,0.536732
1.62627,0.536749
1.62831,0.536764
1.63035,0.536779
1.63238,0.536794
1.63442,0.536808
1.63646,0.536822
1.63849,0.536836
1.64053,0.536849
1.64257,0.536861
1.6446,0.536873
1.64664,0.536885
1.64868,0.536896
1.65071,0.536907
1.65275,0.536918
1.65479,0.536928
1.65682,0.536938
1.65886,0.536948
1.6609,0.536957
1.66293,0.536966
1.66497,0.536975
1.66701,0.536983
1.66904,0.536991
1.67108,0.536999
1.67312,0.537006
1.67515,0.537014
1.67719,0.537021
1.67923,0.537028
1.68126,0.537034
1.6833,0.537041
1.68534,0.537047
1.68737,0.537053
1.68941,0.537058
1.69145,0.537064
1.69348,0.537069
1.69552,0.537075
1.69756,0.537079
1.69959,0.537084
1.70163,0.537089
1.70367,0.537093
1.7057,0.537098
1.70774,0.537102
1.70978,0.537106
1.71181,0.53711
1.71385,0.537114
1.71589,0.537117
1.71792,0.537121
1.71996,0.537124
1.722,0.537127
1.72403,0.53713
1.72607,0.537133
1.72811,0.537136
1.73014,0.537139
1.73218,0.537142
1.73422,0.537144
1.73625,0.537147
1.73829,0.537149
1.74033,0.537151
1.74236,0.537154
1.7444,0.537156
1.74644,0.537158
1.74847,0.53716
1.75051,0.537162
1.75255,0.537164
1.75458,0.537165
1.75662,0.537167
1.75866,0.537169
1.76069,0.53717
1.76273,0.537172
1.76477,0.537173
1.7668,0.537175
1.76884,0.537176
1.77088,0.537177
1.77291,0.537179
1.77495,0.53718
1.77699,0.537181
1.77902,0.537182
1.78106,0.537183
1.7831,0.537184
1.78513,0.537185
1.78717,0.537186
1.78921,0.537187
1.79124,0.537188
1.79328,0.537189
1.79532,0.537189
1.79735,0.53719
1.79939,0.537191
1.80143,0.537192
1.80346,0.537192
1.8055,0.537193
1.80754,0.537194
1.80957,0.537194
1.81161,0.537195
1.81365,0.537195
1.81568,0.537196
1.81772,0.537196
1.81976,0.537197
1.82179,0.537197
1.82383,0.537198
1.82587,0.537198
1.8279,0.537199
1.82994,0.537199
1.83198,0.537199
1.83401,0.5372
1.83605,0.5372
1.83809,0.537201
1.84012,0.537201
1.84216,0.537201
1.8442,0.537201
1.84623,0.537202
1.84827,0.537202
1.85031,0.537202
1.85234,0.537203
1.85438,0.537203
1.85642,0.537203
1.85845,0.537203
1.86049,0.537203
1.86253,0.537204
1.86456,0.537204
1.8666,0.537204
1.86864,0.537204
1.87067,0.537204
1.87271,0.537204
1.87475,0.537205
1.87678,0.537205
1.87882,0.537205
1.88086,0.537205
1.88289,0.537205
1.88493,0.537205
1.88697,0.537205
1.889,0.537206
1.89104,0.537206
1.89308,0.537206
1.89511,0.537206
1.89715,0.537206
1.89919,0.537206
1.90122,0.537206
1.90326,0.537206
1.9053,0.537206
1.90733,0.537206
1.90937,0.537206
1.91141,0.537206
1.91344,0.537207
1.91548,0.537207
1.91752,0.537207
1.91955,0.537207
1.92159,0.537207
1.92363,0.537207
1.92566,0.537207
1.9277,0.537207
1.92974,0.537207
1.93177,0.537207
1.93381,0.537207
1.93585,0.537207
1.93788,0.537207
1.93992,0.537207
1.94196,0.537207
1.94399,0.537207
1.94603,0.537207
1.94807,0.537207
1.9501,0.537207
1.95214,0.537207
1.95418,0.537207
1.95621,0.537207
1.95825,0.537207
1.96029,0.537207
1.96232,0.537207
1.96436,0.537207
1.9664,0.537207
1.96843,0.537207
1.97047,0.537208
1.97251,0.537208
1.97454,0.537208
1.97658,0.537208
1.97862,0.537208
1.98065,0.537208
1.98269,0.537208
1.98473,0.537208
1.98676,0.537208
1.9888,0.537208
1.99084,0.537208
1.99287,0.537208
1.99491,0.537208
1.99695,0.537208
1.99898,0.537208
