0.00112994,0
0.00338983,9.82133e-09
0.00564972,2.02109e-08
0.0079096,3.12001e-08
0.0101695,4.28221e-08
0.0124294,5.51117e-08
0.0146893,6.81057e-08
0.0169492,8.18427e-08
0.019209,9.63633e-08
0.0214689,1.1171e-07
0.0237288,1.27929e-07
0.0259887,1.45065e-07
0.0282486,1.6317e-07
0.0305085,1.82296e-07
0.0327684,2.02497e-07
0.0350282,2.23832e-07
0.0372881,2.4636e-07
0.039548,2.70146e-07
0.0418079,2.95257e-07
0.0440678,3.21763e-07
0.0463277,3.49739e-07
0.0485876,3.79261e-07
0.0508475,4.10411e-07
0.0531073,4.43275e-07
0.0553672,4.77943e-07
0.0576271,5.14509e-07
0.059887,5.53072e-07
0.0621469,5.93737e-07
0.0644068,6.36611e-07
0.0666667,6.8181e-07
0.0689266,7.29452e-07
0.0711864,7.79665e-07
0.0734463,8.3258e-07
0.0757062,8.88335e-07
0.0779661,9.47075e-07
0.080226,1.00895e-06
0.0824859,1.07413e-06
0.0847458,1.14276e-06
0.0870056,1.21504e-06
0.0892655,1.29113e-06
0.0915254,1.37124e-06
0.0937853,1.45556e-06
0.0960452,1.54431e-06
0.0983051,1.6377e-06
0.100565,1.73596e-06
0.102825,1.83934e-06
0.105085,1.94809e-06
0.107345,2.06247e-06
0.109605,2.18276e-06
0.111864,2.30925e-06
0.114124,2.44224e-06
0.116384,2.58204e-06
0.118644,2.72899e-06
0.120904,2.88344e-06
0.123164,3.04574e-06
0.125424,3.21627e-06
0.127684,3.39542e-06
0.129944,3.58362e-06
0.132203,3.78128e-06
0.134463,3.98886e-06
0.136723,4.20684e-06
0.138983,4.43569e-06
0.141243,4.67593e-06
0.143503,4.9281e-06
0.145763,5.19276e-06
0.148023,5.47049e-06
0.150282,5.76189e-06
0.152542,6.06761e-06
0.154802,6.38829e-06
0.157062,6.72464e-06
0.159322,7.07738e-06
0.161582,7.44724e-06
0.163842,7.83503e-06
0.166102,8.24154e-06
0.168362,8.66764e-06
0.170621,9.11421e-06
0.172881,9.58218e-06
0.175141,1.00725e-05
0.177401,1.05862e-05
0.179661,1.11242e-05
0.181921,1.16878e-05
0.184181,1.2278e-05
0.186441,1.2896e-05
0.188701,1.3543e-05
0.19096,1.42203e-05
0.19322,1.49293e-05
0.19548,1.56712e-05
0.19774,1.64477e-05
0.2,1.726e-05
0.20226,1.81099e-05
0.20452,1.89989e-05
0.20678,1.99287e-05
0.20904,2.09011e-05
0.211299,2.19178e-05
0.213559,2.29808e-05
0.215819,2.4092e-05
0.218079,2.52535e-05
0.220339,2.64674e-05
0.222599,2.77358e-05
0.224859,2.90611e-05
0.227119,3.04457e-05
0.229379,3.18919e-05
0.231638,3.34025e-05
0.233898,3.49799e-05
0.236158,3.6627e-05
0.238418,3.83466e-05
0.240678,4.01418e-05
0.242938,4.20155e-05
0.245198,4.39709e-05
0.247458,4.60114e-05
0.249718,4.81404e-05
0.251977,5.03615e-05
0.254237,5.26782e-05
0.256497,5.50945e-05
0.258757,5.76144e-05
0.261017,6.02418e-05
0.263277,6.2981e-05
0.265537,6.58365e-05
0.267797,6.88128e-05
0.270056,7.19146e-05
0.272316,7.51468e-05
0.274576,7.85144e-05
0.276836,8.20227e-05
0.279096,8.5677e-05
0.281356,8.9483e-05
0.283616,9.34465e-05
0.285876,9.75734e-05
0.288136,0.00010187
0.290395,0.000106343
0.292655,0.000110998
0.294915,0.000115843
0.297175,0.000120884
0.299435,0.000126129
0.301695,0.000131586
0.303955,0.000137261
0.306215,0.000143165
0.308475,0.000149303
0.310734,0.000155686
0.312994,0.000162322
0.315254,0.00016922
0.317514,0.00017639
0.319774,0.000183841
0.322034,0.000191583
0.324294,0.000199627
0.326554,0.000207984
0.328814,0.000216665
0.331073,0.00022568
0.333333,0.000235042
0.335593,0.000244762
0.337853,0.000254854
0.340113,0.00026533
0.342373,0.000276203
0.344633,0.000287487
0.346893,0.000299195
0.349153,0.000311343
0.351412,0.000323946
0.353672,0.000337017
0.355932,0.000350575
0.358192,0.000364633
0.360452,0.00037921
0.362712,0.000394322
0.364972,0.000409987
0.367232,0.000426223
0.369492,0.00044305
0.371751,0.000460485
0.374011,0.000478549
0.376271,0.000497262
0.378531,0.000516645
0.380791,0.00053672
0.383051,0.000557508
0.385311,0.000579032
0.387571,0.000601315
0.389831,0.000624381
0.39209,0.000648255
0.39435,0.000672961
0.39661,0.000698525
0.39887,0.000724975
0.40113,0.000752336
0.40339,0.000780637
0.40565,0.000809907
0.40791,0.000840174
0.410169,0.000871469
0.412429,0.000903822
0.414689,0.000937265
0.416949,0.00097183
0.419209,0.00100755
0.421469,0.00104446
0.423729,0.00108259
0.425989,0.00112199
0.428249,0.00116268
0.430508,0.0012047
0.432768,0.00124809
0.435028,0.00129289
0.437288,0.00133915
0.439548,0.00138689
0.441808,0.00143617
0.444068,0.00148702
0.446328,0.0015395
0.448588,0.00159363
0.450847,0.00164948
0.453107,0.00170708
0.455367,0.00176648
0.457627,0.00182774
0.459887,0.0018909
0.462147,0.00195602
0.464407,0.00202313
0.466667,0.00209231
0.468927,0.0021636
0.471186,0.00223705
0.473446,0.00231273
0.475706,0.00239068
0.477966,0.00247098
0.480226,0.00255367
0.482486,0.00263882
0.484746,0.0027265
0.487006,0.00281675
0.489266,0.00290966
0.491525,0.00300528
0.493785,0.00310368
0.496045,0.00320492
0.498305,0.00330909
0.500565,0.00341624
0.502825,0.00352645
0.505085,0.0036398
0.507345,0.00375635
0.509605,0.00387618
0.511864,0.00399938
0.514124,0.004126
0.516384,0.00425615
0.518644,0.00438989
0.520904,0.00452731
0.523164,0.00466849
0.525424,0.00481352
0.527684,0.00496247
0.529944,0.00511545
0.532203,0.00527253
0.534463,0.00543382
0.536723,0.00559938
0.538983,0.00576933
0.541243,0.00594375
0.543503,0.00612274
0.545763,0.0063064
0.548023,0.00649481
0.550282,0.00668809
0.552542,0.00688633
0.554802,0.00708963
0.557062,0.0072981
0.559322,0.00751183
0.561582,0.00773094
0.563842,0.00795553
0.566102,0.00818571
0.568362,0.00842158
0.570621,0.00866326
0.572881,0.00891087
0.575141,0.0091645
0.577401,0.00942428
0.579661,0.00969031
0.581921,0.00996273
0.584181,0.0102416
0.586441,0.0105272
0.588701,0.0108194
0.59096,0.0111185
0.59322,0.0114246
0.59548,0.0117378
0.59774,0.0120581
0.6,0.0123859
0.60226,0.0127211
0.60452,0.0130639
0.60678,0.0134144
0.60904,0.0137728
0.611299,0.0141391
0.613559,0.0145136
0.615819,0.0148963
0.618079,0.0152874
0.620339,0.0156869
0.622599,0.0160952
0.624859,0.0165122
0.627119,0.0169381
0.629379,0.017373
0.631638,0.0178171
0.633898,0.0182705
0.636158,0.0187334
0.638418,0.0192058
0.640678,0.019688
0.642938,0.02018
0.645198,0.020682
0.647458,0.0211942
0.649718,0.0217166
0.651977,0.0222495
0.654237,0.0227928
0.656497,0.0233469
0.658757,0.0239118
0.661017,0.0244876
0.663277,0.0250746
0.665537,0.0256727
0.667797,0.0262823
0.670056,0.0269033
0.672316,0.027536
0.674576,0.0281805
0.676836,0.0288369
0.679096,0.0295053
0.681356,0.030186
0.683616,0.0308789
0.685876,0.0315843
0.688136,0.0323023
0.690395,0.033033
0.692655,0.0337766
0.694915,0.0345331
0.697175,0.0353027
0.699435,0.0360856
0.701695,0.0368818
0.703955,0.0376915
0.706215,0.0385148
0.708475,0.0393519
0.710734,0.0402027
0.712994,0.0410676
0.715254,0.0419465
0.717514,0.0428396
0.719774,0.0437471
0.722034,0.0446689
0.724294,0.0456053
0.726554,0.0465563
0.728814,0.0475221
0.731073,0.0485027
0.733333,0.0494983
0.735593,0.0505089
0.737853,0.0515346
0.740113,0.0525756
0.742373,0.053632
0.744633,0.0547037
0.746893,0.055791
0.749153,0.0568938
0.751412,0.0580123
0.753672,0.0591466
0.755932,0.0602966
0.758192,0.0614626
0.760452,0.0626446
0.762712,0.0638425
0.764972,0.0650566
0.767232,0.0662868
0.769492,0.0675332
0.771751,0.0687959
0.774011,0.0700748
0.776271,0.0713702
0.778531,0.0726819
0.780791,0.07401
0.783051,0.0753546
0.785311,0.0767157
0.787571,0.0780934
0.789831,0.0794876
0.79209,0.0808983
0.79435,0.0823256
0.79661,0.0837695
0.79887,0.08523
0.80113,0.0867071
0.80339,0.0882008
0.80565,0.0897111
0.80791,0.0912379
0.810169,0.0927814
0.812429,0.0943413
0.814689,0.0959178
0.816949,0.0975108
0.819209,0.0991202
0.821469,0.100746
0.823729,0.102388
0.825989,0.104047
0.828249,0.105722
0.830508,0.107413
0.832768,0.10912
0.835028,0.110843
0.837288,0.112583
0.839548,0.114338
0.841808,0.116109
0.844068,0.117896
0.846328,0.119699
0.848588,0.121517
0.850847,0.123351
0.853107,0.1252
0.855367,0.127064
0.857627,0.128944
0.859887,0.130838
0.862147,0.132748
0.864407,0.134673
0.866667,0.136612
0.868927,0.138565
0.871186,0.140533
0.873446,0.142516
0.875706,0.144512
0.877966,0.146522
0.880226,0.148546
0.882486,0.150584
0.884746,0.152635
0.887006,0.1547
0.889266,0.156777
0.891525,0.158868
0.893785,0.160971
0.896045,0.163086
0.898305,0.165214
0.900565,0.167354
0.902825,0.169506
0.905085,0.17167
0.907345,0.173845
0.909605,0.176032
0.911864,0.178229
0.914124,0.180438
0.916384,0.182657
0.918644,0.184886
0.920904,0.187126
0.923164,0.189375
0.925424,0.191634
0.927684,0.193902
0.929944,0.19618
0.932203,0.198466
0.934463,0.200761
0.936723,0.203065
0.938983,0.205376
0.941243,0.207696
0.943503,0.210023
0.945763,0.212357
0.948023,0.214698
0.950282,0.217046
0.952542,0.2194
0.954802,0.221761
0.957062,0.224127
0.959322,0.2265
0.961582,0.228877
0.963842,0.231259
0.966102,0.233646
0.968362,0.236038
0.970621,0.238434
0.972881,0.240833
0.975141,0.243236
0.977401,0.245642
0.979661,0.248051
0.981921,0.250463
0.984181,0.252877
0.986441,0.255293
0.988701,0.257711
0.99096,0.26013
0.99322,0.262551
0.99548,0.264972
0.99774,0.267393
1,0.269815
1.00226,0.272236
1.00452,0.274657
1.00678,0.277077
1.00904,0.279497
1.0113,0.281914
1.01356,0.28433
1.01582,0.286745
1.01808,0.289156
1.02034,0.291565
1.0226,0.293972
1.02486,0.296375
1.02712,0.298774
1.02938,0.30117
1.03164,0.303561
1.0339,0.305948
1.03616,0.308331
1.03842,0.310708
1.04068,0.31308
1.04294,0.315447
1.0452,0.317807
1.04746,0.320162
1.04972,0.32251
1.05198,0.324851
1.05424,0.327185
1.0565,0.329512
1.05876,0.331831
1.06102,0.334143
1.06328,0.336446
1.06554,0.338741
1.0678,0.341028
1.07006,0.343305
1.07232,0.345574
1.07458,0.347833
1.07684,0.350082
1.0791,0.352322
1.08136,0.354551
1.08362,0.35677
1.08588,0.358978
1.08814,0.361176
1.0904,0.363362
1.09266,0.365538
1.09492,0.367701
1.09718,0.369853
1.09944,0.371993
1.10169,0.374121
1.10395,0.376237
1.10621,0.37834
1.10847,0.380431
1.11073,0.382508
1.11299,0.384572
1.11525,0.386624
1.11751,0.388661
1.11977,0.390685
1.12203,0.392696
1.12429,0.394692
1.12655,0.396674
1.12881,0.398642
1.13107,0.400596
1.13333,0.402535
1.13559,0.40446
1.13785,0.406369
1.14011,0.408264
1.14237,0.410143
1.14463,0.412008
1.14689,0.413857
1.14915,0.415691
1.15141,0.417509
1.15367,0.419312
1.15593,0.421099
1.15819,0.42287
1.16045,0.424625
1.16271,0.426364
1.16497,0.428088
1.16723,0.429795
1.16949,0.431486
1.17175,0.433161
1.17401,0.434819
1.17627,0.436462
1.17853,0.438087
1.18079,0.439697
1.18305,0.44129
1.18531,0.442866
1.18757,0.444426
1.18983,0.44597
1.19209,0.447497
1.19435,0.449007
1.19661,0.450501
1.19887,0.451978
1.20113,0.453438
1.20339,0.454882
1.20565,0.456309
1.20791,0.45772
1.21017,0.459114
1.21243,0.460492
1.21469,0.461853
1.21695,0.463198
1.21921,0.464526
1.22147,0.465838
1.22373,0.467133
1.22599,0.468412
1.22825,0.469674
1.23051,0.470921
1.23277,0.472151
1.23503,0.473365
1.23729,0.474563
1.23955,0.475745
1.24181,0.476911
1.24407,0.478061
1.24633,0.479195
1.24859,0.480314
1.25085,0.481417
1.25311,0.482504
1.25537,0.483576
1.25763,0.484632
1.25989,0.485673
1.26215,0.486699
1.26441,0.487709
1.26667,0.488705
1.26893,0.489686
1.27119,0.490651
1.27345,0.491602
1.27571,0.492539
1.27797,0.493461
1.28023,0.494368
1.28249,0.495261
1.28475,0.49614
1.28701,0.497005
1.28927,0.497856
1.29153,0.498693
1.29379,0.499516
1.29605,0.500326
1.29831,0.501122
1.30056,0.501905
1.30282,0.502675
1.30508,0.503431
1.30734,0.504175
1.3096,0.504905
1.31186,0.505623
1.31412,0.506329
1.31638,0.507022
1.31864,0.507702
1.3209,0.508371
1.32316,0.509027
1.32542,0.509672
1.32768,0.510304
1.32994,0.510925
1.3322,0.511535
1.33446,0.512133
1.33672,0.51272
1.33898,0.513296
1.34124,0.513861
1.3435,0.514415
1.34576,0.514958
1.34802,0.515491
1.35028,0.516013
1.35254,0.516526
1.3548,0.517028
1.35706,0.51752
1.35932,0.518002
1.36158,0.518474
1.36384,0.518937
1.3661,0.519391
1.36836,0.519835
1.37062,0.52027
1.37288,0.520696
1.37514,0.521113
1.3774,0.521521
1.37966,0.52192
1.38192,0.522311
1.38418,0.522694
1.38644,0.523069
1.3887,0.523435
1.39096,0.523793
1.39322,0.524144
1.39548,0.524487
1.39774,0.524822
1.4,0.52515
1.40226,0.52547
1.40452,0.525783
1.40678,0.526089
1.40904,0.526388
1.4113,0.526681
1.41356,0.526966
1.41582,0.527245
1.41808,0.527517
1.42034,0.527783
1.4226,0.528043
1.42486,0.528297
1.42712,0.528544
1.42938,0.528786
1.43164,0.529022
1.4339,0.529252
1.43616,0.529477
1.43842,0.529696
1.44068,0.52991
1.44294,0.530118
1.4452,0.530321
1.44746,0.53052
1.44972,0.530713
1.45198,0.530901
1.45424,0.531085
1.4565,0.531264
1.45876,0.531438
1.46102,0.531608
1.46328,0.531774
1.46554,0.531935
1.4678,0.532092
1.47006,0.532245
1.47232,0.532394
1.47458,0.532539
1.47684,0.53268
1.4791,0.532818
1.48136,0.532952
1.48362,0.533082
1.48588,0.533208
1.48814,0.533331
1.4904,0.533451
1.49266,0.533568
1.49492,0.533681
1.49718,0.533791
1.49944,0.533899
1.50169,0.534003
1.50395,0.534104
1.50621,0.534202
1.50847,0.534298
1.51073,0.534391
1.51299,0.534481
1.51525,0.534569
1.51751,0.534654
1.51977,0.534737
1.52203,0.534817
1.52429,0.534895
1.52655,0.534971
1.52881,0.535044
1.53107,0.535115
1.53333,0.535185
1.53559,0.535252
1.53785,0.535317
1.54011,0.53538
1.54237,0.535441
1.54463,0.535501
1.54689,0.535558
1.54915,0.535614
1.55141,0.535668
1.55367,0.535721
1.55593,0.535771
1.55819,0.535821
1.56045,0.535869
1.56271,0.535915
1.56497,0.53596
1.56723,0.536003
1.56949,0.536045
1.57175,0.536086
1.57401,0.536125
1.57627,0.536163
1.57853,0.5362
1.58079,0.536236
1.58305,0.53627
1.58531,0.536304
1.58757,0.536336
1.58983,0.536367
1.59209,0.536398
1.59435,0.536427
1.59661,0.536455
1.59887,0.536483
1.60113,0.536509
1.60339,0.536535
1.60565,0.536559
1.60791,0.536583
1.61017,0.536606
1.61243,0.536629
1.61469,0.53665
1.61695,0.536671
1.61921,0.536691
1.62147,0.53671
1.62373,0.536729
1.62599,0.536747
1.62825,0.536765
1.63051,0.536781
1.63277,0.536798
1.63503,0.536813
1.63729,0.536828
1.63955,0.536843
1.64181,0.536857
1.64407,0.536871
1.64633,0.536884
1.64859,0.536896
1.65085,0.536908
1.65311,0.53692
1.65537,0.536931
1.65763,0.536942
1.65989,0.536953
1.66215,0.536963
1.66441,0.536973
1.66667,0.536982
1.66893,0.536991
1.67119,0.537
1.67345,0.537008
1.67571,0.537016
1.67797,0.537024
1.68023,0.537031
1.68249,0.537038
1.68475,0.537045
1.68701,0.537052
1.68927,0.537058
1.69153,0.537065
1.69379,0.53707
1.69605,0.537076
1.69831,0.537082
1.70056,0.537087
1.70282,0.537092
1.70508,0.537097
1.70734,0.537101
1.7096,0.537106
1.71186,0.53711
1.71412,0.537114
1.71638,0.537118
1.71864,0.537122
1.7209,0.537126
1.72316,0.537129
1.72542,0.537133
1.72768,0.537136
1.72994,0.537139
1.7322,0.537142
1.73446,0.537145
1.73672,0.537147
1.73898,0.53715
1.74124,0.537153
1.7435,0.537155
1.74576,0.537157
1.74802,0.53716
1.75028,0.537162
1.75254,0.537164
1.7548,0.537166
1.75706,0.537168
1.75932,0.537169
1.76158,0.537171
1.76384,0.537173
1.7661,0.537174
1.76836,0.537176
1.77062,0.537177
1.77288,0.537179
1.77514,0.53718
1.7774,0.537181
1.77966,0.537182
1.78192,0.537184
1.78418,0.537185
1.78644,0.537186
1.7887,0.537187
1.79096,0.537188
1.79322,0.537189
1.79548,0.53719
1.79774,0.53719
1.8,0.537191
1.80226,0.537192
1.80452,0.537193
1.80678,0.537193
1.80904,0.537194
1.8113,0.537195
1.81356,0.537195
1.81582,0.537196
1.81808,0.537197
1.82034,0.537197
1.8226,0.537198
1.82486,0.537198
1.82712,0.537199
1.82938,0.537199
1.83164,0.537199
1.8339,0.5372
1.83616,0.5372
1.83842,0.537201
1.84068,0.537201
1.84294,0.537201
1.8452,0.537202
1.84746,0.537202
1.84972,0.537202
1.85198,0.537202
1.85424,0.537203
1.8565,0.537203
1.85876,0.537203
1.86102,0.537203
1.86328,0.537204
1.86554,0.537204
1.8678,0.537204
1.87006,0.537204
1.87232,0.537204
1.87458,0.537205
1.87684,0.537205
1.8791,0.537205
1.88136,0.537205
1.88362,0.537205
1.88588,0.537205
1.88814,0.537205
1.8904,0.537206
1.89266,0.537206
1.89492,0.537206
1.89718,0.537206
1.89944,0.537206
1.90169,0.537206
1.90395,0.537206
1.90621,0.537206
1.90847,0.537206
1.91073,0.537206
1.91299,0.537207
1.91525,0.537207
1.91751,0.537207
1.91977,0.537207
1.92203,0.537207
1.92429,0.537207
1.92655,0.537207
1.92881,0.537207
1.93107,0.537207
1.93333,0.537207
1.93559,0.537207
1.93785,0.537207
1.94011,0.537207
1.94237,0.537207
1.94463,0.537207
1.94689,0.537207
1.94915,0.537207
1.95141,0.537207
1.95367,0.537207
1.95593,0.537207
1.95819,0.537207
1.96045,0.537207
1.96271,0.537207
1.96497,0.537207
1.96723,0.537207
1.96949,0.537208
1.97175,0.537208
1.97401,0.537208
1.97627,0.537208
1.97853,0.537208
1.98079,0.537208
1.98305,0.537208
1.98531,0.537208
1.98757,0.537208
1.98983,0.537208
1.99209,0.537208
1.99435,0.537208
1.99661,0.537208
1.99887,0.537208
