0.00143472,0
0.00430416,1.27576e-08
0.0071736,2.64584e-08
0.010043,4.11691e-08
0.0129125,5.69608e-08
0.0157819,7.39095e-08
0.0186514,9.20962e-08
0.0215208,1.11607e-07
0.0243902,1.32535e-07
0.0272597,1.54978e-07
0.0301291,1.7904e-07
0.0329986,2.04833e-07
0.035868,2.32476e-07
0.0387374,2.62096e-07
0.0416069,2.93827e-07
0.0444763,3.27812e-07
0.0473458,3.64205e-07
0.0502152,4.03169e-07
0.0530846,4.44875e-07
0.0559541,4.89508e-07
0.0588235,5.37263e-07
0.061693,5.88349e-07
0.0645624,6.42986e-07
0.0674319,7.01409e-07
0.0703013,7.63868e-07
0.0731707,8.30628e-07
0.0760402,9.0197e-07
0.0789096,9.78193e-07
0.0817791,1.05961e-06
0.0846485,1.14657e-06
0.0875179,1.23942e-06
0.0903874,1.33854e-06
0.0932568,1.44433e-06
0.0961263,1.55722e-06
0.0989957,1.67766e-06
0.101865,1.80613e-06
0.104735,1.94313e-06
0.107604,2.0892e-06
0.110473,2.24492e-06
0.113343,2.41088e-06
0.116212,2.58772e-06
0.119082,2.77612e-06
0.121951,2.97678e-06
0.124821,3.19047e-06
0.12769,3.41798e-06
0.13056,3.66016e-06
0.133429,3.9179e-06
0.136298,4.19214e-06
0.139168,4.48388e-06
0.142037,4.79417e-06
0.144907,5.12412e-06
0.147776,5.47491e-06
0.150646,5.84778e-06
0.153515,6.24403e-06
0.156385,6.66504e-06
0.159254,7.11228e-06
0.162123,7.58727e-06
0.164993,8.09163e-06
0.167862,8.62707e-06
0.170732,9.19539e-06
0.173601,9.79848e-06
0.176471,1.04383e-05
0.17934,1.11171e-05
0.182209,1.18369e-05
0.185079,1.26001e-05
0.187948,1.34092e-05
0.190818,1.42667e-05
0.193687,1.51754e-05
0.196557,1.61381e-05
0.199426,1.71578e-05
0.202296,1.82377e-05
0.205165,1.93811e-05
0.208034,2.05914e-05
0.210904,2.18723e-05
0.213773,2.32277e-05
0.216643,2.46616e-05
0.219512,2.61782e-05
0.222382,2.7782e-05
0.225251,2.94777e-05
0.228121,3.127e-05
0.23099,3.31642e-05
0.233859,3.51656e-05
0.236729,3.72799e-05
0.239598,3.9513e-05
0.242468,4.1871e-05
0.245337,4.43604e-05
0.248207,4.6988e-05
0.251076,4.9761e-05
0.253945,5.26867e-05
0.256815,5.57729e-05
0.259684,5.90278e-05
0.262554,6.24599e-05
0.265423,6.6078e-05
0.268293,6.98916e-05
0.271162,7.39102e-05
0.274032,7.81441e-05
0.276901,8.26039e-05
0.27977,8.73006e-05
0.28264,9.22459e-05
0.285509,9.74518e-05
0.288379,0.000102931
0.291248,0.000108696
0.294118,0.000114762
0.296987,0.000121142
0.299857,0.000127851
0.302726,0.000134905
0.305595,0.000142321
0.308465,0.000150114
0.311334,0.000158302
0.314204,0.000166905
0.317073,0.00017594
0.319943,0.000185428
0.322812,0.000195389
0.325681,0.000205845
0.328551,0.000216819
0.33142,0.000228332
0.33429,0.00024041
0.337159,0.000253077
0.340029,0.00026636
0.342898,0.000280286
0.345768,0.000294882
0.348637,0.000310177
0.351506,0.000326203
0.354376,0.000342991
0.357245,0.000360572
0.360115,0.000378981
0.362984,0.000398252
0.365854,0.000418423
0.368723,0.00043953
0.371593,0.000461613
0.374462,0.000484712
0.377331,0.000508869
0.380201,0.000534126
0.38307,0.000560529
0.38594,0.000588124
0.388809,0.000616958
0.391679,0.000647082
0.394548,0.000678546
0.397418,0.000711404
0.400287,0.000745709
0.403156,0.000781519
0.406026,0.000818891
0.408895,0.000857887
0.411765,0.000898567
0.414634,0.000940996
0.417504,0.00098524
0.420373,0.00103137
0.423242,0.00107945
0.426112,0.00112956
0.428981,0.00118176
0.431851,0.00123615
0.43472,0.00129279
0.43759,0.00135177
0.440459,0.00141317
0.443329,0.00147708
0.446198,0.00154358
0.449067,0.00161278
0.451937,0.00168476
0.454806,0.00175961
0.457676,0.00183744
0.460545,0.00191835
0.463415,0.00200245
0.466284,0.00208984
0.469154,0.00218062
0.472023,0.00227493
0.474892,0.00237286
0.477762,0.00247454
0.480631,0.00258009
0.483501,0.00268964
0.48637,0.00280331
0.48924,0.00292124
0.492109,0.00304355
0.494978,0.00317039
0.497848,0.00330189
0.500717,0.00343821
0.503587,0.00357948
0.506456,0.00372585
0.509326,0.00387749
0.512195,0.00403454
0.515065,0.00419717
0.517934,0.00436554
0.520803,0.00453982
0.523673,0.00472017
0.526542,0.00490677
0.529412,0.0050998
0.532281,0.00529943
0.535151,0.00550586
0.53802,0.00571926
0.54089,0.00593983
0.543759,0.00616777
0.546628,0.00640326
0.549498,0.00664651
0.552367,0.00689773
0.555237,0.00715711
0.558106,0.00742488
0.560976,0.00770125
0.563845,0.00798643
0.566714,0.00828064
0.569584,0.0085841
0.572453,0.00889706
0.575323,0.00921972
0.578192,0.00955234
0.581062,0.00989513
0.583931,0.0102483
0.586801,0.0106122
0.58967,0.010987
0.592539,0.011373
0.595409,0.0117703
0.598278,0.0121793
0.601148,0.0126003
0.604017,0.0130334
0.606887,0.0134789
0.609756,0.0139371
0.612626,0.0144083
0.615495,0.0148927
0.618364,0.0153907
0.621234,0.0159023
0.624103,0.0164281
0.626973,0.0169681
0.629842,0.0175227
0.632712,0.0180922
0.635581,0.0186768
0.638451,0.0192769
0.64132,0.0198927
0.644189,0.0205244
0.647059,0.0211724
0.649928,0.021837
0.652798,0.0225184
0.655667,0.0232169
0.658537,0.0239328
0.661406,0.0246663
0.664275,0.0254179
0.667145,0.0261877
0.670014,0.0269759
0.672884,0.027783
0.675753,0.0286092
0.678623,0.0294547
0.681492,0.0303199
0.684362,0.031205
0.687231,0.0321102
0.6901,0.0330359
0.69297,0.0339823
0.695839,0.0349496
0.698709,0.0359382
0.701578,0.0369483
0.704448,0.0379802
0.707317,0.0390341
0.710187,0.0401102
0.713056,0.0412088
0.715925,0.0423301
0.718795,0.0434744
0.721664,0.0446419
0.724534,0.0458328
0.727403,0.0470474
0.730273,0.0482858
0.733142,0.0495483
0.736011,0.050835
0.738881,0.0521462
0.74175,0.0534821
0.74462,0.0548428
0.747489,0.0562286
0.750359,0.0576395
0.753228,0.0590757
0.756098,0.0605375
0.758967,0.0620249
0.761836,0.0635381
0.764706,0.0650772
0.767575,0.0666423
0.770445,0.0682336
0.773314,0.0698512
0.776184,0.0714951
0.779053,0.0731654
0.781923,0.0748623
0.784792,0.0765857
0.787661,0.0783358
0.790531,0.0801125
0.7934,0.081916
0.79627,0.0837462
0.799139,0.0856031
0.802009,0.0874868
0.804878,0.0893973
0.807747,0.0913345
0.810617,0.0932983
0.813486,0.0952889
0.816356,0.097306
0.819225,0.0993497
0.822095,0.10142
0.824964,0.103516
0.827834,0.105639
0.830703,0.107788
0.833572,0.109963
0.836442,0.112164
0.839311,0.114391
0.842181,0.116643
0.84505,0.11892
0.84792,0.121223
0.850789,0.123551
0.853659,0.125904
0.856528,0.128281
0.859397,0.130683
0.862267,0.133108
0.865136,0.135558
0.868006,0.138031
0.870875,0.140527
0.873745,0.143047
0.876614,0.145589
0.879484,0.148153
0.882353,0.150739
0.885222,0.153347
0.888092,0.155976
0.890961,0.158627
0.893831,0.161297
0.8967,0.163988
0.89957,0.166699
0.902439,0.169429
0.905308,0.172177
0.908178,0.174945
0.911047,0.17773
0.913917,0.180533
0.916786,0.183353
0.919656,0.186189
0.922525,0.189042
0.925395,0.19191
0.928264,0.194793
0.931133,0.197691
0.934003,0.200603
0.936872,0.203528
0.939742,0.206467
0.942611,0.209417
0.945481,0.21238
0.94835,0.215354
0.95122,0.218339
0.954089,0.221334
0.956958,0.224338
0.959828,0.227351
0.962697,0.230373
0.965567,0.233403
0.968436,0.23644
0.971306,0.239483
0.974175,0.242532
0.977044,0.245587
0.979914,0.248646
0.982783,0.25171
0.985653,0.254777
0.988522,0.257846
0.991392,0.260918
0.994261,0.263992
0.997131,0.267066
1,0.270141
1.00287,0.273216
1.00574,0.276289
1.00861,0.279361
1.01148,0.282431
1.01435,0.285498
1.01722,0.288561
1.02009,0.291621
1.02296,0.294675
1.02582,0.297725
1.02869,0.300768
1.03156,0.303805
1.03443,0.306834
1.0373,0.309856
1.04017,0.31287
1.04304,0.315874
1.04591,0.318869
1.04878,0.321854
1.05165,0.324828
1.05452,0.32779
1.05739,0.330741
1.06026,0.333679
1.06313,0.336605
1.066,0.339517
1.06887,0.342415
1.07174,0.345298
1.07461,0.348166
1.07747,0.351019
1.08034,0.353855
1.08321,0.356675
1.08608,0.359478
1.08895,0.362263
1.09182,0.36503
1.09469,0.367779
1.09756,0.370509
1.10043,0.373219
1.1033,0.37591
1.10617,0.378581
1.10904,0.381231
1.11191,0.38386
1.11478,0.386468
1.11765,0.389055
1.12052,0.391619
1.12339,0.394161
1.12626,0.39668
1.12912,0.399177
1.13199,0.40165
1.13486,0.404099
1.13773,0.406525
1.1406,0.408927
1.14347,0.411304
1.14634,0.413657
1.14921,0.415984
1.15208,0.418287
1.15495,0.420565
1.15782,0.422817
1.16069,0.425044
1.16356,0.427245
1.16643,0.42942
1.1693,0.431569
1.17217,0.433691
1.17504,0.435788
1.17791,0.437858
1.18077,0.439902
1.18364,0.441919
1.18651,0.443909
1.18938,0.445873
1.19225,0.44781
1.19512,0.449721
1.19799,0.451605
1.20086,0.453461
1.20373,0.455292
1.2066,0.457095
1.20947,0.458872
1.21234,0.460622
1.21521,0.462345
1.21808,0.464042
1.22095,0.465713
1.22382,0.467356
1.22669,0.468974
1.22956,0.470565
1.23242,0.47213
1.23529,0.47367
1.23816,0.475183
1.24103,0.47667
1.2439,0.478132
1.24677,0.479568
1.24964,0.480979
1.25251,0.482365
1.25538,0.483726
1.25825,0.485061
1.26112,0.486373
1.26399,0.487659
1.26686,0.488922
1.26973,0.49016
1.2726,0.491375
1.27547,0.492566
1.27834,0.493733
1.28121,0.494878
1.28407,0.495999
1.28694,0.497098
1.28981,0.498174
1.29268,0.499227
1.29555,0.500259
1.29842,0.501269
1.30129,0.502258
1.30416,0.503225
1.30703,0.504172
1.3099,0.505097
1.31277,0.506003
1.31564,0.506888
1.31851,0.507753
1.32138,0.508598
1.32425,0.509425
1.32712,0.510232
1.32999,0.51102
1.33286,0.51179
1.33572,0.512541
1.33859,0.513275
1.34146,0.513991
1.34433,0.514689
1.3472,0.515371
1.35007,0.516035
1.35294,0.516683
1.35581,0.517315
1.35868,0.517931
1.36155,0.518531
1.36442,0.519115
1.36729,0.519685
1.37016,0.52024
1.37303,0.52078
1.3759,0.521305
1.37877,0.521817
1.38164,0.522315
1.38451,0.522799
1.38737,0.523271
1.39024,0.523729
1.39311,0.524174
1.39598,0.524607
1.39885,0.525028
1.40172,0.525437
1.40459,0.525835
1.40746,0.526221
1.41033,0.526595
1.4132,0.526959
1.41607,0.527313
1.41894,0.527655
1.42181,0.527988
1.42468,0.528311
1.42755,0.528624
1.43042,0.528927
1.43329,0.529221
1.43615,0.529506
1.43902,0.529783
1.44189,0.530051
1.44476,0.53031
1.44763,0.530561
1.4505,0.530804
1.45337,0.53104
1.45624,0.531268
1.45911,0.531488
1.46198,0.531702
1.46485,0.531908
1.46772,0.532108
1.47059,0.532301
1.47346,0.532487
1.47633,0.532668
1.4792,0.532842
1.48207,0.53301
1.48494,0.533173
1.4878,0.53333
1.49067,0.533482
1.49354,0.533628
1.49641,0.533769
1.49928,0.533906
1.50215,0.534037
1.50502,0.534164
1.50789,0.534286
1.51076,0.534404
1.51363,0.534518
1.5165,0.534628
1.51937,0.534733
1.52224,0.534835
1.52511,0.534933
1.52798,0.535027
1.53085,0.535118
1.53372,0.535205
1.53659,0.535289
1.53945,0.53537
1.54232,0.535448
1.54519,0.535523
1.54806,0.535595
1.55093,0.535664
1.5538,0.535731
1.55667,0.535794
1.55954,0.535856
1.56241,0.535915
1.56528,0.535972
1.56815,0.536026
1.57102,0.536078
1.57389,0.536128
1.57676,0.536176
1.57963,0.536222
1.5825,0.536267
1.58537,0.536309
1.58824,0.53635
1.5911,0.536389
1.59397,0.536426
1.59684,0.536462
1.59971,0.536496
1.60258,0.536529
1.60545,0.536561
1.60832,0.536591
1.61119,0.53662
1.61406,0.536647
1.61693,0.536674
1.6198,0.536699
1.62267,0.536723
1.62554,0.536746
1.62841,0.536768
1.63128,0.536789
1.63415,0.536809
1.63702,0.536829
1.63989,0.536847
1.64275,0.536865
1.64562,0.536881
1.64849,0.536897
1.65136,0.536913
1.65423,0.536927
1.6571,0.536941
1.65997,0.536955
1.66284,0.536967
1.66571,0.536979
1.66858,0.536991
1.67145,0.537002
1.67432,0.537012
1.67719,0.537022
1.68006,0.537032
1.68293,0.537041
1.6858,0.537049
1.68867,0.537058
1.69154,0.537065
1.6944,0.537073
1.69727,0.53708
1.70014,0.537087
1.70301,0.537093
1.70588,0.537099
1.70875,0.537105
1.71162,0.53711
1.71449,0.537115
1.71736,0.53712
1.72023,0.537125
1.7231,0.53713
1.72597,0.537134
1.72884,0.537138
1.73171,0.537142
1.73458,0.537145
1.73745,0.537149
1.74032,0.537152
1.74319,0.537155
1.74605,0.537158
1.74892,0.537161
1.75179,0.537163
1.75466,0.537166
1.75753,0.537168
1.7604,0.53717
1.76327,0.537172
1.76614,0.537174
1.76901,0.537176
1.77188,0.537178
1.77475,0.53718
1.77762,0.537181
1.78049,0.537183
1.78336,0.537184
1.78623,0.537186
1.7891,0.537187
1.79197,0.537188
1.79484,0.537189
1.7977,0.537191
1.80057,0.537192
1.80344,0.537192
1.80631,0.537193
1.80918,0.537194
1.81205,0.537195
1.81492,0.537196
1.81779,0.537197
1.82066,0.537197
1.82353,0.537198
1.8264,0.537198
1.82927,0.537199
1.83214,0.5372
1.83501,0.5372
1.83788,0.537201
1.84075,0.537201
1.84362,0.537201
1.84648,0.537202
1.84935,0.537202
1.85222,0.537203
1.85509,0.537203
1.85796,0.537203
1.86083,0.537203
1.8637,0.537204
1.86657,0.537204
1.86944,0.537204
1.87231,0.537204
1.87518,0.537205
1.87805,0.537205
1.88092,0.537205
1.88379,0.537205
1.88666,0.537205
1.88953,0.537206
1.8924,0.537206
1.89527,0.537206
1.89813,0.537206
1.901,0.537206
1.90387,0.537206
1.90674,0.537206
1.90961,0.537206
1.91248,0.537207
1.91535,0.537207
1.91822,0.537207
1.92109,0.537207
1.92396,0.537207
1.92683,0.537207
1.9297,0.537207
1.93257,0.537207
1.93544,0.537207
1.93831,0.537207
1.94118,0.537207
1.94405,0.537207
1.94692,0.537207
1.94978,0.537207
1.95265,0.537207
1.95552,0.537207
1.95839,0.537207
1.96126,0.537207
1.96413,0.537207
1.967,0.537207
1.96987,0.537208
1.97274,0.537208
1.97561,0.537208
1.97848,0.537208
1.98135,0.537208
1.98422,0.537208
1.98709,0.537208
1.98996,0.537208
1.99283,0.537208
1.9957,0.537208
1.99857,0.537208
