0.00140449,0
0.00421348,1.24607e-08
0.00702247,2.58226e-08
0.00983146,4.01482e-08
0.0126404,5.55037e-08
0.0154494,7.19602e-08
0.0182584,8.95929e-08
0.0210674,1.08482e-07
0.0238764,1.28714e-07
0.0266854,1.50379e-07
0.0294944,1.73574e-07
0.0323034,1.98403e-07
0.0351124,2.24975e-07
0.0379213,2.53407e-07
0.0407303,2.83824e-07
0.0435393,3.16357e-07
0.0463483,3.51147e-07
0.0491573,3.88342e-07
0.0519663,4.28102e-07
0.0547753,4.70595e-07
0.0575843,5.16e-07
0.0603933,5.64507e-07
0.0632022,6.16318e-07
0.0660112,6.71645e-07
0.0688202,7.30718e-07
0.0716292,7.93776e-07
0.0744382,8.61076e-07
0.0772472,9.32888e-07
0.0800562,1.0095e-06
0.0828652,1.09122e-06
0.0856742,1.17836e-06
0.0884831,1.27128e-06
0.0912921,1.37032e-06
0.0941011,1.47589e-06
0.0969101,1.58837e-06
0.0997191,1.70821e-06
0.102528,1.83586e-06
0.105337,1.97179e-06
0.108146,2.11653e-06
0.110955,2.27061e-06
0.113764,2.43459e-06
0.116573,2.60909e-06
0.119382,2.79474e-06
0.122191,2.99222e-06
0.125,3.20223e-06
0.127809,3.42552e-06
0.130618,3.6629e-06
0.133427,3.9152e-06
0.136236,4.1833e-06
0.139045,4.46814e-06
0.141854,4.7707e-06
0.144663,5.09202e-06
0.147472,5.4332e-06
0.150281,5.79539e-06
0.15309,6.17982e-06
0.155899,6.58777e-06
0.158708,7.02058e-06
0.161517,7.47969e-06
0.164326,7.9666e-06
0.167135,8.48288e-06
0.169944,9.03021e-06
0.172753,9.61034e-06
0.175562,1.02251e-05
0.178371,1.08764e-05
0.18118,1.15664e-05
0.183989,1.22971e-05
0.186798,1.30709e-05
0.189607,1.389e-05
0.192416,1.4757e-05
0.195225,1.56745e-05
0.198034,1.66453e-05
0.200843,1.76722e-05
0.203652,1.87583e-05
0.206461,1.99067e-05
0.20927,2.11209e-05
0.212079,2.24042e-05
0.214888,2.37604e-05
0.217697,2.51933e-05
0.220506,2.67071e-05
0.223315,2.83058e-05
0.226124,2.9994e-05
0.228933,3.17762e-05
0.231742,3.36575e-05
0.234551,3.56429e-05
0.23736,3.77377e-05
0.240169,3.99475e-05
0.242978,4.22782e-05
0.245787,4.47359e-05
0.248596,4.73271e-05
0.251404,5.00583e-05
0.254213,5.29368e-05
0.257022,5.59696e-05
0.259831,5.91646e-05
0.26264,6.25298e-05
0.265449,6.60734e-05
0.268258,6.98043e-05
0.271067,7.37315e-05
0.273876,7.78645e-05
0.276685,8.22134e-05
0.279494,8.67884e-05
0.282303,9.16003e-05
0.285112,9.66605e-05
0.287921,0.000101981
0.29073,0.000107573
0.293539,0.000113451
0.296348,0.000119626
0.299157,0.000126114
0.301966,0.000132929
0.304775,0.000140085
0.307584,0.000147599
0.310393,0.000155486
0.313202,0.000163764
0.316011,0.00017245
0.31882,0.000181562
0.321629,0.00019112
0.324438,0.000201143
0.327247,0.000211653
0.330056,0.000222669
0.332865,0.000234215
0.335674,0.000246314
0.338483,0.000258989
0.341292,0.000272266
0.344101,0.00028617
0.34691,0.000300728
0.349719,0.000315967
0.352528,0.000331917
0.355337,0.000348608
0.358146,0.000366069
0.360955,0.000384334
0.363764,0.000403435
0.366573,0.000423407
0.369382,0.000444286
0.372191,0.000466108
0.375,0.000488911
0.377809,0.000512735
0.380618,0.00053762
0.383427,0.000563609
0.386236,0.000590746
0.389045,0.000619075
0.391854,0.000648643
0.394663,0.000679498
0.397472,0.000711689
0.400281,0.000745269
0.40309,0.00078029
0.405899,0.000816806
0.408708,0.000854874
0.411517,0.000894552
0.414326,0.000935901
0.417135,0.000978981
0.419944,0.00102386
0.422753,0.00107059
0.425562,0.00111926
0.428371,0.00116992
0.43118,0.00122266
0.433989,0.00127753
0.436798,0.00133463
0.439607,0.00139402
0.442416,0.0014558
0.445225,0.00152003
0.448034,0.00158681
0.450843,0.00165622
0.453652,0.00172835
0.456461,0.0018033
0.45927,0.00188115
0.462079,0.00196201
0.464888,0.00204598
0.467697,0.00213315
0.470506,0.00222363
0.473315,0.00231753
0.476124,0.00241496
0.478933,0.00251603
0.481742,0.00262086
0.484551,0.00272956
0.48736,0.00284226
0.490169,0.00295907
0.492978,0.00308014
0.495787,0.00320558
0.498596,0.00333552
0.501404,0.00347011
0.504213,0.00360949
0.507022,0.00375378
0.509831,0.00390315
0.51264,0.00405773
0.515449,0.00421768
0.518258,0.00438314
0.521067,0.00455429
0.523876,0.00473127
0.526685,0.00491425
0.529494,0.00510339
0.532303,0.00529887
0.535112,0.00550086
0.537921,0.00570953
0.54073,0.00592506
0.543539,0.00614763
0.546348,0.00637743
0.549157,0.00661465
0.551966,0.00685947
0.554775,0.00711209
0.557584,0.00737271
0.560393,0.00764153
0.563202,0.00791875
0.566011,0.00820458
0.56882,0.00849922
0.571629,0.00880289
0.574438,0.0091158
0.577247,0.00943817
0.580056,0.00977023
0.582865,0.0101122
0.585674,0.0104643
0.588483,0.0108267
0.591292,0.0111998
0.594101,0.0115836
0.59691,0.0119785
0.599719,0.0123848
0.602528,0.0128025
0.605337,0.0132321
0.608146,0.0136736
0.610955,0.0141275
0.613764,0.0145939
0.616573,0.015073
0.619382,0.0155652
0.622191,0.0160706
0.625,0.0165896
0.627809,0.0171224
0.630618,0.0176693
0.633427,0.0182304
0.636236,0.0188062
0.639045,0.0193968
0.641854,0.0200024
0.644663,0.0206235
0.647472,0.0212602
0.650281,0.0219127
0.65309,0.0225815
0.655899,0.0232666
0.658708,0.0239684
0.661517,0.0246872
0.664326,0.0254233
0.667135,0.0261767
0.669944,0.026948
0.672753,0.0277372
0.675562,0.0285447
0.678371,0.0293708
0.68118,0.0302156
0.683989,0.0310795
0.686798,0.0319626
0.689607,0.0328654
0.692416,0.0337879
0.695225,0.0347304
0.698034,0.0356933
0.700843,0.0366767
0.703652,0.0376809
0.706461,0.0387061
0.70927,0.0397525
0.712079,0.0408205
0.714888,0.0419101
0.717697,0.0430217
0.720506,0.0441554
0.723315,0.0453114
0.726124,0.0464901
0.728933,0.0476915
0.731742,0.0489158
0.734551,0.0501633
0.73736,0.0514342
0.740169,0.0527286
0.742978,0.0540467
0.745787,0.0553887
0.748596,0.0567547
0.751404,0.0581449
0.754213,0.0595595
0.757022,0.0609985
0.759831,0.0624622
0.76264,0.0639506
0.765449,0.0654639
0.768258,0.0670022
0.771067,0.0685655
0.773876,0.070154
0.776685,0.0717678
0.779494,0.073407
0.782303,0.0750715
0.785112,0.0767615
0.787921,0.0784771
0.79073,0.0802182
0.793539,0.0819849
0.796348,0.0837773
0.799157,0.0855953
0.801966,0.0874389
0.804775,0.0893082
0.807584,0.0912031
0.810393,0.0931235
0.813202,0.0950696
0.816011,0.0970411
0.81882,0.099038
0.821629,0.10106
0.824438,0.103108
0.827247,0.105181
0.830056,0.107279
0.832865,0.109402
0.835674,0.111549
0.838483,0.113722
0.841292,0.115919
0.844101,0.11814
0.84691,0.120386
0.849719,0.122656
0.852528,0.124949
0.855337,0.127266
0.858146,0.129607
0.860955,0.131971
0.863764,0.134358
0.866573,0.136767
0.869382,0.139199
0.872191,0.141653
0.875,0.144129
0.877809,0.146627
0.880618,0.149146
0.883427,0.151685
0.886236,0.154246
0.889045,0.156827
0.891854,0.159427
0.894663,0.162047
0.897472,0.164687
0.900281,0.167345
0.90309,0.170022
0.905899,0.172716
0.908708,0.175429
0.911517,0.178158
0.914326,0.180904
0.917135,0.183667
0.919944,0.186445
0.922753,0.189239
0.925562,0.192047
0.928371,0.19487
0.93118,0.197707
0.933989,0.200558
0.936798,0.203421
0.939607,0.206297
0.942416,0.209185
0.945225,0.212084
0.948034,0.214994
0.950843,0.217915
0.953652,0.220845
0.956461,0.223785
0.95927,0.226733
0.962079,0.229689
0.964888,0.232653
0.967697,0.235624
0.970506,0.238602
0.973315,0.241585
0.976124,0.244574
0.978933,0.247567
0.981742,0.250565
0.984551,0.253566
0.98736,0.25657
0.990169,0.259576
0.992978,0.262584
0.995787,0.265594
0.998596,0.268604
1.0014,0.271614
1.00421,0.274623
1.00702,0.277631
1.00983,0.280638
1.01264,0.283642
1.01545,0.286643
1.01826,0.28964
1.02107,0.292634
1.02388,0.295622
1.02669,0.298606
1.02949,0.301583
1.0323,0.304554
1.03511,0.307518
1.03792,0.310475
1.04073,0.313423
1.04354,0.316363
1.04635,0.319293
1.04916,0.322213
1.05197,0.325124
1.05478,0.328023
1.05758,0.330911
1.06039,0.333786
1.0632,0.33665
1.06601,0.3395
1.06882,0.342337
1.07163,0.34516
1.07444,0.347969
1.07725,0.350763
1.08006,0.353541
1.08287,0.356304
1.08567,0.35905
1.08848,0.361779
1.09129,0.364491
1.0941,0.367186
1.09691,0.369863
1.09972,0.372521
1.10253,0.37516
1.10534,0.37778
1.10815,0.380381
1.11096,0.382962
1.11376,0.385522
1.11657,0.388062
1.11938,0.390581
1.12219,0.393078
1.125,0.395554
1.12781,0.398009
1.13062,0.400441
1.13343,0.40285
1.13624,0.405237
1.13904,0.407601
1.14185,0.409941
1.14466,0.412258
1.14747,0.414552
1.15028,0.416822
1.15309,0.419067
1.1559,0.421289
1.15871,0.423486
1.16152,0.425658
1.16433,0.427806
1.16713,0.429929
1.16994,0.432027
1.17275,0.4341
1.17556,0.436147
1.17837,0.43817
1.18118,0.440167
1.18399,0.442138
1.1868,0.444084
1.18961,0.446005
1.19242,0.447899
1.19522,0.449769
1.19803,0.451612
1.20084,0.45343
1.20365,0.455223
1.20646,0.456989
1.20927,0.458731
1.21208,0.460446
1.21489,0.462136
1.2177,0.463801
1.22051,0.46544
1.22331,0.467054
1.22612,0.468642
1.22893,0.470206
1.23174,0.471744
1.23455,0.473257
1.23736,0.474745
1.24017,0.476209
1.24298,0.477648
1.24579,0.479063
1.2486,0.480453
1.2514,0.481819
1.25421,0.483161
1.25702,0.484479
1.25983,0.485773
1.26264,0.487044
1.26545,0.488292
1.26826,0.489516
1.27107,0.490718
1.27388,0.491896
1.27669,0.493052
1.27949,0.494186
1.2823,0.495298
1.28511,0.496387
1.28792,0.497455
1.29073,0.498502
1.29354,0.499527
1.29635,0.500531
1.29916,0.501514
1.30197,0.502477
1.30478,0.50342
1.30758,0.504342
1.31039,0.505245
1.3132,0.506128
1.31601,0.506992
1.31882,0.507837
1.32163,0.508663
1.32444,0.50947
1.32725,0.51026
1.33006,0.511031
1.33287,0.511784
1.33567,0.51252
1.33848,0.513239
1.34129,0.513941
1.3441,0.514626
1.34691,0.515295
1.34972,0.515948
1.35253,0.516584
1.35534,0.517205
1.35815,0.517811
1.36096,0.518401
1.36376,0.518977
1.36657,0.519538
1.36938,0.520085
1.37219,0.520618
1.375,0.521137
1.37781,0.521642
1.38062,0.522135
1.38343,0.522614
1.38624,0.52308
1.38904,0.523534
1.39185,0.523976
1.39466,0.524405
1.39747,0.524823
1.40028,0.525229
1.40309,0.525624
1.4059,0.526008
1.40871,0.526381
1.41152,0.526743
1.41433,0.527095
1.41713,0.527437
1.41994,0.527769
1.42275,0.528092
1.42556,0.528405
1.42837,0.528708
1.43118,0.529003
1.43399,0.529289
1.4368,0.529566
1.43961,0.529835
1.44242,0.530096
1.44522,0.530348
1.44803,0.530593
1.45084,0.53083
1.45365,0.53106
1.45646,0.531283
1.45927,0.531498
1.46208,0.531707
1.46489,0.531909
1.4677,0.532104
1.47051,0.532293
1.47331,0.532476
1.47612,0.532653
1.47893,0.532825
1.48174,0.53299
1.48455,0.53315
1.48736,0.533305
1.49017,0.533454
1.49298,0.533598
1.49579,0.533738
1.4986,0.533872
1.5014,0.534002
1.50421,0.534128
1.50702,0.534249
1.50983,0.534365
1.51264,0.534478
1.51545,0.534587
1.51826,0.534692
1.52107,0.534793
1.52388,0.53489
1.52669,0.534984
1.52949,0.535075
1.5323,0.535162
1.53511,0.535246
1.53792,0.535327
1.54073,0.535404
1.54354,0.535479
1.54635,0.535551
1.54916,0.535621
1.55197,0.535688
1.55478,0.535752
1.55758,0.535814
1.56039,0.535873
1.5632,0.53593
1.56601,0.535985
1.56882,0.536038
1.57163,0.536088
1.57444,0.536137
1.57725,0.536184
1.58006,0.536229
1.58287,0.536272
1.58567,0.536313
1.58848,0.536353
1.59129,0.536391
1.5941,0.536427
1.59691,0.536462
1.59972,0.536496
1.60253,0.536528
1.60534,0.536559
1.60815,0.536589
1.61096,0.536617
1.61376,0.536644
1.61657,0.53667
1.61938,0.536695
1.62219,0.536719
1.625,0.536742
1.62781,0.536763
1.63062,0.536784
1.63343,0.536804
1.63624,0.536823
1.63904,0.536842
1.64185,0.536859
1.64466,0.536876
1.64747,0.536892
1.65028,0.536907
1.65309,0.536921
1.6559,0.536935
1.65871,0.536949
1.66152,0.536961
1.66433,0.536973
1.66713,0.536985
1.66994,0.536996
1.67275,0.537007
1.67556,0.537017
1.67837,0.537026
1.68118,0.537035
1.68399,0.537044
1.6868,0.537052
1.68961,0.53706
1.69242,0.537068
1.69522,0.537075
1.69803,0.537082
1.70084,0.537088
1.70365,0.537094
1.70646,0.5371
1.70927,0.537106
1.71208,0.537111
1.71489,0.537116
1.7177,0.537121
1.72051,0.537125
1.72331,0.53713
1.72612,0.537134
1.72893,0.537138
1.73174,0.537142
1.73455,0.537145
1.73736,0.537148
1.74017,0.537152
1.74298,0.537155
1.74579,0.537158
1.7486,0.53716
1.7514,0.537163
1.75421,0.537165
1.75702,0.537168
1.75983,0.53717
1.76264,0.537172
1.76545,0.537174
1.76826,0.537176
1.77107,0.537178
1.77388,0.537179
1.77669,0.537181
1.77949,0.537182
1.7823,0.537184
1.78511,0.537185
1.78792,0.537187
1.79073,0.537188
1.79354,0.537189
1.79635,0.53719
1.79916,0.537191
1.80197,0.537192
1.80478,0.537193
1.80758,0.537194
1.81039,0.537195
1.8132,0.537195
1.81601,0.537196
1.81882,0.537197
1.82163,0.537197
1.82444,0.537198
1.82725,0.537199
1.83006,0.537199
1.83287,0.5372
1.83567,0.5372
1.83848,0.537201
1.84129,0.537201
1.8441,0.537201
1.84691,0.537202
1.84972,0.537202
1.85253,0.537203
1.85534,0.537203
1.85815,0.537203
1.86096,0.537203
1.86376,0.537204
1.86657,0.537204
1.86938,0.537204
1.87219,0.537204
1.875,0.537205
1.87781,0.537205
1.88062,0.537205
1.88343,0.537205
1.88624,0.537205
1.88904,0.537206
1.89185,0.537206
1.89466,0.537206
1.89747,0.537206
1.90028,0.537206
1.90309,0.537206
1.9059,0.537206
1.90871,0.537206
1.91152,0.537206
1.91433,0.537207
1.91713,0.537207
1.91994,0.537207
1.92275,0.537207
1.92556,0.537207
1.92837,0.537207
1.93118,0.537207
1.93399,0.537207
1.9368,0.537207
1.93961,0.537207
1.94242,0.537207
1.94522,0.537207
1.94803,0.537207
1.95084,0.537207
1.95365,0.537207
1.95646,0.537207
1.95927,0.537207
1.96208,0.537207
1.96489,0.537207
1.9677,0.537207
1.97051,0.537208
1.97331,0.537208
1.97612,0.537208
1.97893,0.537208
1.98174,0.537208
1.98455,0.537208
1.98736,0.537208
1.99017,0.537208
1.99298,0.537208
1.99579,0.537208
1.9986,0.537208
