0.0015083,0
0.00452489,1.34858e-08
0.00754148,2.80212e-08
0.0105581,4.36846e-08
0.0135747,6.05596e-08
0.0165913,7.87357e-08
0.0196078,9.83088e-08
0.0226244,1.19382e-07
0.025641,1.42064e-07
0.0286576,1.66472e-07
0.0316742,1.92733e-07
0.0346908,2.20981e-07
0.0377074,2.51357e-07
0.040724,2.84017e-07
0.0437406,3.19123e-07
0.0467572,3.56849e-07
0.0497738,3.97383e-07
0.0527903,4.40924e-07
0.0558069,4.87683e-07
0.0588235,5.37888e-07
0.0618401,5.91779e-07
0.0648567,6.49614e-07
0.0678733,7.11669e-07
0.0708899,7.78235e-07
0.0739065,8.49625e-07
0.0769231,9.2617e-07
0.0799397,1.00822e-06
0.0829563,1.09616e-06
0.0859729,1.19039e-06
0.0889894,1.29133e-06
0.092006,1.39943e-06
0.0950226,1.51519e-06
0.0980392,1.6391e-06
0.101056,1.77173e-06
0.104072,1.91364e-06
0.107089,2.06545e-06
0.110106,2.22782e-06
0.113122,2.40144e-06
0.116139,2.58704e-06
0.119155,2.78542e-06
0.122172,2.9974e-06
0.125189,3.22386e-06
0.128205,3.46574e-06
0.131222,3.72403e-06
0.134238,3.99977e-06
0.137255,4.29409e-06
0.140271,4.60816e-06
0.143288,4.94322e-06
0.146305,5.30061e-06
0.149321,5.68172e-06
0.152338,6.08803e-06
0.155354,6.52112e-06
0.158371,6.98264e-06
0.161388,7.47435e-06
0.164404,7.9981e-06
0.167421,8.55585e-06
0.170437,9.14968e-06
0.173454,9.78178e-06
0.176471,1.04544e-05
0.179487,1.11701e-05
0.182504,1.19314e-05
0.18552,1.2741e-05
0.188537,1.36018e-05
0.191554,1.45169e-05
0.19457,1.54893e-05
0.197587,1.65225e-05
0.200603,1.76201e-05
0.20362,1.87857e-05
0.206637,2.00233e-05
0.209653,2.13371e-05
0.21267,2.27314e-05
0.215686,2.42108e-05
0.218703,2.57802e-05
0.221719,2.74447e-05
0.224736,2.92096e-05
0.227753,3.10805e-05
0.230769,3.30634e-05
0.233786,3.51645e-05
0.236802,3.73903e-05
0.239819,3.97478e-05
0.242836,4.2244e-05
0.245852,4.48867e-05
0.248869,4.76836e-05
0.251885,5.06433e-05
0.254902,5.37743e-05
0.257919,5.7086e-05
0.260935,6.05879e-05
0.263952,6.42901e-05
0.266968,6.82031e-05
0.269985,7.23381e-05
0.273002,7.67067e-05
0.276018,8.13209e-05
0.279035,8.61934e-05
0.282051,9.13377e-05
0.285068,9.67676e-05
0.288084,0.000102498
0.291101,0.000108543
0.294118,0.00011492
0.297134,0.000121644
0.300151,0.000128734
0.303167,0.000136207
0.306184,0.000144082
0.309201,0.00015238
0.312217,0.00016112
0.315234,0.000170325
0.31825,0.000180016
0.321267,0.000190218
0.324284,0.000200954
0.3273,0.00021225
0.330317,0.000224132
0.333333,0.000236629
0.33635,0.000249768
0.339367,0.000263581
0.342383,0.000278097
0.3454,0.000293349
0.348416,0.000309372
0.351433,0.000326199
0.354449,0.000343868
0.357466,0.000362417
0.360483,0.000381884
0.363499,0.000402311
0.366516,0.00042374
0.369532,0.000446215
0.372549,0.000469781
0.375566,0.000494487
0.378582,0.000520381
0.381599,0.000547514
0.384615,0.000575939
0.387632,0.000605712
0.390649,0.000636888
0.393665,0.000669526
0.396682,0.000703688
0.399698,0.000739435
0.402715,0.000776834
0.405732,0.000815952
0.408748,0.000856858
0.411765,0.000899624
0.414781,0.000944326
0.417798,0.000991039
0.420814,0.00103984
0.423831,0.00109082
0.426848,0.00114406
0.429864,0.00119964
0.432881,0.00125765
0.435897,0.00131819
0.438914,0.00138136
0.441931,0.00144725
0.444947,0.00151597
0.447964,0.00158761
0.45098,0.00166229
0.453997,0.00174012
0.457014,0.00182121
0.46003,0.00190569
0.463047,0.00199366
0.466063,0.00208526
0.46908,0.00218061
0.472097,0.00227984
0.475113,0.0023831
0.47813,0.00249051
0.481146,0.00260221
0.484163,0.00271837
0.487179,0.00283912
0.490196,0.00296461
0.493213,0.00309501
0.496229,0.00323047
0.499246,0.00337116
0.502262,0.00351726
0.505279,0.00366892
0.508296,0.00382633
0.511312,0.00398966
0.514329,0.00415911
0.517345,0.00433486
0.520362,0.00451711
0.523379,0.00470605
0.526395,0.00490188
0.529412,0.0051048
0.532428,0.00531504
0.535445,0.00553279
0.538462,0.00575828
0.541478,0.00599174
0.544495,0.00623338
0.547511,0.00648343
0.550528,0.00674214
0.553544,0.00700974
0.556561,0.00728647
0.559578,0.00757257
0.562594,0.00786831
0.565611,0.00817393
0.568627,0.00848969
0.571644,0.00881585
0.574661,0.00915269
0.577677,0.00950046
0.580694,0.00985945
0.58371,0.0102299
0.586727,0.0106122
0.589744,0.0110065
0.59276,0.0114131
0.595777,0.0118324
0.598793,0.0122646
0.60181,0.0127101
0.604827,0.0131691
0.607843,0.0136419
0.61086,0.0141288
0.613876,0.0146302
0.616893,0.0151463
0.61991,0.0156775
0.622926,0.0162241
0.625943,0.0167864
0.628959,0.0173647
0.631976,0.0179594
0.634992,0.0185707
0.638009,0.019199
0.641026,0.0198447
0.644042,0.0205079
0.647059,0.0211892
0.650075,0.0218887
0.653092,0.0226069
0.656109,0.023344
0.659125,0.0241004
0.662142,0.0248764
0.665158,0.0256723
0.668175,0.0264886
0.671192,0.0273253
0.674208,0.028183
0.677225,0.029062
0.680241,0.0299625
0.683258,0.0308848
0.686275,0.0318294
0.689291,0.0327965
0.692308,0.0337863
0.695324,0.0347993
0.698341,0.0358358
0.701357,0.0368959
0.704374,0.0379801
0.707391,0.0390886
0.710407,0.0402217
0.713424,0.0413797
0.71644,0.0425628
0.719457,0.0437714
0.722474,0.0450057
0.72549,0.046266
0.728507,0.0475524
0.731523,0.0488654
0.73454,0.050205
0.737557,0.0515716
0.740573,0.0529653
0.74359,0.0543864
0.746606,0.0558351
0.749623,0.0573115
0.75264,0.0588159
0.755656,0.0603485
0.758673,0.0619095
0.761689,0.0634989
0.764706,0.0651169
0.767722,0.0667637
0.770739,0.0684394
0.773756,0.0701442
0.776772,0.0718781
0.779789,0.0736412
0.782805,0.0754337
0.785822,0.0772556
0.788839,0.0791069
0.791855,0.0809877
0.794872,0.082898
0.797888,0.0848379
0.800905,0.0868074
0.803922,0.0888065
0.806938,0.0908351
0.809955,0.0928932
0.812971,0.0949808
0.815988,0.0970978
0.819005,0.0992441
0.822021,0.10142
0.825038,0.103624
0.828054,0.105858
0.831071,0.108121
0.834087,0.110412
0.837104,0.112732
0.840121,0.115081
0.843137,0.117457
0.846154,0.119862
0.84917,0.122294
0.852187,0.124754
0.855204,0.127242
0.85822,0.129756
0.861237,0.132297
0.864253,0.134864
0.86727,0.137458
0.870287,0.140077
0.873303,0.142722
0.87632,0.145392
0.879336,0.148087
0.882353,0.150806
0.88537,0.153549
0.888386,0.156315
0.891403,0.159104
0.894419,0.161916
0.897436,0.164751
0.900452,0.167607
0.903469,0.170484
0.906486,0.173381
0.909502,0.176299
0.912519,0.179237
0.915535,0.182194
0.918552,0.185169
0.921569,0.188162
0.924585,0.191173
0.927602,0.1942
0.930618,0.197244
0.933635,0.200303
0.936652,0.203378
0.939668,0.206467
0.942685,0.209569
0.945701,0.212685
0.948718,0.215813
0.951735,0.218952
0.954751,0.222103
0.957768,0.225264
0.960784,0.228435
0.963801,0.231615
0.966817,0.234804
0.969834,0.238
0.972851,0.241202
0.975867,0.244411
0.978884,0.247626
0.9819,0.250845
0.984917,0.254069
0.987934,0.257295
0.99095,0.260524
0.993967,0.263755
0.996983,0.266988
1,0.27022
1.00302,0.273452
1.00603,0.276683
1.00905,0.279912
1.01207,0.283139
1.01508,0.286362
1.0181,0.289582
1.02112,0.292796
1.02413,0.296005
1.02715,0.299208
1.03017,0.302404
1.03318,0.305592
1.0362,0.308772
1.03922,0.311943
1.04223,0.315105
1.04525,0.318255
1.04827,0.321395
1.05128,0.324523
1.0543,0.327639
1.05732,0.330741
1.06033,0.33383
1.06335,0.336904
1.06637,0.339964
1.06938,0.343007
1.0724,0.346035
1.07541,0.349045
1.07843,0.352039
1.08145,0.355014
1.08446,0.357971
1.08748,0.360908
1.0905,0.363826
1.09351,0.366724
1.09653,0.369601
1.09955,0.372457
1.10256,0.375291
1.10558,0.378103
1.1086,0.380893
1.11161,0.383659
1.11463,0.386402
1.11765,0.389121
1.12066,0.391816
1.12368,0.394485
1.1267,0.39713
1.12971,0.39975
1.13273,0.402343
1.13575,0.404911
1.13876,0.407452
1.14178,0.409966
1.1448,0.412453
1.14781,0.414913
1.15083,0.417346
1.15385,0.41975
1.15686,0.422127
1.15988,0.424475
1.1629,0.426795
1.16591,0.429087
1.16893,0.431349
1.17195,0.433583
1.17496,0.435788
1.17798,0.437964
1.181,0.44011
1.18401,0.442227
1.18703,0.444314
1.19005,0.446373
1.19306,0.448401
1.19608,0.4504
1.1991,0.45237
1.20211,0.45431
1.20513,0.45622
1.20814,0.458101
1.21116,0.459952
1.21418,0.461774
1.21719,0.463566
1.22021,0.46533
1.22323,0.467063
1.22624,0.468768
1.22926,0.470444
1.23228,0.472091
1.23529,0.473709
1.23831,0.475298
1.24133,0.476859
1.24434,0.478392
1.24736,0.479896
1.25038,0.481373
1.25339,0.482821
1.25641,0.484242
1.25943,0.485636
1.26244,0.487003
1.26546,0.488342
1.26848,0.489655
1.27149,0.490942
1.27451,0.492202
1.27753,0.493436
1.28054,0.494645
1.28356,0.495828
1.28658,0.496986
1.28959,0.498119
1.29261,0.499228
1.29563,0.500312
1.29864,0.501372
1.30166,0.502408
1.30468,0.503421
1.30769,0.504411
1.31071,0.505378
1.31373,0.506323
1.31674,0.507245
1.31976,0.508146
1.32278,0.509025
1.32579,0.509882
1.32881,0.510719
1.33183,0.511535
1.33484,0.512331
1.33786,0.513107
1.34087,0.513864
1.34389,0.514601
1.34691,0.515319
1.34992,0.516018
1.35294,0.5167
1.35596,0.517363
1.35897,0.518009
1.36199,0.518637
1.36501,0.519248
1.36802,0.519843
1.37104,0.520421
1.37406,0.520984
1.37707,0.52153
1.38009,0.522061
1.38311,0.522577
1.38612,0.523079
1.38914,0.523566
1.39216,0.524039
1.39517,0.524498
1.39819,0.524943
1.40121,0.525375
1.40422,0.525795
1.40724,0.526201
1.41026,0.526595
1.41327,0.526978
1.41629,0.527348
1.41931,0.527707
1.42232,0.528055
1.42534,0.528392
1.42836,0.528718
1.43137,0.529034
1.43439,0.529339
1.43741,0.529635
1.44042,0.529921
1.44344,0.530198
1.44646,0.530466
1.44947,0.530724
1.45249,0.530974
1.45551,0.531216
1.45852,0.531449
1.46154,0.531675
1.46456,0.531893
1.46757,0.532103
1.47059,0.532306
1.4736,0.532502
1.47662,0.532691
1.47964,0.532873
1.48265,0.533049
1.48567,0.533218
1.48869,0.533381
1.4917,0.533539
1.49472,0.53369
1.49774,0.533836
1.50075,0.533977
1.50377,0.534113
1.50679,0.534243
1.5098,0.534369
1.51282,0.534489
1.51584,0.534605
1.51885,0.534717
1.52187,0.534825
1.52489,0.534928
1.5279,0.535027
1.53092,0.535122
1.53394,0.535214
1.53695,0.535302
1.53997,0.535386
1.54299,0.535468
1.546,0.535545
1.54902,0.53562
1.55204,0.535692
1.55505,0.53576
1.55807,0.535826
1.56109,0.535889
1.5641,0.53595
1.56712,0.536008
1.57014,0.536064
1.57315,0.536117
1.57617,0.536168
1.57919,0.536217
1.5822,0.536263
1.58522,0.536308
1.58824,0.536351
1.59125,0.536392
1.59427,0.536431
1.59729,0.536468
1.6003,0.536504
1.60332,0.536538
1.60633,0.536571
1.60935,0.536602
1.61237,0.536632
1.61538,0.53666
1.6184,0.536687
1.62142,0.536713
1.62443,0.536738
1.62745,0.536761
1.63047,0.536784
1.63348,0.536805
1.6365,0.536826
1.63952,0.536845
1.64253,0.536864
1.64555,0.536881
1.64857,0.536898
1.65158,0.536914
1.6546,0.53693
1.65762,0.536944
1.66063,0.536958
1.66365,0.536971
1.66667,0.536984
1.66968,0.536995
1.6727,0.537007
1.67572,0.537017
1.67873,0.537028
1.68175,0.537037
1.68477,0.537047
1.68778,0.537055
1.6908,0.537064
1.69382,0.537071
1.69683,0.537079
1.69985,0.537086
1.70287,0.537093
1.70588,0.537099
1.7089,0.537105
1.71192,0.537111
1.71493,0.537116
1.71795,0.537121
1.72097,0.537126
1.72398,0.537131
1.727,0.537135
1.73002,0.537139
1.73303,0.537143
1.73605,0.537147
1.73906,0.537151
1.74208,0.537154
1.7451,0.537157
1.74811,0.53716
1.75113,0.537163
1.75415,0.537165
1.75716,0.537168
1.76018,0.53717
1.7632,0.537172
1.76621,0.537175
1.76923,0.537177
1.77225,0.537178
1.77526,0.53718
1.77828,0.537182
1.7813,0.537183
1.78431,0.537185
1.78733,0.537186
1.79035,0.537188
1.79336,0.537189
1.79638,0.53719
1.7994,0.537191
1.80241,0.537192
1.80543,0.537193
1.80845,0.537194
1.81146,0.537195
1.81448,0.537196
1.8175,0.537196
1.82051,0.537197
1.82353,0.537198
1.82655,0.537199
1.82956,0.537199
1.83258,0.5372
1.8356,0.5372
1.83861,0.537201
1.84163,0.537201
1.84465,0.537202
1.84766,0.537202
1.85068,0.537202
1.8537,0.537203
1.85671,0.537203
1.85973,0.537203
1.86275,0.537204
1.86576,0.537204
1.86878,0.537204
1.87179,0.537204
1.87481,0.537205
1.87783,0.537205
1.88084,0.537205
1.88386,0.537205
1.88688,0.537205
1.88989,0.537206
1.89291,0.537206
1.89593,0.537206
1.89894,0.537206
1.90196,0.537206
1.90498,0.537206
1.90799,0.537206
1.91101,0.537206
1.91403,0.537207
1.91704,0.537207
1.92006,0.537207
1.92308,0.537207
1.92609,0.537207
1.92911,0.537207
1.93213,0.537207
1.93514,0.537207
1.93816,0.537207
1.94118,0.537207
1.94419,0.537207
1.94721,0.537207
1.95023,0.537207
1.95324,0.537207
1.95626,0.537207
1.95928,0.537207
1.96229,0.537207
1.96531,0.537207
1.96833,0.537207
1.97134,0.537208
1.97436,0.537208
1.97738,0.537208
1.98039,0.537208
1.98341,0.537208
1.98643,0.537208
1.98944,0.537208
1.99246,0.537208
1.99548,0.537208
1.99849,0.537208
