0.00175747,0
0.00527241,1.60086e-08
0.00878735,3.34768e-08
0.0123023,5.25317e-08
0.0158172,7.33112e-08
0.0193322,9.59642e-08
0.0228471,1.20652e-07
0.026362,1.47549e-07
0.029877,1.76845e-07
0.0333919,2.08742e-07
0.0369069,2.43462e-07
0.0404218,2.81242e-07
0.0439367,3.2234e-07
0.0474517,3.67032e-07
0.0509666,4.15619e-07
0.0544815,4.68424e-07
0.0579965,5.25794e-07
0.0615114,5.88106e-07
0.0650264,6.55764e-07
0.0685413,7.29204e-07
0.0720562,8.08896e-07
0.0755712,8.95345e-07
0.0790861,9.89095e-07
0.0826011,1.09073e-06
0.086116,1.20088e-06
0.0896309,1.32023e-06
0.0931459,1.44949e-06
0.0966608,1.58946e-06
0.100176,1.74096e-06
0.103691,1.90491e-06
0.107206,2.08226e-06
0.110721,2.27406e-06
0.114236,2.48141e-06
0.11775,2.70551e-06
0.121265,2.94765e-06
0.12478,3.20917e-06
0.128295,3.49157e-06
0.13181,3.79639e-06
0.135325,4.12533e-06
0.13884,4.48019e-06
0.142355,4.86288e-06
0.14587,5.27546e-06
0.149385,5.72013e-06
0.1529,6.19924e-06
0.156415,6.71529e-06
0.15993,7.27097e-06
0.163445,7.86913e-06
0.16696,8.51281e-06
0.170475,9.20527e-06
0.173989,9.94998e-06
0.177504,1.07506e-05
0.181019,1.16112e-05
0.184534,1.25358e-05
0.188049,1.35289e-05
0.191564,1.45953e-05
0.195079,1.574e-05
0.198594,1.69685e-05
0.202109,1.82864e-05
0.205624,1.96998e-05
0.209139,2.12151e-05
0.212654,2.28393e-05
0.216169,2.45795e-05
0.219684,2.64435e-05
0.223199,2.84395e-05
0.226714,3.05762e-05
0.230228,3.28628e-05
0.233743,3.5309e-05
0.237258,3.79252e-05
0.240773,4.07223e-05
0.244288,4.3712e-05
0.247803,4.69064e-05
0.251318,5.03186e-05
0.254833,5.39622e-05
0.258348,5.78518e-05
0.261863,6.20027e-05
0.265378,6.64311e-05
0.268893,7.11541e-05
0.272408,7.61896e-05
0.275923,8.15568e-05
0.279438,8.72758e-05
0.282953,9.33676e-05
0.286467,9.98545e-05
0.289982,0.00010676
0.293497,0.000114109
0.297012,0.000121928
0.300527,0.000130244
0.304042,0.000139085
0.307557,0.000148482
0.311072,0.000158468
0.314587,0.000169075
0.318102,0.000180339
0.321617,0.000192296
0.325132,0.000204986
0.328647,0.00021845
0.332162,0.000232729
0.335677,0.000247869
0.339192,0.000263916
0.342707,0.000280921
0.346221,0.000298934
0.349736,0.000318008
0.353251,0.000338202
0.356766,0.000359573
0.360281,0.000382183
0.363796,0.000406097
0.367311,0.000431382
0.370826,0.000458109
0.374341,0.00048635
0.377856,0.000516183
0.381371,0.000547688
0.384886,0.000580947
0.388401,0.000616049
0.391916,0.000653082
0.395431,0.000692142
0.398946,0.000733327
0.40246,0.000776739
0.405975,0.000822485
0.40949,0.000870674
0.413005,0.000921422
0.41652,0.000974848
0.420035,0.00103108
0.42355,0.00109023
0.427065,0.00115246
0.43058,0.00121788
0.434095,0.00128666
0.43761,0.00135892
0.441125,0.00143484
0.44464,0.00151457
0.448155,0.00159827
0.45167,0.00168611
0.455185,0.00177828
0.458699,0.00187495
0.462214,0.00197632
0.465729,0.00208257
0.469244,0.00219392
0.472759,0.00231056
0.476274,0.00243272
0.479789,0.00256061
0.483304,0.00269446
0.486819,0.0028345
0.490334,0.00298099
0.493849,0.00313416
0.497364,0.00329427
0.500879,0.00346158
0.504394,0.00363637
0.507909,0.00381892
0.511424,0.00400949
0.514938,0.0042084
0.518453,0.00441594
0.521968,0.00463242
0.525483,0.00485815
0.528998,0.00509345
0.532513,0.00533866
0.536028,0.00559411
0.539543,0.00586015
0.543058,0.00613713
0.546573,0.00642542
0.550088,0.00672538
0.553603,0.00703739
0.557118,0.00736183
0.560633,0.00769909
0.564148,0.00804957
0.567663,0.00841368
0.571178,0.00879184
0.574692,0.00918445
0.578207,0.00959195
0.581722,0.0100148
0.585237,0.0104534
0.588752,0.0109082
0.592267,0.0113796
0.595782,0.0118682
0.599297,0.0123744
0.602812,0.0128986
0.606327,0.0134414
0.609842,0.0140031
0.613357,0.0145844
0.616872,0.0151857
0.620387,0.0158075
0.623902,0.0164502
0.627417,0.0171145
0.630931,0.0178008
0.634446,0.0185095
0.637961,0.0192413
0.641476,0.0199967
0.644991,0.0207761
0.648506,0.02158
0.652021,0.0224091
0.655536,0.0232638
0.659051,0.0241446
0.662566,0.025052
0.666081,0.0259866
0.669596,0.0269489
0.673111,0.0279394
0.676626,0.0289586
0.680141,0.030007
0.683656,0.0310852
0.68717,0.0321935
0.690685,0.0333326
0.6942,0.0345028
0.697715,0.0357048
0.70123,0.0369389
0.704745,0.0382057
0.70826,0.0395055
0.711775,0.0408389
0.71529,0.0422063
0.718805,0.0436081
0.72232,0.0450448
0.725835,0.0465167
0.72935,0.0480243
0.732865,0.0495679
0.73638,0.051148
0.739895,0.0527648
0.743409,0.0544188
0.746924,0.0561102
0.750439,0.0578393
0.753954,0.0596066
0.757469,0.0614122
0.760984,0.0632564
0.764499,0.0651394
0.768014,0.0670615
0.771529,0.069023
0.775044,0.0710238
0.778559,0.0730643
0.782074,0.0751446
0.785589,0.0772648
0.789104,0.079425
0.792619,0.0816252
0.796134,0.0838656
0.799649,0.086146
0.803163,0.0884667
0.806678,0.0908275
0.810193,0.0932283
0.813708,0.0956691
0.817223,0.0981499
0.820738,0.10067
0.824253,0.103231
0.827768,0.10583
0.831283,0.108469
0.834798,0.111147
0.838313,0.113863
0.841828,0.116618
0.845343,0.119411
0.848858,0.122242
0.852373,0.125111
0.855888,0.128016
0.859402,0.130958
0.862917,0.133936
0.866432,0.13695
0.869947,0.139998
0.873462,0.143082
0.876977,0.146199
0.880492,0.14935
0.884007,0.152533
0.887522,0.155749
0.891037,0.158996
0.894552,0.162274
0.898067,0.165581
0.901582,0.168918
0.905097,0.172284
0.908612,0.175677
0.912127,0.179097
0.915641,0.182543
0.919156,0.186014
0.922671,0.189509
0.926186,0.193028
0.929701,0.196569
0.933216,0.200131
0.936731,0.203713
0.940246,0.207316
0.943761,0.210936
0.947276,0.214574
0.950791,0.218228
0.954306,0.221898
0.957821,0.225581
0.961336,0.229278
0.964851,0.232987
0.968366,0.236707
0.97188,0.240436
0.975395,0.244174
0.97891,0.24792
0.982425,0.251672
0.98594,0.255429
0.989455,0.25919
0.99297,0.262955
0.996485,0.266721
1,0.270487
1.00351,0.274253
1.00703,0.278017
1.01054,0.281779
1.01406,0.285536
1.01757,0.289288
1.02109,0.293033
1.0246,0.296772
1.02812,0.300501
1.03163,0.304221
1.03515,0.307929
1.03866,0.311626
1.04218,0.31531
1.04569,0.318979
1.04921,0.322634
1.05272,0.326272
1.05624,0.329892
1.05975,0.333494
1.06327,0.337077
1.06678,0.340639
1.0703,0.34418
1.07381,0.347699
1.07733,0.351194
1.08084,0.354665
1.08436,0.358111
1.08787,0.361531
1.09139,0.364924
1.0949,0.368289
1.09842,0.371626
1.10193,0.374934
1.10545,0.378212
1.10896,0.381459
1.11248,0.384675
1.11599,0.387858
1.11951,0.391009
1.12302,0.394126
1.12654,0.397209
1.13005,0.400258
1.13357,0.403272
1.13708,0.40625
1.1406,0.409192
1.14411,0.412097
1.14763,0.414965
1.15114,0.417796
1.15466,0.420589
1.15817,0.423344
1.16169,0.426061
1.1652,0.428739
1.16872,0.431378
1.17223,0.433977
1.17575,0.436537
1.17926,0.439058
1.18278,0.441539
1.18629,0.443979
1.18981,0.44638
1.19332,0.448741
1.19684,0.451062
1.20035,0.453342
1.20387,0.455582
1.20738,0.457783
1.2109,0.459943
1.21441,0.462063
1.21793,0.464143
1.22144,0.466184
1.22496,0.468185
1.22847,0.470146
1.23199,0.472068
1.2355,0.473951
1.23902,0.475795
1.24253,0.477601
1.24605,0.479368
1.24956,0.481098
1.25308,0.482789
1.25659,0.484443
1.26011,0.48606
1.26362,0.48764
1.26714,0.489183
1.27065,0.490691
1.27417,0.492163
1.27768,0.4936
1.2812,0.495001
1.28471,0.496369
1.28822,0.497702
1.29174,0.499002
1.29525,0.500269
1.29877,0.501503
1.30228,0.502705
1.3058,0.503875
1.30931,0.505014
1.31283,0.506123
1.31634,0.507201
1.31986,0.508249
1.32337,0.509268
1.32689,0.510259
1.3304,0.511221
1.33392,0.512156
1.33743,0.513063
1.34095,0.513944
1.34446,0.514799
1.34798,0.515628
1.35149,0.516432
1.35501,0.517211
1.35852,0.517966
1.36204,0.518698
1.36555,0.519407
1.36907,0.520093
1.37258,0.520757
1.3761,0.5214
1.37961,0.522022
1.38313,0.522623
1.38664,0.523205
1.39016,0.523766
1.39367,0.524309
1.39719,0.524833
1.4007,0.525339
1.40422,0.525828
1.40773,0.5263
1.41125,0.526754
1.41476,0.527193
1.41828,0.527616
1.42179,0.528023
1.42531,0.528416
1.42882,0.528794
1.43234,0.529158
1.43585,0.529509
1.43937,0.529846
1.44288,0.53017
1.4464,0.530482
1.44991,0.530782
1.45343,0.531071
1.45694,0.531348
1.46046,0.531614
1.46397,0.531869
1.46749,0.532114
1.471,0.53235
1.47452,0.532575
1.47803,0.532792
1.48155,0.532999
1.48506,0.533198
1.48858,0.533389
1.49209,0.533571
1.49561,0.533746
1.49912,0.533913
1.50264,0.534074
1.50615,0.534227
1.50967,0.534373
1.51318,0.534513
1.5167,0.534647
1.52021,0.534775
1.52373,0.534897
1.52724,0.535014
1.53076,0.535125
1.53427,0.535231
1.53779,0.535333
1.5413,0.535429
1.54482,0.535522
1.54833,0.535609
1.55185,0.535693
1.55536,0.535773
1.55888,0.535849
1.56239,0.535921
1.56591,0.53599
1.56942,0.536055
1.57293,0.536117
1.57645,0.536177
1.57996,0.536233
1.58348,0.536286
1.58699,0.536337
1.59051,0.536385
1.59402,0.536431
1.59754,0.536474
1.60105,0.536516
1.60457,0.536555
1.60808,0.536592
1.6116,0.536627
1.61511,0.53666
1.61863,0.536691
1.62214,0.536721
1.62566,0.53675
1.62917,0.536776
1.63269,0.536802
1.6362,0.536825
1.63972,0.536848
1.64323,0.536869
1.64675,0.53689
1.65026,0.536909
1.65378,0.536927
1.65729,0.536944
1.66081,0.53696
1.66432,0.536975
1.66784,0.536989
1.67135,0.537003
1.67487,0.537015
1.67838,0.537027
1.6819,0.537039
1.68541,0.537049
1.68893,0.537059
1.69244,0.537069
1.69596,0.537077
1.69947,0.537086
1.70299,0.537094
1.7065,0.537101
1.71002,0.537108
1.71353,0.537114
1.71705,0.53712
1.72056,0.537126
1.72408,0.537131
1.72759,0.537137
1.73111,0.537141
1.73462,0.537146
1.73814,0.53715
1.74165,0.537154
1.74517,0.537157
1.74868,0.537161
1.7522,0.537164
1.75571,0.537167
1.75923,0.53717
1.76274,0.537172
1.76626,0.537175
1.76977,0.537177
1.77329,0.537179
1.7768,0.537181
1.78032,0.537183
1.78383,0.537185
1.78735,0.537186
1.79086,0.537188
1.79438,0.537189
1.79789,0.537191
1.80141,0.537192
1.80492,0.537193
1.80844,0.537194
1.81195,0.537195
1.81547,0.537196
1.81898,0.537197
1.8225,0.537198
1.82601,0.537198
1.82953,0.537199
1.83304,0.5372
1.83656,0.5372
1.84007,0.537201
1.84359,0.537201
1.8471,0.537202
1.85062,0.537202
1.85413,0.537203
1.85764,0.537203
1.86116,0.537204
1.86467,0.537204
1.86819,0.537204
1.8717,0.537204
1.87522,0.537205
1.87873,0.537205
1.88225,0.537205
1.88576,0.537205
1.88928,0.537206
1.89279,0.537206
1.89631,0.537206
1.89982,0.537206
1.90334,0.537206
1.90685,0.537206
1.91037,0.537206
1.91388,0.537207
1.9174,0.537207
1.92091,0.537207
1.92443,0.537207
1.92794,0.537207
1.93146,0.537207
1.93497,0.537207
1.93849,0.537207
1.942,0.537207
1.94552,0.537207
1.94903,0.537207
1.95255,0.537207
1.95606,0.537207
1.95958,0.537207
1.96309,0.537207
1.96661,0.537207
1.97012,0.537208
1.97364,0.537208
1.97715,0.537208
1.98067,0.537208
1.98418,0.537208
1.9877,0.537208
1.99121,0.537208
1.99473,0.537208
1.99824,0.537208
