0.00128205,0
0.00384615,1.12708e-08
0.00641026,2.32838e-08
0.00897436,3.60858e-08
0.0115385,4.97264e-08
0.0141026,6.4258e-08
0.0166667,7.97364e-08
0.0192308,9.62204e-08
0.0217949,1.13773e-07
0.024359,1.32459e-07
0.0269231,1.5235e-07
0.0294872,1.7352e-07
0.0320513,1.96046e-07
0.0346154,2.20013e-07
0.0371795,2.45507e-07
0.0397436,2.72622e-07
0.0423077,3.01456e-07
0.0448718,3.32114e-07
0.0474359,3.64704e-07
0.05,3.99344e-07
0.0525641,4.36156e-07
0.0551282,4.75269e-07
0.0576923,5.16821e-07
0.0602564,5.60957e-07
0.0628205,6.0783e-07
0.0653846,6.576e-07
0.0679487,7.10439e-07
0.0705128,7.66527e-07
0.0730769,8.26054e-07
0.075641,8.89219e-07
0.0782051,9.56234e-07
0.0807692,1.02732e-06
0.0833333,1.10272e-06
0.0858974,1.18268e-06
0.0884615,1.26745e-06
0.0910256,1.35731e-06
0.0935897,1.45256e-06
0.0961538,1.5535e-06
0.0987179,1.66046e-06
0.101282,1.77376e-06
0.103846,1.89377e-06
0.10641,2.02087e-06
0.108974,2.15545e-06
0.111538,2.29793e-06
0.114103,2.44875e-06
0.116667,2.60837e-06
0.119231,2.77727e-06
0.121795,2.95597e-06
0.124359,3.145e-06
0.126923,3.34492e-06
0.129487,3.55634e-06
0.132051,3.77988e-06
0.134615,4.01618e-06
0.137179,4.26594e-06
0.139744,4.52989e-06
0.142308,4.80877e-06
0.144872,5.10339e-06
0.147436,5.41459e-06
0.15,5.74324e-06
0.152564,6.09027e-06
0.155128,6.45664e-06
0.157692,6.84337e-06
0.160256,7.25152e-06
0.162821,7.6822e-06
0.165385,8.1366e-06
0.167949,8.61592e-06
0.170513,9.12147e-06
0.173077,9.65458e-06
0.175641,1.02167e-05
0.178205,1.08092e-05
0.180769,1.14337e-05
0.183333,1.20919e-05
0.185897,1.27854e-05
0.188462,1.35159e-05
0.191026,1.42854e-05
0.19359,1.50958e-05
0.196154,1.59492e-05
0.198718,1.68475e-05
0.201282,1.77932e-05
0.203846,1.87884e-05
0.20641,1.98357e-05
0.208974,2.09375e-05
0.211538,2.20966e-05
0.214103,2.33156e-05
0.216667,2.45975e-05
0.219231,2.59453e-05
0.221795,2.73622e-05
0.224359,2.88514e-05
0.226923,3.04165e-05
0.229487,3.20608e-05
0.232051,3.37883e-05
0.234615,3.56029e-05
0.237179,3.75085e-05
0.239744,3.95094e-05
0.242308,4.16101e-05
0.244872,4.38152e-05
0.247436,4.61295e-05
0.25,4.85579e-05
0.252564,5.11057e-05
0.255128,5.37783e-05
0.257692,5.65815e-05
0.260256,5.9521e-05
0.262821,6.26029e-05
0.265385,6.58338e-05
0.267949,6.92201e-05
0.270513,7.27689e-05
0.273077,7.64873e-05
0.275641,8.03826e-05
0.278205,8.44628e-05
0.280769,8.87359e-05
0.283333,9.32102e-05
0.285897,9.78945e-05
0.288462,0.000102798
0.291026,0.000107929
0.29359,0.000113299
0.296154,0.000118917
0.298718,0.000124794
0.301282,0.000130941
0.303846,0.000137369
0.30641,0.000144089
0.308974,0.000151115
0.311538,0.000158458
0.314103,0.000166131
0.316667,0.000174149
0.319231,0.000182526
0.321795,0.000191275
0.324359,0.000200412
0.326923,0.000209953
0.329487,0.000219914
0.332051,0.000230311
0.334615,0.000241162
0.337179,0.000252486
0.339744,0.000264299
0.342308,0.000276623
0.344872,0.000289476
0.347436,0.000302879
0.35,0.000316854
0.352564,0.000331422
0.355128,0.000346606
0.357692,0.000362429
0.360256,0.000378917
0.362821,0.000396093
0.365385,0.000413984
0.367949,0.000432616
0.370513,0.000452017
0.373077,0.000472215
0.375641,0.000493239
0.378205,0.000515121
0.380769,0.00053789
0.383333,0.000561579
0.385897,0.000586221
0.388462,0.000611851
0.391026,0.000638503
0.39359,0.000666214
0.396154,0.000695021
0.398718,0.000724963
0.401282,0.000756078
0.403846,0.000788408
0.40641,0.000821995
0.408974,0.000856882
0.411538,0.000893112
0.414103,0.000930733
0.416667,0.00096979
0.419231,0.00101033
0.421795,0.00105241
0.424359,0.00109607
0.426923,0.00114137
0.429487,0.00118836
0.432051,0.00123709
0.434615,0.00128763
0.437179,0.00134003
0.439744,0.00139435
0.442308,0.00145066
0.444872,0.001509
0.447436,0.00156946
0.45,0.00163209
0.452564,0.00169696
0.455128,0.00176414
0.457692,0.00183371
0.460256,0.00190573
0.462821,0.00198028
0.465385,0.00205743
0.467949,0.00213727
0.470513,0.00221988
0.473077,0.00230532
0.475641,0.0023937
0.478205,0.00248509
0.480769,0.00257958
0.483333,0.00267725
0.485897,0.00277821
0.488462,0.00288255
0.491026,0.00299035
0.49359,0.00310172
0.496154,0.00321676
0.498718,0.00333556
0.501282,0.00345823
0.503846,0.00358487
0.50641,0.0037156
0.508974,0.00385052
0.511538,0.00398974
0.514103,0.00413337
0.516667,0.00428154
0.519231,0.00443436
0.521795,0.00459195
0.524359,0.00475443
0.526923,0.00492193
0.529487,0.00509457
0.532051,0.00527248
0.534615,0.0054558
0.537179,0.00564465
0.539744,0.00583917
0.542308,0.0060395
0.544872,0.00624578
0.547436,0.00645815
0.55,0.00667675
0.552564,0.00690172
0.555128,0.00713323
0.557692,0.00737141
0.560256,0.00761643
0.562821,0.00786843
0.565385,0.00812756
0.567949,0.008394
0.570513,0.0086679
0.573077,0.00894942
0.575641,0.00923872
0.578205,0.00953598
0.580769,0.00984137
0.583333,0.010155
0.585897,0.0104772
0.588462,0.010808
0.591026,0.0111475
0.59359,0.0114961
0.596154,0.0118539
0.598718,0.012221
0.601282,0.0125976
0.603846,0.012984
0.60641,0.0133803
0.608974,0.0137866
0.611538,0.0142032
0.614103,0.0146304
0.616667,0.0150681
0.619231,0.0155167
0.621795,0.0159764
0.624359,0.0164473
0.626923,0.0169297
0.629487,0.0174236
0.632051,0.0179295
0.634615,0.0184473
0.637179,0.0189774
0.639744,0.0195199
0.642308,0.020075
0.644872,0.020643
0.647436,0.0212239
0.65,0.0218182
0.652564,0.0224258
0.655128,0.0230471
0.657692,0.0236822
0.660256,0.0243314
0.662821,0.0249948
0.665385,0.0256726
0.667949,0.0263651
0.670513,0.0270724
0.673077,0.0277947
0.675641,0.0285323
0.678205,0.0292853
0.680769,0.030054
0.683333,0.0308385
0.685897,0.031639
0.688462,0.0324557
0.691026,0.0332888
0.69359,0.0341385
0.696154,0.035005
0.698718,0.0358885
0.701282,0.0367891
0.703846,0.0377071
0.70641,0.0386425
0.708974,0.0395957
0.711538,0.0405668
0.714103,0.0415558
0.716667,0.0425631
0.719231,0.0435888
0.721795,0.044633
0.724359,0.0456959
0.726923,0.0467777
0.729487,0.0478785
0.732051,0.0489984
0.734615,0.0501377
0.737179,0.0512964
0.739744,0.0524747
0.742308,0.0536727
0.744872,0.0548906
0.747436,0.0561284
0.75,0.0573864
0.752564,0.0586646
0.755128,0.0599631
0.757692,0.061282
0.760256,0.0626215
0.762821,0.0639816
0.765385,0.0653624
0.767949,0.066764
0.770513,0.0681866
0.773077,0.0696301
0.775641,0.0710946
0.778205,0.0725802
0.780769,0.0740869
0.783333,0.0756149
0.785897,0.0771641
0.788462,0.0787346
0.791026,0.0803264
0.79359,0.0819395
0.796154,0.083574
0.798718,0.0852298
0.801282,0.086907
0.803846,0.0886056
0.80641,0.0903255
0.808974,0.0920668
0.811538,0.0938293
0.814103,0.0956131
0.816667,0.0974182
0.819231,0.0992445
0.821795,0.101092
0.824359,0.10296
0.826923,0.10485
0.829487,0.10676
0.832051,0.108691
0.834615,0.110643
0.837179,0.112616
0.839744,0.114609
0.842308,0.116623
0.844872,0.118657
0.847436,0.120711
0.85,0.122785
0.852564,0.124878
0.855128,0.126992
0.857692,0.129125
0.860256,0.131278
0.862821,0.133449
0.865385,0.13564
0.867949,0.13785
0.870513,0.140078
0.873077,0.142324
0.875641,0.144589
0.878205,0.146871
0.880769,0.149172
0.883333,0.151489
0.885897,0.153824
0.888462,0.156176
0.891026,0.158545
0.89359,0.16093
0.896154,0.163331
0.898718,0.165748
0.901282,0.168181
0.903846,0.170628
0.90641,0.173091
0.908974,0.175568
0.911538,0.17806
0.914103,0.180565
0.916667,0.183085
0.919231,0.185617
0.921795,0.188162
0.924359,0.19072
0.926923,0.193291
0.929487,0.195873
0.932051,0.198466
0.934615,0.201071
0.937179,0.203686
0.939744,0.206312
0.942308,0.208948
0.944872,0.211593
0.947436,0.214247
0.95,0.21691
0.952564,0.219582
0.955128,0.222261
0.957692,0.224948
0.960256,0.227642
0.962821,0.230342
0.965385,0.233049
0.967949,0.235762
0.970513,0.23848
0.973077,0.241202
0.975641,0.24393
0.978205,0.246661
0.980769,0.249396
0.983333,0.252134
0.985897,0.254875
0.988462,0.257618
0.991026,0.260363
0.99359,0.263109
0.996154,0.265856
0.998718,0.268604
1.00128,0.271351
1.00385,0.274099
1.00641,0.276845
1.00897,0.27959
1.01154,0.282333
1.0141,0.285073
1.01667,0.287812
1.01923,0.290547
1.02179,0.293278
1.02436,0.296005
1.02692,0.298728
1.02949,0.301446
1.03205,0.304159
1.03462,0.306865
1.03718,0.309566
1.03974,0.31226
1.04231,0.314947
1.04487,0.317626
1.04744,0.320297
1.05,0.32296
1.05256,0.325615
1.05513,0.32826
1.05769,0.330896
1.06026,0.333521
1.06282,0.336137
1.06538,0.338741
1.06795,0.341335
1.07051,0.343917
1.07308,0.346487
1.07564,0.349045
1.07821,0.351591
1.08077,0.354123
1.08333,0.356642
1.0859,0.359148
1.08846,0.361639
1.09103,0.364117
1.09359,0.366579
1.09615,0.369027
1.09872,0.37146
1.10128,0.373877
1.10385,0.376278
1.10641,0.378663
1.10897,0.381031
1.11154,0.383383
1.1141,0.385718
1.11667,0.388036
1.11923,0.390336
1.12179,0.392619
1.12436,0.394884
1.12692,0.39713
1.12949,0.399358
1.13205,0.401568
1.13462,0.403758
1.13718,0.40593
1.13974,0.408083
1.14231,0.410216
1.14487,0.412329
1.14744,0.414423
1.15,0.416497
1.15256,0.418551
1.15513,0.420585
1.15769,0.422599
1.16026,0.424592
1.16282,0.426564
1.16538,0.428516
1.16795,0.430447
1.17051,0.432358
1.17308,0.434247
1.17564,0.436116
1.17821,0.437963
1.18077,0.439789
1.18333,0.441595
1.1859,0.443378
1.18846,0.445141
1.19103,0.446882
1.19359,0.448602
1.19615,0.450301
1.19872,0.451978
1.20128,0.453634
1.20385,0.455268
1.20641,0.456881
1.20897,0.458473
1.21154,0.460044
1.2141,0.461593
1.21667,0.463121
1.21923,0.464627
1.22179,0.466113
1.22436,0.467578
1.22692,0.469021
1.22949,0.470444
1.23205,0.471845
1.23462,0.473226
1.23718,0.474586
1.23974,0.475926
1.24231,0.477245
1.24487,0.478543
1.24744,0.479821
1.25,0.481079
1.25256,0.482317
1.25513,0.483535
1.25769,0.484733
1.26026,0.485911
1.26282,0.48707
1.26538,0.488209
1.26795,0.489329
1.27051,0.49043
1.27308,0.491512
1.27564,0.492575
1.27821,0.493619
1.28077,0.494645
1.28333,0.495652
1.2859,0.496641
1.28846,0.497612
1.29103,0.498565
1.29359,0.499501
1.29615,0.500419
1.29872,0.501319
1.30128,0.502203
1.30385,0.503069
1.30641,0.503919
1.30897,0.504752
1.31154,0.505569
1.3141,0.506369
1.31667,0.507154
1.31923,0.507922
1.32179,0.508675
1.32436,0.509413
1.32692,0.510135
1.32949,0.510843
1.33205,0.511535
1.33462,0.512213
1.33718,0.512876
1.33974,0.513525
1.34231,0.514161
1.34487,0.514782
1.34744,0.51539
1.35,0.515984
1.35256,0.516565
1.35513,0.517133
1.35769,0.517688
1.36026,0.51823
1.36282,0.51876
1.36538,0.519278
1.36795,0.519784
1.37051,0.520278
1.37308,0.52076
1.37564,0.521231
1.37821,0.521691
1.38077,0.52214
1.38333,0.522577
1.3859,0.523004
1.38846,0.523421
1.39103,0.523827
1.39359,0.524224
1.39615,0.52461
1.39872,0.524987
1.40128,0.525354
1.40385,0.525712
1.40641,0.52606
1.40897,0.5264
1.41154,0.52673
1.4141,0.527053
1.41667,0.527366
1.41923,0.527672
1.42179,0.527969
1.42436,0.528258
1.42692,0.52854
1.42949,0.528814
1.43205,0.52908
1.43462,0.529339
1.43718,0.529591
1.43974,0.529836
1.44231,0.530074
1.44487,0.530306
1.44744,0.530531
1.45,0.53075
1.45256,0.530962
1.45513,0.531168
1.45769,0.531368
1.46026,0.531563
1.46282,0.531752
1.46538,0.531935
1.46795,0.532113
1.47051,0.532286
1.47308,0.532453
1.47564,0.532616
1.47821,0.532773
1.48077,0.532926
1.48333,0.533074
1.4859,0.533218
1.48846,0.533357
1.49103,0.533492
1.49359,0.533623
1.49615,0.533749
1.49872,0.533872
1.50128,0.533991
1.50385,0.534106
1.50641,0.534217
1.50897,0.534325
1.51154,0.534429
1.5141,0.53453
1.51667,0.534628
1.51923,0.534723
1.52179,0.534814
1.52436,0.534902
1.52692,0.534988
1.52949,0.53507
1.53205,0.53515
1.53462,0.535227
1.53718,0.535302
1.53974,0.535374
1.54231,0.535444
1.54487,0.535511
1.54744,0.535576
1.55,0.535638
1.55256,0.535699
1.55513,0.535757
1.55769,0.535813
1.56026,0.535868
1.56282,0.53592
1.56538,0.535971
1.56795,0.536019
1.57051,0.536066
1.57308,0.536112
1.57564,0.536155
1.57821,0.536197
1.58077,0.536238
1.58333,0.536277
1.5859,0.536315
1.58846,0.536351
1.59103,0.536386
1.59359,0.536419
1.59615,0.536452
1.59872,0.536483
1.60128,0.536513
1.60385,0.536541
1.60641,0.536569
1.60897,0.536596
1.61154,0.536621
1.6141,0.536646
1.61667,0.53667
1.61923,0.536693
1.62179,0.536714
1.62436,0.536735
1.62692,0.536756
1.62949,0.536775
1.63205,0.536794
1.63462,0.536812
1.63718,0.536829
1.63974,0.536845
1.64231,0.536861
1.64487,0.536876
1.64744,0.536891
1.65,0.536905
1.65256,0.536918
1.65513,0.536931
1.65769,0.536943
1.66026,0.536955
1.66282,0.536967
1.66538,0.536977
1.66795,0.536988
1.67051,0.536998
1.67308,0.537007
1.67564,0.537016
1.67821,0.537025
1.68077,0.537034
1.68333,0.537042
1.6859,0.537049
1.68846,0.537057
1.69103,0.537064
1.69359,0.53707
1.69615,0.537077
1.69872,0.537083
1.70128,0.537089
1.70385,0.537094
1.70641,0.5371
1.70897,0.537105
1.71154,0.53711
1.7141,0.537114
1.71667,0.537119
1.71923,0.537123
1.72179,0.537127
1.72436,0.537131
1.72692,0.537135
1.72949,0.537138
1.73205,0.537142
1.73462,0.537145
1.73718,0.537148
1.73974,0.537151
1.74231,0.537154
1.74487,0.537157
1.74744,0.537159
1.75,0.537162
1.75256,0.537164
1.75513,0.537166
1.75769,0.537168
1.76026,0.53717
1.76282,0.537172
1.76538,0.537174
1.76795,0.537176
1.77051,0.537177
1.77308,0.537179
1.77564,0.53718
1.77821,0.537182
1.78077,0.537183
1.78333,0.537184
1.7859,0.537186
1.78846,0.537187
1.79103,0.537188
1.79359,0.537189
1.79615,0.53719
1.79872,0.537191
1.80128,0.537192
1.80385,0.537193
1.80641,0.537193
1.80897,0.537194
1.81154,0.537195
1.8141,0.537196
1.81667,0.537196
1.81923,0.537197
1.82179,0.537197
1.82436,0.537198
1.82692,0.537199
1.82949,0.537199
1.83205,0.5372
1.83462,0.5372
1.83718,0.5372
1.83974,0.537201
1.84231,0.537201
1.84487,0.537202
1.84744,0.537202
1.85,0.537202
1.85256,0.537203
1.85513,0.537203
1.85769,0.537203
1.86026,0.537203
1.86282,0.537204
1.86538,0.537204
1.86795,0.537204
1.87051,0.537204
1.87308,0.537205
1.87564,0.537205
1.87821,0.537205
1.88077,0.537205
1.88333,0.537205
1.8859,0.537205
1.88846,0.537206
1.89103,0.537206
1.89359,0.537206
1.89615,0.537206
1.89872,0.537206
1.90128,0.537206
1.90385,0.537206
1.90641,0.537206
1.90897,0.537206
1.91154,0.537206
1.9141,0.537207
1.91667,0.537207
1.91923,0.537207
1.92179,0.537207
1.92436,0.537207
1.92692,0.537207
1.92949,0.537207
1.93205,0.537207
1.93462,0.537207
1.93718,0.537207
1.93974,0.537207
1.94231,0.537207
1.94487,0.537207
1.94744,0.537207
1.95,0.537207
1.95256,0.537207
1.95513,0.537207
1.95769,0.537207
1.96026,0.537207
1.96282,0.537207
1.96538,0.537207
1.96795,0.537207
1.97051,0.537208
1.97308,0.537208
1.97564,0.537208
1.97821,0.537208
1.98077,0.537208
1.98333,0.537208
1.9859,0.537208
1.98846,0.537208
1.99103,0.537208
1.99359,0.537208
1.99615,0.537208
1.99872,0.537208
