0.00254453,0
0.00763359,2.45778e-08
0.0127226,5.24541e-08
0.0178117,8.4051e-08
0.0229008,1.19842e-07
0.0279898,1.60358e-07
0.0330789,2.06192e-07
0.0381679,2.58009e-07
0.043257,3.16552e-07
0.0483461,3.82652e-07
0.0534351,4.57236e-07
0.0585242,5.41337e-07
0.0636132,6.3611e-07
0.0687023,7.42838e-07
0.0737913,8.62954e-07
0.0788804,9.98047e-07
0.0839695,1.14989e-06
0.0890585,1.32044e-06
0.0941476,1.51189e-06
0.0992366,1.72666e-06
0.104326,1.96742e-06
0.109415,2.23716e-06
0.114504,2.53917e-06
0.119593,2.87708e-06
0.124682,3.25491e-06
0.129771,3.67712e-06
0.13486,4.14861e-06
0.139949,4.67479e-06
0.145038,5.26162e-06
0.150127,5.91567e-06
0.155216,6.64417e-06
0.160305,7.45507e-06
0.165394,8.3571e-06
0.170483,9.35986e-06
0.175573,1.04739e-05
0.180662,1.17107e-05
0.185751,1.30829e-05
0.19084,1.46045e-05
0.195929,1.62905e-05
0.201018,1.81574e-05
0.206107,2.02235e-05
0.211196,2.25084e-05
0.216285,2.50337e-05
0.221374,2.78229e-05
0.226463,3.09015e-05
0.231552,3.42975e-05
0.236641,3.8041e-05
0.24173,4.21649e-05
0.246819,4.67051e-05
0.251908,5.17002e-05
0.256997,5.71924e-05
0.262087,6.32271e-05
0.267176,6.98536e-05
0.272265,7.71253e-05
0.277354,8.50999e-05
0.282443,9.38395e-05
0.287532,0.000103412
0.292621,0.000113888
0.29771,0.000125348
0.302799,0.000137875
0.307888,0.000151559
0.312977,0.000166498
0.318066,0.000182796
0.323155,0.000200566
0.328244,0.000219927
0.333333,0.000241009
0.338422,0.00026395
0.343511,0.000288897
0.348601,0.000316009
0.35369,0.000345453
0.358779,0.000377411
0.363868,0.000412074
0.368957,0.000449647
0.374046,0.000490348
0.379135,0.000534408
0.384224,0.000582074
0.389313,0.000633609
0.394402,0.000689288
0.399491,0.000749408
0.40458,0.00081428
0.409669,0.000884235
0.414758,0.000959621
0.419847,0.00104081
0.424936,0.00112819
0.430025,0.00122217
0.435115,0.00132318
0.440204,0.00143169
0.445293,0.00154817
0.450382,0.00167313
0.455471,0.0018071
0.46056,0.00195062
0.465649,0.0021043
0.470738,0.00226873
0.475827,0.00244456
0.480916,0.00263245
0.486005,0.00283311
0.491094,0.00304726
0.496183,0.00327565
0.501272,0.00351909
0.506361,0.00377839
0.51145,0.00405441
0.516539,0.00434803
0.521628,0.00466019
0.526718,0.00499182
0.531807,0.00534392
0.536896,0.00571751
0.541985,0.00611364
0.547074,0.00653341
0.552163,0.00697793
0.557252,0.00744836
0.562341,0.0079459
0.56743,0.00847175
0.572519,0.00902717
0.577608,0.00961345
0.582697,0.0102319
0.587786,0.0108838
0.592875,0.0115707
0.597964,0.0122938
0.603053,0.0130546
0.608142,0.0138546
0.613232,0.0146952
0.618321,0.0155779
0.62341,0.0165042
0.628499,0.0174757
0.633588,0.0184938
0.638677,0.0195602
0.643766,0.0206764
0.648855,0.021844
0.653944,0.0230646
0.659033,0.0243396
0.664122,0.0256708
0.669211,0.0270596
0.6743,0.0285077
0.679389,0.0300165
0.684478,0.0315876
0.689567,0.0332226
0.694656,0.0349228
0.699746,0.0366899
0.704835,0.0385252
0.709924,0.04043
0.715013,0.0424059
0.720102,0.044454
0.725191,0.0465758
0.73028,0.0487722
0.735369,0.0510447
0.740458,0.0533942
0.745547,0.0558217
0.750636,0.0583284
0.755725,0.060915
0.760814,0.0635824
0.765903,0.0663313
0.770992,0.0691624
0.776081,0.0720762
0.78117,0.0750733
0.78626,0.0781541
0.791349,0.0813187
0.796438,0.0845674
0.801527,0.0879002
0.806616,0.0913172
0.811705,0.0948181
0.816794,0.0984028
0.821883,0.102071
0.826972,0.105822
0.832061,0.109655
0.83715,0.113569
0.842239,0.117565
0.847328,0.12164
0.852417,0.125793
0.857506,0.130024
0.862595,0.134331
0.867684,0.138713
0.872774,0.143167
0.877863,0.147693
0.882952,0.152288
0.888041,0.15695
0.89313,0.161678
0.898219,0.166469
0.903308,0.171321
0.908397,0.176231
0.913486,0.181197
0.918575,0.186217
0.923664,0.191287
0.928753,0.196405
0.933842,0.201568
0.938931,0.206773
0.94402,0.212017
0.949109,0.217296
0.954198,0.222608
0.959288,0.22795
0.964377,0.233317
0.969466,0.238707
0.974555,0.244117
0.979644,0.249542
0.984733,0.254979
0.989822,0.260426
0.994911,0.265877
1,0.27133
1.00509,0.276782
1.01018,0.282228
1.01527,0.287666
1.02036,0.293091
1.02545,0.2985
1.03053,0.30389
1.03562,0.309258
1.04071,0.314599
1.0458,0.319911
1.05089,0.325191
1.05598,0.330435
1.06107,0.33564
1.06616,0.340803
1.07125,0.345921
1.07634,0.350991
1.08142,0.356011
1.08651,0.360977
1.0916,0.365887
1.09669,0.370739
1.10178,0.37553
1.10687,0.380258
1.11196,0.38492
1.11705,0.389515
1.12214,0.394041
1.12723,0.398495
1.13232,0.402877
1.1374,0.407183
1.14249,0.411414
1.14758,0.415568
1.15267,0.419643
1.15776,0.423638
1.16285,0.427553
1.16794,0.431386
1.17303,0.435137
1.17812,0.438805
1.18321,0.44239
1.1883,0.44589
1.19338,0.449307
1.19847,0.45264
1.20356,0.455889
1.20865,0.459054
1.21374,0.462134
1.21883,0.465131
1.22392,0.468045
1.22901,0.470876
1.2341,0.473625
1.23919,0.476293
1.24427,0.478879
1.24936,0.481386
1.25445,0.483813
1.25954,0.486163
1.26463,0.488435
1.26972,0.490632
1.27481,0.492754
1.2799,0.494802
1.28499,0.496778
1.29008,0.498682
1.29517,0.500518
1.30025,0.502285
1.30534,0.503985
1.31043,0.50562
1.31552,0.507191
1.32061,0.5087
1.3257,0.510148
1.33079,0.511537
1.33588,0.512868
1.34097,0.514143
1.34606,0.515364
1.35115,0.516531
1.35623,0.517647
1.36132,0.518714
1.36641,0.519732
1.3715,0.520703
1.37659,0.52163
1.38168,0.522512
1.38677,0.523353
1.39186,0.524153
1.39695,0.524914
1.40204,0.525637
1.40712,0.526324
1.41221,0.526976
1.4173,0.527594
1.42239,0.52818
1.42748,0.528736
1.43257,0.529262
1.43766,0.529759
1.44275,0.53023
1.44784,0.530674
1.45293,0.531094
1.45802,0.53149
1.4631,0.531864
1.46819,0.532216
1.47328,0.532547
1.47837,0.53286
1.48346,0.533153
1.48855,0.533429
1.49364,0.533689
1.49873,0.533932
1.50382,0.53416
1.50891,0.534375
1.51399,0.534575
1.51908,0.534763
1.52417,0.534939
1.52926,0.535103
1.53435,0.535257
1.53944,0.535401
1.54453,0.535535
1.54962,0.535659
1.55471,0.535776
1.5598,0.535884
1.56489,0.535985
1.56997,0.536079
1.57506,0.536167
1.58015,0.536248
1.58524,0.536323
1.59033,0.536393
1.59542,0.536458
1.60051,0.536518
1.6056,0.536574
1.61069,0.536626
1.61578,0.536673
1.62087,0.536717
1.62595,0.536758
1.63104,0.536796
1.63613,0.53683
1.64122,0.536862
1.64631,0.536892
1.6514,0.536919
1.65649,0.536944
1.66158,0.536967
1.66667,0.536988
1.67176,0.537007
1.67684,0.537025
1.68193,0.537041
1.68702,0.537056
1.69211,0.53707
1.6972,0.537082
1.70229,0.537094
1.70738,0.537104
1.71247,0.537114
1.71756,0.537123
1.72265,0.537131
1.72774,0.537138
1.73282,0.537144
1.73791,0.53715
1.743,0.537156
1.74809,0.537161
1.75318,0.537165
1.75827,0.53717
1.76336,0.537173
1.76845,0.537177
1.77354,0.53718
1.77863,0.537183
1.78372,0.537185
1.7888,0.537187
1.79389,0.537189
1.79898,0.537191
1.80407,0.537193
1.80916,0.537195
1.81425,0.537196
1.81934,0.537197
1.82443,0.537198
1.82952,0.537199
1.83461,0.5372
1.83969,0.537201
1.84478,0.537202
1.84987,0.537202
1.85496,0.537203
1.86005,0.537203
1.86514,0.537204
1.87023,0.537204
1.87532,0.537205
1.88041,0.537205
1.8855,0.537205
1.89059,0.537206
1.89567,0.537206
1.90076,0.537206
1.90585,0.537206
1.91094,0.537206
1.91603,0.537207
1.92112,0.537207
1.92621,0.537207
1.9313,0.537207
1.93639,0.537207
1.94148,0.537207
1.94656,0.537207
1.95165,0.537207
1.95674,0.537207
1.96183,0.537207
1.96692,0.537207
1.97201,0.537208
1.9771,0.537208
1.98219,0.537208
1.98728,0.537208
1.99237,0.537208
1.99746,0.537208
