0.00176367,0
0.00529101,1.60725e-08
0.00881834,3.36157e-08
0.0123457,5.27584e-08
0.015873,7.36398e-08
0.0194004,9.64108e-08
0.0229277,1.21235e-07
0.026455,1.48288e-07
0.0299824,1.77762e-07
0.0335097,2.09863e-07
0.037037,2.44814e-07
0.0405644,2.82858e-07
0.0440917,3.24253e-07
0.047619,3.69283e-07
0.0511464,4.1825e-07
0.0546737,4.71482e-07
0.0582011,5.29332e-07
0.0617284,5.92183e-07
0.0652557,6.60445e-07
0.0687831,7.3456e-07
0.0723104,8.15006e-07
0.0758377,9.02296e-07
0.0793651,9.96983e-07
0.0828924,1.09966e-06
0.0864198,1.21097e-06
0.0899471,1.3316e-06
0.0934744,1.46229e-06
0.0970018,1.60384e-06
0.100529,1.75709e-06
0.104056,1.92296e-06
0.107584,2.10245e-06
0.111111,2.2966e-06
0.114638,2.50655e-06
0.118166,2.73352e-06
0.121693,2.97879e-06
0.12522,3.24379e-06
0.128748,3.52998e-06
0.132275,3.83898e-06
0.135802,4.17251e-06
0.13933,4.53239e-06
0.142857,4.92058e-06
0.146384,5.33919e-06
0.149912,5.79046e-06
0.153439,6.27678e-06
0.156966,6.80071e-06
0.160494,7.36499e-06
0.164021,7.97254e-06
0.167549,8.62646e-06
0.171076,9.33009e-06
0.174603,1.00869e-05
0.178131,1.09008e-05
0.181658,1.17758e-05
0.185185,1.2716e-05
0.188713,1.37261e-05
0.19224,1.4811e-05
0.195767,1.59758e-05
0.199295,1.7226e-05
0.202822,1.85675e-05
0.206349,2.00064e-05
0.209877,2.15495e-05
0.213404,2.32036e-05
0.216931,2.49762e-05
0.220459,2.68753e-05
0.223986,2.89092e-05
0.227513,3.10868e-05
0.231041,3.34176e-05
0.234568,3.59115e-05
0.238095,3.85791e-05
0.241623,4.14317e-05
0.24515,4.44811e-05
0.248677,4.77399e-05
0.252205,5.12213e-05
0.255732,5.49395e-05
0.259259,5.89093e-05
0.262787,6.31464e-05
0.266314,6.76675e-05
0.269841,7.24899e-05
0.273369,7.76323e-05
0.276896,8.31141e-05
0.280423,8.89559e-05
0.283951,9.51795e-05
0.287478,0.000101808
0.291005,0.000108865
0.294533,0.000116376
0.29806,0.000124368
0.301587,0.000132868
0.305115,0.000141908
0.308642,0.000151517
0.312169,0.000161729
0.315697,0.000172578
0.319224,0.000184099
0.322751,0.000196332
0.326279,0.000209315
0.329806,0.000223091
0.333333,0.000237704
0.336861,0.000253199
0.340388,0.000269624
0.343915,0.00028703
0.347443,0.000305471
0.35097,0.000325
0.354497,0.000345677
0.358025,0.000367561
0.361552,0.000390717
0.365079,0.00041521
0.368607,0.000441109
0.372134,0.000468486
0.375661,0.000497418
0.379189,0.000527983
0.382716,0.000560263
0.386243,0.000594343
0.389771,0.000630312
0.393298,0.000668265
0.396825,0.000708297
0.400353,0.00075051
0.40388,0.000795008
0.407407,0.0008419
0.410935,0.0008913
0.414462,0.000943326
0.417989,0.000998101
0.421517,0.00105575
0.425044,0.00111641
0.428571,0.00118021
0.432099,0.0012473
0.435626,0.00131782
0.439153,0.00139194
0.442681,0.00146979
0.446208,0.00155156
0.449735,0.0016374
0.453263,0.0017275
0.45679,0.00182204
0.460317,0.00192119
0.463845,0.00202517
0.467372,0.00213416
0.470899,0.00224838
0.474427,0.00236803
0.477954,0.00249334
0.481481,0.00262453
0.485009,0.00276184
0.488536,0.0029055
0.492063,0.00305577
0.495591,0.0032129
0.499118,0.00337715
0.502646,0.00354879
0.506173,0.0037281
0.5097,0.00391537
0.513228,0.00411087
0.516755,0.00431492
0.520282,0.00452782
0.52381,0.00474988
0.527337,0.00498143
0.530864,0.0052228
0.534392,0.00547432
0.537919,0.00573635
0.541446,0.00600923
0.544974,0.00629332
0.548501,0.006589
0.552028,0.00689665
0.555556,0.00721664
0.559083,0.00754937
0.56261,0.00789524
0.566138,0.00825465
0.569665,0.00862802
0.573192,0.00901577
0.57672,0.00941833
0.580247,0.00983614
0.583774,0.0102696
0.587302,0.0107193
0.590829,0.0111855
0.594356,0.0116688
0.597884,0.0121696
0.601411,0.0126884
0.604938,0.0132256
0.608466,0.0137819
0.611993,0.0143576
0.61552,0.0149532
0.619048,0.0155693
0.622575,0.0162063
0.626102,0.0168648
0.62963,0.0175452
0.633157,0.0182481
0.636684,0.0189741
0.640212,0.0197235
0.643739,0.020497
0.647266,0.021295
0.650794,0.0221182
0.654321,0.0229669
0.657848,0.0238418
0.661376,0.0247433
0.664903,0.025672
0.66843,0.0266285
0.671958,0.0276131
0.675485,0.0286265
0.679012,0.0296691
0.68254,0.0307415
0.686067,0.0318442
0.689594,0.0329777
0.693122,0.0341424
0.696649,0.0353389
0.700176,0.0365677
0.703704,0.0378291
0.707231,0.0391238
0.710758,0.0404521
0.714286,0.0418145
0.717813,0.0432115
0.72134,0.0446435
0.724868,0.0461108
0.728395,0.0476139
0.731922,0.0491533
0.73545,0.0507292
0.738977,0.0523421
0.742504,0.0539922
0.746032,0.05568
0.749559,0.0574058
0.753086,0.0591698
0.756614,0.0609724
0.760141,0.0628137
0.763668,0.0646942
0.767196,0.066614
0.770723,0.0685732
0.77425,0.0705722
0.777778,0.0726111
0.781305,0.0746899
0.784832,0.076809
0.78836,0.0789683
0.791887,0.0811679
0.795414,0.0834079
0.798942,0.0856883
0.802469,0.0880092
0.805996,0.0903705
0.809524,0.0927721
0.813051,0.0952141
0.816578,0.0976963
0.820106,0.100219
0.823633,0.102781
0.82716,0.105383
0.830688,0.108024
0.834215,0.110705
0.837743,0.113425
0.84127,0.116183
0.844797,0.11898
0.848325,0.121816
0.851852,0.124689
0.855379,0.127599
0.858907,0.130546
0.862434,0.133529
0.865961,0.136549
0.869489,0.139604
0.873016,0.142694
0.876543,0.145818
0.880071,0.148976
0.883598,0.152167
0.887125,0.15539
0.890653,0.158645
0.89418,0.161931
0.897707,0.165247
0.901235,0.168593
0.904762,0.171968
0.908289,0.175371
0.911817,0.1788
0.915344,0.182256
0.918871,0.185737
0.922399,0.189243
0.925926,0.192772
0.929453,0.196324
0.932981,0.199898
0.936508,0.203492
0.940035,0.207105
0.943563,0.210738
0.94709,0.214388
0.950617,0.218054
0.954145,0.221736
0.957672,0.225432
0.961199,0.229141
0.964727,0.232863
0.968254,0.236595
0.971781,0.240337
0.975309,0.244088
0.978836,0.247847
0.982363,0.251612
0.985891,0.255383
0.989418,0.259157
0.992945,0.262935
0.996473,0.266714
1,0.270494
1.00353,0.274273
1.00705,0.27805
1.01058,0.281825
1.01411,0.285595
1.01764,0.28936
1.02116,0.293119
1.02469,0.29687
1.02822,0.300613
1.03175,0.304345
1.03527,0.308067
1.0388,0.311776
1.04233,0.315472
1.04586,0.319154
1.04938,0.32282
1.05291,0.32647
1.05644,0.330102
1.05996,0.333716
1.06349,0.33731
1.06702,0.340883
1.07055,0.344435
1.07407,0.347964
1.0776,0.35147
1.08113,0.354951
1.08466,0.358407
1.08818,0.361837
1.09171,0.36524
1.09524,0.368614
1.09877,0.37196
1.10229,0.375277
1.10582,0.378563
1.10935,0.381818
1.11287,0.385041
1.1164,0.388232
1.11993,0.39139
1.12346,0.394514
1.12698,0.397604
1.13051,0.400659
1.13404,0.403678
1.13757,0.406662
1.14109,0.409609
1.14462,0.412519
1.14815,0.415392
1.15168,0.418227
1.1552,0.421024
1.15873,0.423783
1.16226,0.426503
1.16578,0.429184
1.16931,0.431825
1.17284,0.434427
1.17637,0.436989
1.17989,0.439511
1.18342,0.441994
1.18695,0.444436
1.19048,0.446837
1.194,0.449198
1.19753,0.451519
1.20106,0.4538
1.20459,0.45604
1.20811,0.458239
1.21164,0.460399
1.21517,0.462518
1.21869,0.464597
1.22222,0.466635
1.22575,0.468634
1.22928,0.470594
1.2328,0.472513
1.23633,0.474394
1.23986,0.476235
1.24339,0.478038
1.24691,0.479802
1.25044,0.481528
1.25397,0.483215
1.2575,0.484866
1.26102,0.486478
1.26455,0.488054
1.26808,0.489594
1.2716,0.491097
1.27513,0.492564
1.27866,0.493996
1.28219,0.495393
1.28571,0.496756
1.28924,0.498084
1.29277,0.499379
1.2963,0.50064
1.29982,0.501869
1.30335,0.503065
1.30688,0.50423
1.31041,0.505363
1.31393,0.506466
1.31746,0.507539
1.32099,0.508581
1.32451,0.509595
1.32804,0.510579
1.33157,0.511536
1.3351,0.512464
1.33862,0.513366
1.34215,0.514241
1.34568,0.515089
1.34921,0.515913
1.35273,0.516711
1.35626,0.517484
1.35979,0.518234
1.36332,0.51896
1.36684,0.519662
1.37037,0.520343
1.3739,0.521001
1.37743,0.521638
1.38095,0.522254
1.38448,0.52285
1.38801,0.523426
1.39153,0.523982
1.39506,0.524519
1.39859,0.525038
1.40212,0.525539
1.40564,0.526022
1.40917,0.526488
1.4127,0.526938
1.41623,0.527372
1.41975,0.527789
1.42328,0.528192
1.42681,0.52858
1.43034,0.528953
1.43386,0.529312
1.43739,0.529658
1.44092,0.529991
1.44444,0.530311
1.44797,0.530619
1.4515,0.530914
1.45503,0.531198
1.45855,0.531471
1.46208,0.531733
1.46561,0.531985
1.46914,0.532226
1.47266,0.532458
1.47619,0.53268
1.47972,0.532893
1.48325,0.533097
1.48677,0.533292
1.4903,0.53348
1.49383,0.533659
1.49735,0.533831
1.50088,0.533995
1.50441,0.534152
1.50794,0.534302
1.51146,0.534446
1.51499,0.534583
1.51852,0.534714
1.52205,0.53484
1.52557,0.534959
1.5291,0.535073
1.53263,0.535182
1.53616,0.535286
1.53968,0.535386
1.54321,0.53548
1.54674,0.53557
1.55026,0.535656
1.55379,0.535738
1.55732,0.535816
1.56085,0.53589
1.56437,0.53596
1.5679,0.536027
1.57143,0.536091
1.57496,0.536152
1.57848,0.53621
1.58201,0.536264
1.58554,0.536316
1.58907,0.536366
1.59259,0.536413
1.59612,0.536457
1.59965,0.536499
1.60317,0.536539
1.6067,0.536577
1.61023,0.536613
1.61376,0.536647
1.61728,0.53668
1.62081,0.53671
1.62434,0.536739
1.62787,0.536767
1.63139,0.536792
1.63492,0.536817
1.63845,0.53684
1.64198,0.536862
1.6455,0.536883
1.64903,0.536902
1.65256,0.536921
1.65608,0.536938
1.65961,0.536954
1.66314,0.53697
1.66667,0.536985
1.67019,0.536998
1.67372,0.537011
1.67725,0.537024
1.68078,0.537035
1.6843,0.537046
1.68783,0.537056
1.69136,0.537066
1.69489,0.537075
1.69841,0.537083
1.70194,0.537091
1.70547,0.537099
1.70899,0.537106
1.71252,0.537112
1.71605,0.537119
1.71958,0.537125
1.7231,0.53713
1.72663,0.537135
1.73016,0.53714
1.73369,0.537145
1.73721,0.537149
1.74074,0.537153
1.74427,0.537156
1.7478,0.53716
1.75132,0.537163
1.75485,0.537166
1.75838,0.537169
1.7619,0.537172
1.76543,0.537174
1.76896,0.537177
1.77249,0.537179
1.77601,0.537181
1.77954,0.537183
1.78307,0.537184
1.7866,0.537186
1.79012,0.537188
1.79365,0.537189
1.79718,0.53719
1.80071,0.537192
1.80423,0.537193
1.80776,0.537194
1.81129,0.537195
1.81481,0.537196
1.81834,0.537197
1.82187,0.537198
1.8254,0.537198
1.82892,0.537199
1.83245,0.5372
1.83598,0.5372
1.83951,0.537201
1.84303,0.537201
1.84656,0.537202
1.85009,0.537202
1.85362,0.537203
1.85714,0.537203
1.86067,0.537203
1.8642,0.537204
1.86772,0.537204
1.87125,0.537204
1.87478,0.537205
1.87831,0.537205
1.88183,0.537205
1.88536,0.537205
1.88889,0.537206
1.89242,0.537206
1.89594,0.537206
1.89947,0.537206
1.903,0.537206
1.90653,0.537206
1.91005,0.537206
1.91358,0.537207
1.91711,0.537207
1.92063,0.537207
1.92416,0.537207
1.92769,0.537207
1.93122,0.537207
1.93474,0.537207
1.93827,0.537207
1.9418,0.537207
1.94533,0.537207
1.94885,0.537207
1.95238,0.537207
1.95591,0.537207
1.95944,0.537207
1.96296,0.537207
1.96649,0.537207
1.97002,0.537208
1.97354,0.537208
1.97707,0.537208
1.9806,0.537208
1.98413,0.537208
1.98765,0.537208
1.99118,0.537208
1.99471,0.537208
1.99824,0.537208
