0.00126103,0
0.0037831,1.10687e-08
0.00630517,2.28539e-08
0.00882724,3.54003e-08
0.0113493,4.87546e-08
0.0138714,6.29668e-08
0.0163934,7.80894e-08
0.0189155,9.41784e-08
0.0214376,1.11293e-07
0.0239596,1.29495e-07
0.0264817,1.48851e-07
0.0290038,1.6943e-07
0.0315259,1.91307e-07
0.0340479,2.1456e-07
0.03657,2.39271e-07
0.0390921,2.65528e-07
0.0416141,2.93422e-07
0.0441362,3.23052e-07
0.0466583,3.5452e-07
0.0491803,3.87934e-07
0.0517024,4.23411e-07
0.0542245,4.6107e-07
0.0567465,5.0104e-07
0.0592686,5.43456e-07
0.0617907,5.8846e-07
0.0643127,6.36203e-07
0.0668348,6.86844e-07
0.0693569,7.40549e-07
0.0718789,7.97496e-07
0.074401,8.57869e-07
0.0769231,9.21866e-07
0.0794451,9.89692e-07
0.0819672,1.06157e-06
0.0844893,1.13772e-06
0.0870113,1.21839e-06
0.0895334,1.30383e-06
0.0920555,1.39432e-06
0.0945776,1.49012e-06
0.0970996,1.59155e-06
0.0996217,1.69891e-06
0.102144,1.81254e-06
0.104666,1.93277e-06
0.107188,2.05998e-06
0.10971,2.19454e-06
0.112232,2.33686e-06
0.114754,2.48736e-06
0.117276,2.64648e-06
0.119798,2.8147e-06
0.12232,2.99251e-06
0.124842,3.18042e-06
0.127364,3.37897e-06
0.129887,3.58874e-06
0.132409,3.81032e-06
0.134931,4.04434e-06
0.137453,4.29146e-06
0.139975,4.55237e-06
0.142497,4.8278e-06
0.145019,5.1185e-06
0.147541,5.42529e-06
0.150063,5.74898e-06
0.152585,6.09047e-06
0.155107,6.45068e-06
0.157629,6.83056e-06
0.160151,7.23113e-06
0.162673,7.65346e-06
0.165195,8.09864e-06
0.167718,8.56785e-06
0.17024,9.06229e-06
0.172762,9.58326e-06
0.175284,1.01321e-05
0.177806,1.07101e-05
0.180328,1.13189e-05
0.18285,1.19599e-05
0.185372,1.26348e-05
0.187894,1.33451e-05
0.190416,1.40927e-05
0.192938,1.48794e-05
0.19546,1.57072e-05
0.197982,1.65779e-05
0.200504,1.74937e-05
0.203026,1.84568e-05
0.205549,1.94694e-05
0.208071,2.05339e-05
0.210593,2.16529e-05
0.213115,2.28289e-05
0.215637,2.40646e-05
0.218159,2.53629e-05
0.220681,2.67266e-05
0.223203,2.81589e-05
0.225725,2.9663e-05
0.228247,3.12423e-05
0.230769,3.29001e-05
0.233291,3.46402e-05
0.235813,3.64663e-05
0.238335,3.83824e-05
0.240858,4.03927e-05
0.24338,4.25013e-05
0.245902,4.47128e-05
0.248424,4.70317e-05
0.250946,4.94631e-05
0.253468,5.20118e-05
0.25599,5.46831e-05
0.258512,5.74825e-05
0.261034,6.04157e-05
0.263556,6.34885e-05
0.266078,6.67071e-05
0.2686,7.00779e-05
0.271122,7.36075e-05
0.273644,7.73027e-05
0.276166,8.11709e-05
0.278689,8.52193e-05
0.281211,8.94558e-05
0.283733,9.38884e-05
0.286255,9.85254e-05
0.288777,0.000103375
0.291299,0.000108447
0.293821,0.000113751
0.296343,0.000119295
0.298865,0.000125091
0.301387,0.000131148
0.303909,0.000137477
0.306431,0.00014409
0.308953,0.000150998
0.311475,0.000158212
0.313997,0.000165747
0.31652,0.000173614
0.319042,0.000181826
0.321564,0.000190398
0.324086,0.000199344
0.326608,0.000208679
0.32913,0.000218418
0.331652,0.000228577
0.334174,0.000239172
0.336696,0.000250221
0.339218,0.000261741
0.34174,0.000273749
0.344262,0.000286266
0.346784,0.00029931
0.349306,0.000312901
0.351828,0.000327061
0.354351,0.00034181
0.356873,0.000357171
0.359395,0.000373166
0.361917,0.000389818
0.364439,0.000407154
0.366961,0.000425196
0.369483,0.000443972
0.372005,0.000463508
0.374527,0.000483831
0.377049,0.00050497
0.379571,0.000526954
0.382093,0.000549813
0.384615,0.000573579
0.387137,0.000598282
0.38966,0.000623957
0.392182,0.000650638
0.394704,0.000678358
0.397226,0.000707155
0.399748,0.000737064
0.40227,0.000768125
0.404792,0.000800376
0.407314,0.000833858
0.409836,0.000868612
0.412358,0.000904681
0.41488,0.000942108
0.417402,0.000980939
0.419924,0.00102122
0.422446,0.001063
0.424968,0.00110632
0.427491,0.00115124
0.430013,0.00119781
0.432535,0.00124607
0.435057,0.0012961
0.437579,0.00134793
0.440101,0.00140163
0.442623,0.00145725
0.445145,0.00151486
0.447667,0.00157451
0.450189,0.00163627
0.452711,0.00170021
0.455233,0.00176639
0.457755,0.00183487
0.460277,0.00190573
0.462799,0.00197904
0.465322,0.00205487
0.467844,0.00213329
0.470366,0.00221438
0.472888,0.00229821
0.47541,0.00238488
0.477932,0.00247445
0.480454,0.00256701
0.482976,0.00266264
0.485498,0.00276144
0.48802,0.00286349
0.490542,0.00296887
0.493064,0.00307769
0.495586,0.00319003
0.498108,0.00330599
0.500631,0.00342568
0.503153,0.00354918
0.505675,0.0036766
0.508197,0.00380804
0.510719,0.00394361
0.513241,0.00408342
0.515763,0.00422758
0.518285,0.00437619
0.520807,0.00452938
0.523329,0.00468725
0.525851,0.00484992
0.528373,0.00501752
0.530895,0.00519016
0.533417,0.00536797
0.535939,0.00555108
0.538462,0.00573961
0.540984,0.00593369
0.543506,0.00613345
0.546028,0.00633903
0.54855,0.00655056
0.551072,0.00676818
0.553594,0.00699203
0.556116,0.00722225
0.558638,0.00745899
0.56116,0.00770239
0.563682,0.0079526
0.566204,0.00820977
0.568726,0.00847405
0.571248,0.00874559
0.57377,0.00902455
0.576293,0.00931109
0.578815,0.00960536
0.581337,0.00990752
0.583859,0.0102177
0.586381,0.0105362
0.588903,0.010863
0.591425,0.0111984
0.593947,0.0115425
0.596469,0.0118955
0.598991,0.0122576
0.601513,0.0126289
0.604035,0.0130097
0.606557,0.0134
0.609079,0.0138001
0.611602,0.0142102
0.614124,0.0146304
0.616646,0.0150609
0.619168,0.0155019
0.62169,0.0159536
0.624212,0.0164161
0.626734,0.0168897
0.629256,0.0173746
0.631778,0.0178708
0.6343,0.0183787
0.636822,0.0188984
0.639344,0.0194301
0.641866,0.019974
0.644388,0.0205302
0.64691,0.021099
0.649433,0.0216806
0.651955,0.0222751
0.654477,0.0228828
0.656999,0.0235038
0.659521,0.0241384
0.662043,0.0247866
0.664565,0.0254488
0.667087,0.026125
0.669609,0.0268156
0.672131,0.0275206
0.674653,0.0282403
0.677175,0.0289749
0.679697,0.0297245
0.682219,0.0304893
0.684741,0.0312695
0.687264,0.0320654
0.689786,0.032877
0.692308,0.0337046
0.69483,0.0345484
0.697352,0.0354084
0.699874,0.036285
0.702396,0.0371783
0.704918,0.0380884
0.70744,0.0390155
0.709962,0.0399598
0.712484,0.0409214
0.715006,0.0419006
0.717528,0.0428974
0.72005,0.0439121
0.722573,0.0449447
0.725095,0.0459955
0.727617,0.0470646
0.730139,0.0481521
0.732661,0.0492582
0.735183,0.050383
0.737705,0.0515267
0.740227,0.0526893
0.742749,0.053871
0.745271,0.055072
0.747793,0.0562923
0.750315,0.0575321
0.752837,0.0587914
0.755359,0.0600704
0.757881,0.0613692
0.760404,0.0626879
0.762926,0.0640266
0.765448,0.0653852
0.76797,0.0667641
0.770492,0.0681631
0.773014,0.0695824
0.775536,0.0710221
0.778058,0.0724822
0.78058,0.0739627
0.783102,0.0754637
0.785624,0.0769853
0.788146,0.0785274
0.790668,0.0800902
0.79319,0.0816736
0.795712,0.0832777
0.798235,0.0849024
0.800757,0.0865478
0.803279,0.0882139
0.805801,0.0899006
0.808323,0.091608
0.810845,0.093336
0.813367,0.0950846
0.815889,0.0968537
0.818411,0.0986434
0.820933,0.100454
0.823455,0.102284
0.825977,0.104135
0.828499,0.106006
0.831021,0.107897
0.833544,0.109809
0.836066,0.11174
0.838588,0.113692
0.84111,0.115663
0.843632,0.117654
0.846154,0.119664
0.848676,0.121694
0.851198,0.123743
0.85372,0.125812
0.856242,0.127899
0.858764,0.130005
0.861286,0.13213
0.863808,0.134273
0.86633,0.136435
0.868852,0.138615
0.871375,0.140812
0.873897,0.143028
0.876419,0.145261
0.878941,0.147511
0.881463,0.149778
0.883985,0.152062
0.886507,0.154363
0.889029,0.15668
0.891551,0.159013
0.894073,0.161362
0.896595,0.163726
0.899117,0.166106
0.901639,0.168501
0.904161,0.17091
0.906683,0.173334
0.909206,0.175772
0.911728,0.178224
0.91425,0.180689
0.916772,0.183167
0.919294,0.185659
0.921816,0.188162
0.924338,0.190678
0.92686,0.193206
0.929382,0.195745
0.931904,0.198296
0.934426,0.200857
0.936948,0.203429
0.93947,0.20601
0.941992,0.208601
0.944515,0.211202
0.947037,0.213811
0.949559,0.216429
0.952081,0.219056
0.954603,0.221689
0.957125,0.224331
0.959647,0.226979
0.962169,0.229633
0.964691,0.232294
0.967213,0.234961
0.969735,0.237632
0.972257,0.240309
0.974779,0.24299
0.977301,0.245676
0.979823,0.248364
0.982346,0.251057
0.984868,0.253751
0.98739,0.256449
0.989912,0.259148
0.992434,0.261848
0.994956,0.26455
0.997478,0.267253
1,0.269955
1.00252,0.272657
1.00504,0.275359
1.00757,0.27806
1.01009,0.280759
1.01261,0.283456
1.01513,0.286151
1.01765,0.288843
1.02018,0.291532
1.0227,0.294217
1.02522,0.296898
1.02774,0.299575
1.03026,0.302247
1.03279,0.304914
1.03531,0.307574
1.03783,0.310229
1.04035,0.312877
1.04288,0.315518
1.0454,0.318152
1.04792,0.320778
1.05044,0.323396
1.05296,0.326006
1.05549,0.328606
1.05801,0.331198
1.06053,0.333779
1.06305,0.336351
1.06557,0.338912
1.0681,0.341462
1.07062,0.344001
1.07314,0.346529
1.07566,0.349045
1.07818,0.351549
1.08071,0.35404
1.08323,0.356519
1.08575,0.358984
1.08827,0.361436
1.09079,0.363874
1.09332,0.366298
1.09584,0.368707
1.09836,0.371102
1.10088,0.373481
1.1034,0.375846
1.10593,0.378195
1.10845,0.380528
1.11097,0.382845
1.11349,0.385146
1.11602,0.38743
1.11854,0.389697
1.12106,0.391947
1.12358,0.39418
1.1261,0.396395
1.12863,0.398593
1.13115,0.400773
1.13367,0.402934
1.13619,0.405078
1.13871,0.407203
1.14124,0.409309
1.14376,0.411396
1.14628,0.413464
1.1488,0.415514
1.15132,0.417543
1.15385,0.419554
1.15637,0.421545
1.15889,0.423516
1.16141,0.425467
1.16393,0.427399
1.16646,0.42931
1.16898,0.431202
1.1715,0.433073
1.17402,0.434924
1.17654,0.436754
1.17907,0.438564
1.18159,0.440354
1.18411,0.442123
1.18663,0.443872
1.18916,0.4456
1.19168,0.447307
1.1942,0.448994
1.19672,0.45066
1.19924,0.452305
1.20177,0.45393
1.20429,0.455534
1.20681,0.457117
1.20933,0.45868
1.21185,0.460222
1.21438,0.461744
1.2169,0.463245
1.21942,0.464726
1.22194,0.466186
1.22446,0.467625
1.22699,0.469045
1.22951,0.470444
1.23203,0.471822
1.23455,0.473181
1.23707,0.47452
1.2396,0.475838
1.24212,0.477137
1.24464,0.478416
1.24716,0.479676
1.24968,0.480915
1.25221,0.482136
1.25473,0.483337
1.25725,0.484518
1.25977,0.485681
1.2623,0.486825
1.26482,0.487949
1.26734,0.489056
1.26986,0.490143
1.27238,0.491212
1.27491,0.492263
1.27743,0.493296
1.27995,0.49431
1.28247,0.495307
1.28499,0.496286
1.28752,0.497248
1.29004,0.498192
1.29256,0.499119
1.29508,0.500029
1.2976,0.500923
1.30013,0.501799
1.30265,0.502659
1.30517,0.503503
1.30769,0.504331
1.31021,0.505142
1.31274,0.505938
1.31526,0.506718
1.31778,0.507483
1.3203,0.508233
1.32282,0.508967
1.32535,0.509687
1.32787,0.510392
1.33039,0.511083
1.33291,0.511759
1.33544,0.512421
1.33796,0.513069
1.34048,0.513704
1.343,0.514325
1.34552,0.514933
1.34805,0.515527
1.35057,0.516109
1.35309,0.516677
1.35561,0.517234
1.35813,0.517778
1.36066,0.518309
1.36318,0.518829
1.3657,0.519337
1.36822,0.519833
1.37074,0.520318
1.37327,0.520792
1.37579,0.521254
1.37831,0.521706
1.38083,0.522147
1.38335,0.522577
1.38588,0.522997
1.3884,0.523408
1.39092,0.523808
1.39344,0.524198
1.39596,0.524579
1.39849,0.52495
1.40101,0.525312
1.40353,0.525665
1.40605,0.526009
1.40858,0.526345
1.4111,0.526671
1.41362,0.52699
1.41614,0.5273
1.41866,0.527602
1.42119,0.527897
1.42371,0.528183
1.42623,0.528462
1.42875,0.528734
1.43127,0.528998
1.4338,0.529255
1.43632,0.529505
1.43884,0.529749
1.44136,0.529985
1.44388,0.530216
1.44641,0.530439
1.44893,0.530657
1.45145,0.530869
1.45397,0.531074
1.45649,0.531274
1.45902,0.531468
1.46154,0.531657
1.46406,0.53184
1.46658,0.532018
1.4691,0.53219
1.47163,0.532358
1.47415,0.53252
1.47667,0.532678
1.47919,0.532831
1.48172,0.53298
1.48424,0.533124
1.48676,0.533264
1.48928,0.5334
1.4918,0.533531
1.49433,0.533658
1.49685,0.533782
1.49937,0.533902
1.50189,0.534018
1.50441,0.53413
1.50694,0.534239
1.50946,0.534344
1.51198,0.534446
1.5145,0.534545
1.51702,0.534641
1.51955,0.534733
1.52207,0.534823
1.52459,0.534909
1.52711,0.534993
1.52963,0.535074
1.53216,0.535153
1.53468,0.535229
1.5372,0.535302
1.53972,0.535373
1.54224,0.535441
1.54477,0.535507
1.54729,0.535571
1.54981,0.535633
1.55233,0.535693
1.55485,0.53575
1.55738,0.535806
1.5599,0.53586
1.56242,0.535912
1.56494,0.535962
1.56747,0.53601
1.56999,0.536056
1.57251,0.536101
1.57503,0.536145
1.57755,0.536186
1.58008,0.536227
1.5826,0.536266
1.58512,0.536303
1.58764,0.536339
1.59016,0.536374
1.59269,0.536407
1.59521,0.53644
1.59773,0.536471
1.60025,0.536501
1.60277,0.536529
1.6053,0.536557
1.60782,0.536584
1.61034,0.536609
1.61286,0.536634
1.61538,0.536658
1.61791,0.536681
1.62043,0.536703
1.62295,0.536724
1.62547,0.536744
1.62799,0.536764
1.63052,0.536782
1.63304,0.536801
1.63556,0.536818
1.63808,0.536835
1.64061,0.53685
1.64313,0.536866
1.64565,0.536881
1.64817,0.536895
1.65069,0.536908
1.65322,0.536921
1.65574,0.536934
1.65826,0.536946
1.66078,0.536957
1.6633,0.536968
1.66583,0.536979
1.66835,0.536989
1.67087,0.536999
1.67339,0.537008
1.67591,0.537017
1.67844,0.537026
1.68096,0.537034
1.68348,0.537042
1.686,0.537049
1.68852,0.537057
1.69105,0.537064
1.69357,0.53707
1.69609,0.537077
1.69861,0.537083
1.70113,0.537088
1.70366,0.537094
1.70618,0.537099
1.7087,0.537104
1.71122,0.537109
1.71375,0.537114
1.71627,0.537118
1.71879,0.537122
1.72131,0.537126
1.72383,0.53713
1.72636,0.537134
1.72888,0.537138
1.7314,0.537141
1.73392,0.537144
1.73644,0.537147
1.73897,0.53715
1.74149,0.537153
1.74401,0.537156
1.74653,0.537158
1.74905,0.537161
1.75158,0.537163
1.7541,0.537165
1.75662,0.537167
1.75914,0.537169
1.76166,0.537171
1.76419,0.537173
1.76671,0.537175
1.76923,0.537176
1.77175,0.537178
1.77427,0.53718
1.7768,0.537181
1.77932,0.537182
1.78184,0.537184
1.78436,0.537185
1.78689,0.537186
1.78941,0.537187
1.79193,0.537188
1.79445,0.537189
1.79697,0.53719
1.7995,0.537191
1.80202,0.537192
1.80454,0.537193
1.80706,0.537194
1.80958,0.537194
1.81211,0.537195
1.81463,0.537196
1.81715,0.537196
1.81967,0.537197
1.82219,0.537198
1.82472,0.537198
1.82724,0.537199
1.82976,0.537199
1.83228,0.5372
1.8348,0.5372
1.83733,0.5372
1.83985,0.537201
1.84237,0.537201
1.84489,0.537202
1.84741,0.537202
1.84994,0.537202
1.85246,0.537203
1.85498,0.537203
1.8575,0.537203
1.86003,0.537203
1.86255,0.537204
1.86507,0.537204
1.86759,0.537204
1.87011,0.537204
1.87264,0.537204
1.87516,0.537205
1.87768,0.537205
1.8802,0.537205
1.88272,0.537205
1.88525,0.537205
1.88777,0.537205
1.89029,0.537206
1.89281,0.537206
1.89533,0.537206
1.89786,0.537206
1.90038,0.537206
1.9029,0.537206
1.90542,0.537206
1.90794,0.537206
1.91047,0.537206
1.91299,0.537207
1.91551,0.537207
1.91803,0.537207
1.92055,0.537207
1.92308,0.537207
1.9256,0.537207
1.92812,0.537207
1.93064,0.537207
1.93317,0.537207
1.93569,0.537207
1.93821,0.537207
1.94073,0.537207
1.94325,0.537207
1.94578,0.537207
1.9483,0.537207
1.95082,0.537207
1.95334,0.537207
1.95586,0.537207
1.95839,0.537207
1.96091,0.537207
1.96343,0.537207
1.96595,0.537207
1.96847,0.537207
1.971,0.537208
1.97352,0.537208
1.97604,0.537208
1.97856,0.537208
1.98108,0.537208
1.98361,0.537208
1.98613,0.537208
1.98865,0.537208
1.99117,0.537208
1.99369,0.537208
1.99622,0.537208
1.99874,0.537208
