0.00140845,0
0.00422535,1.24995e-08
0.00704225,2.59056e-08
0.00985915,4.02814e-08
0.0126761,5.56937e-08
0.015493,7.22142e-08
0.0183099,8.9919e-08
0.0211268,1.08889e-07
0.0239437,1.29211e-07
0.0267606,1.50977e-07
0.0295775,1.74285e-07
0.0323944,1.99238e-07
0.0352113,2.25949e-07
0.0380282,2.54534e-07
0.0408451,2.85121e-07
0.043662,3.17841e-07
0.0464789,3.52837e-07
0.0492958,3.90261e-07
0.0521127,4.30272e-07
0.0549296,4.7304e-07
0.0577465,5.18747e-07
0.0605634,5.67585e-07
0.0633803,6.19759e-07
0.0661972,6.75484e-07
0.0690141,7.34991e-07
0.071831,7.98524e-07
0.0746479,8.66341e-07
0.0774648,9.38718e-07
0.0802817,1.01595e-06
0.0830986,1.09833e-06
0.0859155,1.18621e-06
0.0887324,1.27991e-06
0.0915493,1.37982e-06
0.0943662,1.48632e-06
0.0971831,1.59982e-06
0.1,1.72075e-06
0.102817,1.84959e-06
0.105634,1.98682e-06
0.108451,2.13295e-06
0.111268,2.28854e-06
0.114085,2.45416e-06
0.116901,2.63043e-06
0.119718,2.81798e-06
0.122535,3.01752e-06
0.125352,3.22975e-06
0.128169,3.45543e-06
0.130986,3.69539e-06
0.133803,3.95047e-06
0.13662,4.22156e-06
0.139437,4.50962e-06
0.142254,4.81564e-06
0.14507,5.14069e-06
0.147887,5.48587e-06
0.150704,5.85237e-06
0.153521,6.24141e-06
0.156338,6.65431e-06
0.159155,7.09245e-06
0.161972,7.55726e-06
0.164789,8.05028e-06
0.167606,8.57312e-06
0.170423,9.12747e-06
0.173239,9.71511e-06
0.176056,1.03379e-05
0.178873,1.09979e-05
0.18169,1.1697e-05
0.184507,1.24376e-05
0.187324,1.32219e-05
0.190141,1.40522e-05
0.192958,1.49313e-05
0.195775,1.58616e-05
0.198592,1.68461e-05
0.201408,1.78876e-05
0.204225,1.89892e-05
0.207042,2.01542e-05
0.209859,2.13861e-05
0.212676,2.26882e-05
0.215493,2.40645e-05
0.21831,2.55188e-05
0.221127,2.70553e-05
0.223944,2.86782e-05
0.226761,3.03921e-05
0.229577,3.22018e-05
0.232394,3.41121e-05
0.235211,3.61284e-05
0.238028,3.8256e-05
0.240845,4.05007e-05
0.243662,4.28685e-05
0.246479,4.53655e-05
0.249296,4.79983e-05
0.252113,5.07738e-05
0.25493,5.36991e-05
0.257746,5.67817e-05
0.260563,6.00294e-05
0.26338,6.34503e-05
0.266197,6.7053e-05
0.269014,7.08464e-05
0.271831,7.48399e-05
0.274648,7.9043e-05
0.277465,8.34659e-05
0.280282,8.81193e-05
0.283099,9.30141e-05
0.285915,9.81619e-05
0.288732,0.000103575
0.291549,0.000109265
0.294366,0.000115245
0.297183,0.00012153
0.3,0.000128133
0.302817,0.000135069
0.305634,0.000142353
0.308451,0.000150002
0.311268,0.000158031
0.314085,0.000166459
0.316901,0.000175303
0.319718,0.000184582
0.322535,0.000194315
0.325352,0.000204523
0.328169,0.000215226
0.330986,0.000226447
0.333803,0.000238208
0.33662,0.000250533
0.339437,0.000263446
0.342254,0.000276972
0.34507,0.000291138
0.347887,0.000305972
0.350704,0.000321501
0.353521,0.000337755
0.356338,0.000354764
0.359155,0.00037256
0.361972,0.000391176
0.364789,0.000410646
0.367606,0.000431004
0.370423,0.000452288
0.373239,0.000474534
0.376056,0.000497781
0.378873,0.000522071
0.38169,0.000547444
0.384507,0.000573943
0.387324,0.000601614
0.390141,0.000630502
0.392958,0.000660654
0.395775,0.00069212
0.398592,0.000724951
0.401408,0.000759199
0.404225,0.000794918
0.407042,0.000832164
0.409859,0.000870994
0.412676,0.000911468
0.415493,0.000953646
0.41831,0.000997593
0.421127,0.00104337
0.423944,0.00109105
0.426761,0.0011407
0.429577,0.00119239
0.432394,0.00124619
0.435211,0.00130218
0.438028,0.00136044
0.440845,0.00142105
0.443662,0.00148408
0.446479,0.00154962
0.449296,0.00161776
0.452113,0.00168859
0.45493,0.0017622
0.457746,0.00183868
0.460563,0.00191813
0.46338,0.00200064
0.466197,0.00208633
0.469014,0.00217529
0.471831,0.00226763
0.474648,0.00236346
0.477465,0.0024629
0.480282,0.00256605
0.483099,0.00267303
0.485915,0.00278397
0.488732,0.00289899
0.491549,0.00301821
0.494366,0.00314177
0.497183,0.00326979
0.5,0.00340242
0.502817,0.00353978
0.505634,0.00368203
0.508451,0.0038293
0.511268,0.00398174
0.514085,0.0041395
0.516901,0.00430274
0.519718,0.00447161
0.522535,0.00464628
0.525352,0.0048269
0.528169,0.00501364
0.530986,0.00520667
0.533803,0.00540616
0.53662,0.00561229
0.539437,0.00582523
0.542254,0.00604518
0.54507,0.0062723
0.547887,0.0065068
0.550704,0.00674886
0.553521,0.00699868
0.556338,0.00725645
0.559155,0.00752238
0.561972,0.00779666
0.564789,0.00807951
0.567606,0.00837113
0.570423,0.00867174
0.573239,0.00898155
0.576056,0.00930079
0.578873,0.00962966
0.58169,0.0099684
0.584507,0.0103172
0.587324,0.0106764
0.590141,0.0110461
0.592958,0.0114266
0.595775,0.0118181
0.598592,0.0122209
0.601408,0.0126352
0.604225,0.0130613
0.607042,0.0134993
0.609859,0.0139496
0.612676,0.0144124
0.615493,0.0148879
0.61831,0.0153765
0.621127,0.0158783
0.623944,0.0163936
0.626761,0.0169227
0.629577,0.0174658
0.632394,0.0180233
0.635211,0.0185953
0.638028,0.0191821
0.640845,0.019784
0.643662,0.0204013
0.646479,0.0210342
0.649296,0.021683
0.652113,0.0223479
0.65493,0.0230293
0.657746,0.0237273
0.660563,0.0244424
0.66338,0.0251746
0.666197,0.0259243
0.669014,0.0266918
0.671831,0.0274773
0.674648,0.0282811
0.677465,0.0291035
0.680282,0.0299446
0.683099,0.0308049
0.685915,0.0316844
0.688732,0.0325835
0.691549,0.0335025
0.694366,0.0344415
0.697183,0.0354009
0.7,0.0363809
0.702817,0.0373817
0.705634,0.0384036
0.708451,0.0394467
0.711268,0.0405114
0.714085,0.0415979
0.716901,0.0427063
0.719718,0.043837
0.722535,0.04499
0.725352,0.0461658
0.728169,0.0473643
0.730986,0.0485859
0.733803,0.0498307
0.73662,0.051099
0.739437,0.0523909
0.742254,0.0537066
0.74507,0.0550462
0.747887,0.05641
0.750704,0.0577981
0.753521,0.0592106
0.756338,0.0606477
0.759155,0.0621095
0.761972,0.0635962
0.764789,0.0651078
0.767606,0.0666446
0.770423,0.0682066
0.773239,0.0697938
0.776056,0.0714065
0.778873,0.0730446
0.78169,0.0747083
0.784507,0.0763976
0.787324,0.0781125
0.790141,0.0798532
0.792958,0.0816195
0.795775,0.0834117
0.798592,0.0852296
0.801408,0.0870733
0.804225,0.0889428
0.807042,0.0908381
0.809859,0.0927591
0.812676,0.0947058
0.815493,0.0966782
0.81831,0.0986761
0.821127,0.1007
0.823944,0.102749
0.826761,0.104823
0.829577,0.106922
0.832394,0.109047
0.835211,0.111197
0.838028,0.113371
0.840845,0.115571
0.843662,0.117794
0.846479,0.120043
0.849296,0.122315
0.852113,0.124612
0.85493,0.126932
0.857746,0.129276
0.860563,0.131643
0.86338,0.134034
0.866197,0.136447
0.869014,0.138883
0.871831,0.141341
0.874648,0.143821
0.877465,0.146323
0.880282,0.148847
0.883099,0.151391
0.885915,0.153956
0.888732,0.156542
0.891549,0.159148
0.894366,0.161773
0.897183,0.164418
0.9,0.167082
0.902817,0.169765
0.905634,0.172465
0.908451,0.175183
0.911268,0.177919
0.914085,0.180671
0.916901,0.18344
0.919718,0.186225
0.922535,0.189026
0.925352,0.191841
0.928169,0.194671
0.930986,0.197515
0.933803,0.200373
0.93662,0.203243
0.939437,0.206127
0.942254,0.209022
0.94507,0.211929
0.947887,0.214846
0.950704,0.217775
0.953521,0.220713
0.956338,0.22366
0.959155,0.226616
0.961972,0.229581
0.964789,0.232553
0.967606,0.235532
0.970423,0.238518
0.973239,0.24151
0.976056,0.244506
0.978873,0.247508
0.98169,0.250514
0.984507,0.253524
0.987324,0.256536
0.990141,0.259551
0.992958,0.262568
0.995775,0.265585
0.998592,0.268604
1.00141,0.271622
1.00423,0.27464
1.00704,0.277657
1.00986,0.280672
1.01268,0.283684
1.01549,0.286694
1.01831,0.289699
1.02113,0.292701
1.02394,0.295698
1.02676,0.29869
1.02958,0.301675
1.03239,0.304655
1.03521,0.307627
1.03803,0.310591
1.04085,0.313547
1.04366,0.316495
1.04648,0.319433
1.0493,0.322361
1.05211,0.325279
1.05493,0.328186
1.05775,0.331081
1.06056,0.333964
1.06338,0.336835
1.0662,0.339693
1.06901,0.342537
1.07183,0.345367
1.07465,0.348182
1.07746,0.350982
1.08028,0.353767
1.0831,0.356536
1.08592,0.359289
1.08873,0.362024
1.09155,0.364743
1.09437,0.367443
1.09718,0.370126
1.1,0.372789
1.10282,0.375434
1.10563,0.37806
1.10845,0.380666
1.11127,0.383251
1.11408,0.385817
1.1169,0.388361
1.11972,0.390885
1.12254,0.393387
1.12535,0.395867
1.12817,0.398325
1.13099,0.400761
1.1338,0.403174
1.13662,0.405564
1.13944,0.407932
1.14225,0.410276
1.14507,0.412596
1.14789,0.414892
1.1507,0.417165
1.15352,0.419413
1.15634,0.421637
1.15915,0.423836
1.16197,0.426011
1.16479,0.428161
1.16761,0.430285
1.17042,0.432385
1.17324,0.434459
1.17606,0.436508
1.17887,0.438532
1.18169,0.440529
1.18451,0.442502
1.18732,0.444449
1.19014,0.44637
1.19296,0.448265
1.19577,0.450134
1.19859,0.451978
1.20141,0.453796
1.20423,0.455588
1.20704,0.457355
1.20986,0.459095
1.21268,0.46081
1.21549,0.462499
1.21831,0.464163
1.22113,0.465801
1.22394,0.467414
1.22676,0.469001
1.22958,0.470563
1.23239,0.4721
1.23521,0.473611
1.23803,0.475098
1.24085,0.47656
1.24366,0.477997
1.24648,0.47941
1.2493,0.480798
1.25211,0.482161
1.25493,0.483501
1.25775,0.484817
1.26056,0.486109
1.26338,0.487377
1.2662,0.488622
1.26901,0.489843
1.27183,0.491042
1.27465,0.492218
1.27746,0.493371
1.28028,0.494501
1.2831,0.49561
1.28592,0.496696
1.28873,0.497761
1.29155,0.498804
1.29437,0.499826
1.29718,0.500827
1.3,0.501807
1.30282,0.502766
1.30563,0.503705
1.30845,0.504624
1.31127,0.505523
1.31408,0.506403
1.3169,0.507263
1.31972,0.508104
1.32254,0.508927
1.32535,0.50973
1.32817,0.510516
1.33099,0.511283
1.3338,0.512033
1.33662,0.512765
1.33944,0.51348
1.34225,0.514178
1.34507,0.51486
1.34789,0.515525
1.3507,0.516173
1.35352,0.516806
1.35634,0.517424
1.35915,0.518026
1.36197,0.518612
1.36479,0.519184
1.36761,0.519742
1.37042,0.520285
1.37324,0.520814
1.37606,0.521329
1.37887,0.521831
1.38169,0.52232
1.38451,0.522795
1.38732,0.523258
1.39014,0.523708
1.39296,0.524146
1.39577,0.524572
1.39859,0.524987
1.40141,0.52539
1.40423,0.525781
1.40704,0.526162
1.40986,0.526531
1.41268,0.52689
1.41549,0.527239
1.41831,0.527578
1.42113,0.527907
1.42394,0.528226
1.42676,0.528536
1.42958,0.528837
1.43239,0.529128
1.43521,0.529411
1.43803,0.529685
1.44085,0.529951
1.44366,0.530209
1.44648,0.530459
1.4493,0.530701
1.45211,0.530935
1.45493,0.531162
1.45775,0.531382
1.46056,0.531595
1.46338,0.531802
1.4662,0.532001
1.46901,0.532194
1.47183,0.532381
1.47465,0.532561
1.47746,0.532736
1.48028,0.532905
1.4831,0.533068
1.48592,0.533226
1.48873,0.533378
1.49155,0.533526
1.49437,0.533668
1.49718,0.533805
1.5,0.533938
1.50282,0.534066
1.50563,0.534189
1.50845,0.534309
1.51127,0.534424
1.51408,0.534535
1.5169,0.534642
1.51972,0.534745
1.52254,0.534844
1.52535,0.53494
1.52817,0.535032
1.53099,0.535121
1.5338,0.535207
1.53662,0.53529
1.53944,0.535369
1.54225,0.535445
1.54507,0.535519
1.54789,0.53559
1.5507,0.535658
1.55352,0.535724
1.55634,0.535787
1.55915,0.535847
1.56197,0.535905
1.56479,0.535961
1.56761,0.536015
1.57042,0.536067
1.57324,0.536117
1.57606,0.536164
1.57887,0.53621
1.58169,0.536254
1.58451,0.536296
1.58732,0.536337
1.59014,0.536376
1.59296,0.536413
1.59577,0.536448
1.59859,0.536483
1.60141,0.536516
1.60423,0.536547
1.60704,0.536577
1.60986,0.536606
1.61268,0.536634
1.61549,0.53666
1.61831,0.536686
1.62113,0.53671
1.62394,0.536733
1.62676,0.536755
1.62958,0.536777
1.63239,0.536797
1.63521,0.536816
1.63803,0.536835
1.64085,0.536853
1.64366,0.53687
1.64648,0.536886
1.6493,0.536902
1.65211,0.536917
1.65493,0.536931
1.65775,0.536944
1.66056,0.536957
1.66338,0.536969
1.6662,0.536981
1.66901,0.536992
1.67183,0.537003
1.67465,0.537013
1.67746,0.537023
1.68028,0.537032
1.6831,0.537041
1.68592,0.53705
1.68873,0.537058
1.69155,0.537065
1.69437,0.537073
1.69718,0.53708
1.7,0.537086
1.70282,0.537092
1.70563,0.537098
1.70845,0.537104
1.71127,0.53711
1.71408,0.537115
1.7169,0.53712
1.71972,0.537124
1.72254,0.537129
1.72535,0.537133
1.72817,0.537137
1.73099,0.537141
1.7338,0.537144
1.73662,0.537148
1.73944,0.537151
1.74225,0.537154
1.74507,0.537157
1.74789,0.53716
1.7507,0.537162
1.75352,0.537165
1.75634,0.537167
1.75915,0.537169
1.76197,0.537172
1.76479,0.537174
1.76761,0.537175
1.77042,0.537177
1.77324,0.537179
1.77606,0.537181
1.77887,0.537182
1.78169,0.537184
1.78451,0.537185
1.78732,0.537186
1.79014,0.537188
1.79296,0.537189
1.79577,0.53719
1.79859,0.537191
1.80141,0.537192
1.80423,0.537193
1.80704,0.537194
1.80986,0.537194
1.81268,0.537195
1.81549,0.537196
1.81831,0.537197
1.82113,0.537197
1.82394,0.537198
1.82676,0.537199
1.82958,0.537199
1.83239,0.5372
1.83521,0.5372
1.83803,0.537201
1.84085,0.537201
1.84366,0.537201
1.84648,0.537202
1.8493,0.537202
1.85211,0.537203
1.85493,0.537203
1.85775,0.537203
1.86056,0.537203
1.86338,0.537204
1.8662,0.537204
1.86901,0.537204
1.87183,0.537204
1.87465,0.537205
1.87746,0.537205
1.88028,0.537205
1.8831,0.537205
1.88592,0.537205
1.88873,0.537206
1.89155,0.537206
1.89437,0.537206
1.89718,0.537206
1.9,0.537206
1.90282,0.537206
1.90563,0.537206
1.90845,0.537206
1.91127,0.537206
1.91408,0.537207
1.9169,0.537207
1.91972,0.537207
1.92254,0.537207
1.92535,0.537207
1.92817,0.537207
1.93099,0.537207
1.9338,0.537207
1.93662,0.537207
1.93944,0.537207
1.94225,0.537207
1.94507,0.537207
1.94789,0.537207
1.9507,0.537207
1.95352,0.537207
1.95634,0.537207
1.95915,0.537207
1.96197,0.537207
1.96479,0.537207
1.96761,0.537207
1.97042,0.537208
1.97324,0.537208
1.97606,0.537208
1.97887,0.537208
1.98169,0.537208
1.98451,0.537208
1.98732,0.537208
1.99014,0.537208
1.99296,0.537208
1.99577,0.537208
1.99859,0.537208
