0.00149477,0
0.0044843,1.33513e-08
0.00747384,2.77323e-08
0.0104634,4.32189e-08
0.0134529,5.98923e-08
0.0164425,7.78397e-08
0.019432,9.71538e-08
0.0224215,1.17934e-07
0.0254111,1.40287e-07
0.0284006,1.64327e-07
0.0313901,1.90174e-07
0.0343797,2.17958e-07
0.0373692,2.47818e-07
0.0403587,2.79903e-07
0.0433483,3.14369e-07
0.0463378,3.51385e-07
0.0493274,3.91132e-07
0.0523169,4.33801e-07
0.0553064,4.79596e-07
0.058296,5.28737e-07
0.0612855,5.81454e-07
0.064275,6.37997e-07
0.0672646,6.98628e-07
0.0702541,7.6363e-07
0.0732436,8.33302e-07
0.0762332,9.07961e-07
0.0792227,9.87949e-07
0.0822123,1.07363e-06
0.0852018,1.16538e-06
0.0881913,1.26361e-06
0.0911809,1.36875e-06
0.0941704,1.48128e-06
0.0971599,1.60167e-06
0.100149,1.73045e-06
0.103139,1.86818e-06
0.106129,2.01543e-06
0.109118,2.17285e-06
0.112108,2.34108e-06
0.115097,2.52084e-06
0.118087,2.71286e-06
0.121076,2.91794e-06
0.124066,3.13693e-06
0.127055,3.3707e-06
0.130045,3.62021e-06
0.133034,3.88645e-06
0.136024,4.17047e-06
0.139013,4.47341e-06
0.142003,4.79645e-06
0.144993,5.14085e-06
0.147982,5.50793e-06
0.150972,5.8991e-06
0.153961,6.31585e-06
0.156951,6.75975e-06
0.15994,7.23247e-06
0.16293,7.73576e-06
0.165919,8.27149e-06
0.168909,8.84161e-06
0.171898,9.4482e-06
0.174888,1.00935e-05
0.177877,1.07797e-05
0.180867,1.15093e-05
0.183857,1.22849e-05
0.186846,1.31092e-05
0.189836,1.3985e-05
0.192825,1.49154e-05
0.195815,1.59036e-05
0.198804,1.69528e-05
0.201794,1.80667e-05
0.204783,1.92489e-05
0.207773,2.05033e-05
0.210762,2.18342e-05
0.213752,2.32457e-05
0.216741,2.47425e-05
0.219731,2.63293e-05
0.22272,2.80113e-05
0.22571,2.97937e-05
0.2287,3.1682e-05
0.231689,3.36822e-05
0.234679,3.58003e-05
0.237668,3.80429e-05
0.240658,4.04167e-05
0.243647,4.29289e-05
0.246637,4.55868e-05
0.249626,4.83984e-05
0.252616,5.13718e-05
0.255605,5.45157e-05
0.258595,5.78391e-05
0.261584,6.13514e-05
0.264574,6.50626e-05
0.267564,6.89831e-05
0.270553,7.31237e-05
0.273543,7.74958e-05
0.276532,8.21114e-05
0.279522,8.69828e-05
0.282511,9.21232e-05
0.285501,9.75462e-05
0.28849,0.000103266
0.29148,0.000109297
0.294469,0.000115656
0.297459,0.000122358
0.300448,0.000129421
0.303438,0.000136862
0.306428,0.0001447
0.309417,0.000152954
0.312407,0.000161644
0.315396,0.000170792
0.318386,0.000180418
0.321375,0.000190547
0.324365,0.000201201
0.327354,0.000212406
0.330344,0.000224187
0.333333,0.000236572
0.336323,0.000249588
0.339312,0.000263264
0.342302,0.000277631
0.345291,0.00029272
0.348281,0.000308563
0.351271,0.000325196
0.35426,0.000342654
0.35725,0.000360972
0.360239,0.00038019
0.363229,0.000400346
0.366218,0.000421483
0.369208,0.000443642
0.372197,0.000466869
0.375187,0.000491209
0.378176,0.000516709
0.381166,0.00054342
0.384155,0.000571392
0.387145,0.000600678
0.390135,0.000631333
0.393124,0.000663414
0.396114,0.00069698
0.399103,0.000732092
0.402093,0.000768813
0.405082,0.000807207
0.408072,0.000847343
0.411061,0.000889289
0.414051,0.000933118
0.41704,0.000978904
0.42003,0.00102672
0.423019,0.00107666
0.426009,0.00112878
0.428999,0.00118319
0.431988,0.00123996
0.434978,0.00129919
0.437967,0.00136096
0.440957,0.00142538
0.443946,0.00149254
0.446936,0.00156254
0.449925,0.00163548
0.452915,0.00171148
0.455904,0.00179065
0.458894,0.00187309
0.461883,0.00195892
0.464873,0.00204826
0.467862,0.00214124
0.470852,0.00223798
0.473842,0.00233861
0.476831,0.00244327
0.479821,0.00255209
0.48281,0.0026652
0.4858,0.00278277
0.488789,0.00290492
0.491779,0.00303182
0.494768,0.00316362
0.497758,0.00330047
0.500747,0.00344255
0.503737,0.00359
0.506726,0.00374302
0.509716,0.00390176
0.512706,0.0040664
0.515695,0.00423714
0.518685,0.00441415
0.521674,0.00459762
0.524664,0.00478775
0.527653,0.00498473
0.530643,0.00518876
0.533632,0.00540006
0.536622,0.00561883
0.539611,0.00584528
0.542601,0.00607963
0.54559,0.00632211
0.54858,0.00657294
0.55157,0.00683234
0.554559,0.00710055
0.557549,0.00737781
0.560538,0.00766436
0.563528,0.00796045
0.566517,0.00826632
0.569507,0.00858223
0.572496,0.00890843
0.575486,0.00924518
0.578475,0.00959275
0.581465,0.0099514
0.584454,0.0103214
0.587444,0.0107031
0.590433,0.0110966
0.593423,0.0115023
0.596413,0.0119205
0.599402,0.0123515
0.602392,0.0127955
0.605381,0.0132529
0.608371,0.0137238
0.61136,0.0142088
0.61435,0.0147079
0.617339,0.0152216
0.620329,0.0157502
0.623318,0.0162939
0.626308,0.016853
0.629297,0.017428
0.632287,0.018019
0.635277,0.0186264
0.638266,0.0192505
0.641256,0.0198917
0.644245,0.0205502
0.647235,0.0212264
0.650224,0.0219205
0.653214,0.022633
0.656203,0.0233641
0.659193,0.0241142
0.662182,0.0248835
0.665172,0.0256724
0.668161,0.0264812
0.671151,0.0273102
0.674141,0.0281597
0.67713,0.0290301
0.68012,0.0299216
0.683109,0.0308347
0.686099,0.0317695
0.689088,0.0327263
0.692078,0.0337056
0.695067,0.0347076
0.698057,0.0357325
0.701046,0.0367807
0.704036,0.0378525
0.707025,0.0389481
0.710015,0.0400678
0.713004,0.041212
0.715994,0.0423808
0.718984,0.0435746
0.721973,0.0447936
0.724963,0.046038
0.727952,0.0473081
0.730942,0.0486042
0.733931,0.0499265
0.736921,0.0512751
0.73991,0.0526504
0.7429,0.0540526
0.745889,0.0554817
0.748879,0.0569381
0.751868,0.058422
0.754858,0.0599334
0.757848,0.0614726
0.760837,0.0630398
0.763827,0.064635
0.766816,0.0662585
0.769806,0.0679103
0.772795,0.0695906
0.775785,0.0712995
0.778774,0.0730371
0.781764,0.0748034
0.784753,0.0765986
0.787743,0.0784227
0.790732,0.0802758
0.793722,0.0821578
0.796712,0.0840689
0.799701,0.086009
0.802691,0.0879782
0.80568,0.0899764
0.80867,0.0920036
0.811659,0.0940598
0.814649,0.0961448
0.817638,0.0982588
0.820628,0.100401
0.823617,0.102573
0.826607,0.104773
0.829596,0.107001
0.832586,0.109258
0.835575,0.111543
0.838565,0.113856
0.841555,0.116196
0.844544,0.118565
0.847534,0.12096
0.850523,0.123383
0.853513,0.125833
0.856502,0.128309
0.859492,0.130812
0.862481,0.133342
0.865471,0.135896
0.86846,0.138477
0.87145,0.141083
0.874439,0.143713
0.877429,0.146368
0.880419,0.149047
0.883408,0.15175
0.886398,0.154476
0.889387,0.157226
0.892377,0.159997
0.895366,0.162791
0.898356,0.165606
0.901345,0.168443
0.904335,0.1713
0.907324,0.174178
0.910314,0.177075
0.913303,0.179991
0.916293,0.182926
0.919283,0.185879
0.922272,0.188849
0.925262,0.191837
0.928251,0.194841
0.931241,0.19786
0.93423,0.200895
0.93722,0.203945
0.940209,0.207008
0.943199,0.210085
0.946188,0.213175
0.949178,0.216276
0.952167,0.21939
0.955157,0.222514
0.958146,0.225648
0.961136,0.228791
0.964126,0.231944
0.967115,0.235104
0.970105,0.238272
0.973094,0.241447
0.976084,0.244627
0.979073,0.247814
0.982063,0.251004
0.985052,0.254199
0.988042,0.257397
0.991031,0.260597
0.994021,0.263799
0.99701,0.267002
1,0.270206
1.00299,0.273409
1.00598,0.276611
1.00897,0.279811
1.01196,0.283009
1.01495,0.286203
1.01794,0.289394
1.02093,0.29258
1.02392,0.295761
1.02691,0.298936
1.0299,0.302103
1.03288,0.305264
1.03587,0.308416
1.03886,0.31156
1.04185,0.314694
1.04484,0.317818
1.04783,0.320931
1.05082,0.324033
1.05381,0.327123
1.0568,0.330199
1.05979,0.333263
1.06278,0.336313
1.06577,0.339347
1.06876,0.342367
1.07175,0.345371
1.07474,0.348358
1.07773,0.351329
1.08072,0.354282
1.08371,0.357217
1.0867,0.360133
1.08969,0.36303
1.09268,0.365907
1.09567,0.368765
1.09865,0.371601
1.10164,0.374417
1.10463,0.37721
1.10762,0.379982
1.11061,0.382731
1.1136,0.385458
1.11659,0.38816
1.11958,0.39084
1.12257,0.393495
1.12556,0.396125
1.12855,0.398731
1.13154,0.401311
1.13453,0.403866
1.13752,0.406395
1.14051,0.408898
1.1435,0.411375
1.14649,0.413825
1.14948,0.416247
1.15247,0.418643
1.15546,0.421011
1.15845,0.423352
1.16143,0.425665
1.16442,0.42795
1.16741,0.430206
1.1704,0.432435
1.17339,0.434635
1.17638,0.436806
1.17937,0.438949
1.18236,0.441063
1.18535,0.443148
1.18834,0.445204
1.19133,0.447231
1.19432,0.449229
1.19731,0.451199
1.2003,0.453139
1.20329,0.45505
1.20628,0.456932
1.20927,0.458785
1.21226,0.460609
1.21525,0.462404
1.21824,0.464171
1.22123,0.465908
1.22422,0.467617
1.2272,0.469297
1.23019,0.470949
1.23318,0.472573
1.23617,0.474168
1.23916,0.475735
1.24215,0.477274
1.24514,0.478786
1.24813,0.48027
1.25112,0.481726
1.25411,0.483155
1.2571,0.484557
1.26009,0.485933
1.26308,0.487281
1.26607,0.488603
1.26906,0.4899
1.27205,0.49117
1.27504,0.492414
1.27803,0.493633
1.28102,0.494827
1.28401,0.495996
1.287,0.49714
1.28999,0.49826
1.29297,0.499355
1.29596,0.500427
1.29895,0.501475
1.30194,0.5025
1.30493,0.503502
1.30792,0.504481
1.31091,0.505438
1.3139,0.506373
1.31689,0.507286
1.31988,0.508178
1.32287,0.509048
1.32586,0.509897
1.32885,0.510727
1.33184,0.511535
1.33483,0.512324
1.33782,0.513094
1.34081,0.513844
1.3438,0.514575
1.34679,0.515287
1.34978,0.515981
1.35277,0.516657
1.35575,0.517316
1.35874,0.517957
1.36173,0.518581
1.36472,0.519189
1.36771,0.51978
1.3707,0.520355
1.37369,0.520914
1.37668,0.521457
1.37967,0.521986
1.38266,0.5225
1.38565,0.522999
1.38864,0.523484
1.39163,0.523955
1.39462,0.524412
1.39761,0.524856
1.4006,0.525287
1.40359,0.525705
1.40658,0.526111
1.40957,0.526505
1.41256,0.526886
1.41555,0.527256
1.41854,0.527615
1.42152,0.527962
1.42451,0.528299
1.4275,0.528625
1.43049,0.528941
1.43348,0.529247
1.43647,0.529543
1.43946,0.52983
1.44245,0.530107
1.44544,0.530375
1.44843,0.530635
1.45142,0.530886
1.45441,0.531128
1.4574,0.531362
1.46039,0.531589
1.46338,0.531808
1.46637,0.532019
1.46936,0.532223
1.47235,0.53242
1.47534,0.53261
1.47833,0.532794
1.48132,0.532971
1.4843,0.533141
1.48729,0.533306
1.49028,0.533465
1.49327,0.533618
1.49626,0.533765
1.49925,0.533907
1.50224,0.534044
1.50523,0.534176
1.50822,0.534303
1.51121,0.534425
1.5142,0.534542
1.51719,0.534656
1.52018,0.534764
1.52317,0.534869
1.52616,0.53497
1.52915,0.535066
1.53214,0.535159
1.53513,0.535249
1.53812,0.535335
1.54111,0.535417
1.5441,0.535496
1.54709,0.535572
1.55007,0.535645
1.55306,0.535715
1.55605,0.535782
1.55904,0.535847
1.56203,0.535908
1.56502,0.535968
1.56801,0.536024
1.571,0.536079
1.57399,0.536131
1.57698,0.536181
1.57997,0.536229
1.58296,0.536275
1.58595,0.536318
1.58894,0.53636
1.59193,0.5364
1.59492,0.536439
1.59791,0.536476
1.6009,0.536511
1.60389,0.536544
1.60688,0.536576
1.60987,0.536607
1.61286,0.536636
1.61584,0.536664
1.61883,0.536691
1.62182,0.536716
1.62481,0.536741
1.6278,0.536764
1.63079,0.536786
1.63378,0.536807
1.63677,0.536827
1.63976,0.536847
1.64275,0.536865
1.64574,0.536882
1.64873,0.536899
1.65172,0.536915
1.65471,0.53693
1.6577,0.536944
1.66069,0.536958
1.66368,0.536971
1.66667,0.536983
1.66966,0.536995
1.67265,0.537006
1.67564,0.537017
1.67862,0.537027
1.68161,0.537037
1.6846,0.537046
1.68759,0.537055
1.69058,0.537063
1.69357,0.537071
1.69656,0.537078
1.69955,0.537085
1.70254,0.537092
1.70553,0.537098
1.70852,0.537104
1.71151,0.53711
1.7145,0.537116
1.71749,0.537121
1.72048,0.537126
1.72347,0.53713
1.72646,0.537135
1.72945,0.537139
1.73244,0.537143
1.73543,0.537146
1.73842,0.53715
1.74141,0.537153
1.74439,0.537156
1.74738,0.537159
1.75037,0.537162
1.75336,0.537165
1.75635,0.537167
1.75934,0.53717
1.76233,0.537172
1.76532,0.537174
1.76831,0.537176
1.7713,0.537178
1.77429,0.53718
1.77728,0.537181
1.78027,0.537183
1.78326,0.537184
1.78625,0.537186
1.78924,0.537187
1.79223,0.537188
1.79522,0.53719
1.79821,0.537191
1.8012,0.537192
1.80419,0.537193
1.80717,0.537194
1.81016,0.537195
1.81315,0.537195
1.81614,0.537196
1.81913,0.537197
1.82212,0.537198
1.82511,0.537198
1.8281,0.537199
1.83109,0.537199
1.83408,0.5372
1.83707,0.5372
1.84006,0.537201
1.84305,0.537201
1.84604,0.537202
1.84903,0.537202
1.85202,0.537203
1.85501,0.537203
1.858,0.537203
1.86099,0.537203
1.86398,0.537204
1.86697,0.537204
1.86996,0.537204
1.87294,0.537205
1.87593,0.537205
1.87892,0.537205
1.88191,0.537205
1.8849,0.537205
1.88789,0.537205
1.89088,0.537206
1.89387,0.537206
1.89686,0.537206
1.89985,0.537206
1.90284,0.537206
1.90583,0.537206
1.90882,0.537206
1.91181,0.537206
1.9148,0.537207
1.91779,0.537207
1.92078,0.537207
1.92377,0.537207
1.92676,0.537207
1.92975,0.537207
1.93274,0.537207
1.93572,0.537207
1.93871,0.537207
1.9417,0.537207
1.94469,0.537207
1.94768,0.537207
1.95067,0.537207
1.95366,0.537207
1.95665,0.537207
1.95964,0.537207
1.96263,0.537207
1.96562,0.537207
1.96861,0.537207
1.9716,0.537208
1.97459,0.537208
1.97758,0.537208
1.98057,0.537208
1.98356,0.537208
1.98655,0.537208
1.98954,0.537208
1.99253,0.537208
1.99552,0.537208
1.99851,0.537208
