0.00151745,0
0.00455235,1.35769e-08
0.00758725,2.82172e-08
0.0106222,4.40007e-08
0.0136571,6.10126e-08
0.016692,7.93444e-08
0.0197269,9.90938e-08
0.0227618,1.20366e-07
0.0257967,1.43272e-07
0.0288316,1.67933e-07
0.0318665,1.94477e-07
0.0349014,2.2304e-07
0.0379363,2.5377e-07
0.0409712,2.86823e-07
0.0440061,3.22367e-07
0.047041,3.6058e-07
0.0500759,4.01654e-07
0.0531108,4.45792e-07
0.0561457,4.93213e-07
0.0591806,5.44148e-07
0.0622155,5.98846e-07
0.0652504,6.5757e-07
0.0682853,7.20604e-07
0.0713202,7.88246e-07
0.0743551,8.60819e-07
0.07739,9.38663e-07
0.0804249,1.02214e-06
0.0834598,1.11164e-06
0.0864947,1.20758e-06
0.0895296,1.31038e-06
0.0925645,1.42053e-06
0.0955994,1.53852e-06
0.0986343,1.66487e-06
0.101669,1.80015e-06
0.104704,1.94495e-06
0.107739,2.09992e-06
0.110774,2.26572e-06
0.113809,2.44307e-06
0.116844,2.63273e-06
0.119879,2.83552e-06
0.122914,3.05228e-06
0.125948,3.28394e-06
0.128983,3.53145e-06
0.132018,3.79583e-06
0.135053,4.07818e-06
0.138088,4.37965e-06
0.141123,4.70146e-06
0.144158,5.04489e-06
0.147193,5.41133e-06
0.150228,5.80221e-06
0.153263,6.21907e-06
0.156297,6.66355e-06
0.159332,7.13735e-06
0.162367,7.6423e-06
0.165402,8.18032e-06
0.168437,8.75345e-06
0.171472,9.36383e-06
0.174507,1.00137e-05
0.177542,1.07056e-05
0.180577,1.14419e-05
0.183612,1.22253e-05
0.186646,1.30587e-05
0.189681,1.39451e-05
0.192716,1.48875e-05
0.195751,1.58894e-05
0.198786,1.69542e-05
0.201821,1.80855e-05
0.204856,1.92874e-05
0.207891,2.05639e-05
0.210926,2.19193e-05
0.213961,2.33581e-05
0.216995,2.48852e-05
0.22003,2.65056e-05
0.223065,2.82245e-05
0.2261,3.00477e-05
0.229135,3.19808e-05
0.23217,3.40302e-05
0.235205,3.62022e-05
0.23824,3.85038e-05
0.241275,4.0942e-05
0.24431,4.35243e-05
0.247344,4.62588e-05
0.250379,4.91536e-05
0.253414,5.22175e-05
0.256449,5.54596e-05
0.259484,5.88895e-05
0.262519,6.25171e-05
0.265554,6.63531e-05
0.268589,7.04084e-05
0.271624,7.46947e-05
0.274659,7.92239e-05
0.277693,8.40089e-05
0.280728,8.90629e-05
0.283763,9.43996e-05
0.286798,0.000100034
0.289833,0.000105981
0.292868,0.000112256
0.295903,0.000118876
0.298938,0.000125859
0.301973,0.000133223
0.305008,0.000140986
0.308042,0.000149168
0.311077,0.000157791
0.314112,0.000166875
0.317147,0.000176443
0.320182,0.00018652
0.323217,0.000197128
0.326252,0.000208293
0.329287,0.000220044
0.332322,0.000232406
0.335357,0.000245409
0.338392,0.000259083
0.341426,0.000273459
0.344461,0.00028857
0.347496,0.00030445
0.350531,0.000321133
0.353566,0.000338658
0.356601,0.000357061
0.359636,0.000376383
0.362671,0.000396665
0.365706,0.000417948
0.368741,0.000440279
0.371775,0.000463702
0.37481,0.000488267
0.377845,0.000514021
0.38088,0.000541017
0.383915,0.000569309
0.38695,0.00059895
0.389985,0.00063
0.39302,0.000662516
0.396055,0.000696562
0.39909,0.000732199
0.402124,0.000769494
0.405159,0.000808516
0.408194,0.000849335
0.411229,0.000892023
0.414264,0.000936657
0.417299,0.000983313
0.420334,0.00103207
0.423369,0.00108302
0.426404,0.00113624
0.429439,0.00119182
0.432473,0.00124985
0.435508,0.00131043
0.438543,0.00137365
0.441578,0.00143961
0.444613,0.00150842
0.447648,0.00158019
0.450683,0.00165502
0.453718,0.00173302
0.456753,0.00181432
0.459788,0.00189902
0.462822,0.00198726
0.465857,0.00207917
0.468892,0.00217486
0.471927,0.00227447
0.474962,0.00237814
0.477997,0.00248602
0.481032,0.00259824
0.484067,0.00271495
0.487102,0.00283631
0.490137,0.00296247
0.493171,0.00309359
0.496206,0.00322984
0.499241,0.00337138
0.502276,0.00351838
0.505311,0.00367102
0.508346,0.00382949
0.511381,0.00399395
0.514416,0.00416461
0.517451,0.00434165
0.520486,0.00452528
0.52352,0.00471568
0.526555,0.00491308
0.52959,0.00511766
0.532625,0.00532966
0.53566,0.00554928
0.538695,0.00577676
0.54173,0.00601231
0.544765,0.00625616
0.5478,0.00650856
0.550835,0.00676974
0.553869,0.00703993
0.556904,0.0073194
0.559939,0.00760839
0.562974,0.00790716
0.566009,0.00821597
0.569044,0.00853508
0.572079,0.00886475
0.575114,0.00920527
0.578149,0.0095569
0.581184,0.00991992
0.584219,0.0102946
0.587253,0.0106813
0.590288,0.0110802
0.593323,0.0114917
0.596358,0.011916
0.599393,0.0123535
0.602428,0.0128044
0.605463,0.013269
0.608498,0.0137478
0.611533,0.0142409
0.614568,0.0147487
0.617602,0.0152715
0.620637,0.0158096
0.623672,0.0163634
0.626707,0.0169332
0.629742,0.0175192
0.632777,0.0181219
0.635812,0.0187416
0.638847,0.0193785
0.641882,0.0200331
0.644917,0.0207056
0.647951,0.0213964
0.650986,0.0221058
0.654021,0.0228341
0.657056,0.0235818
0.660091,0.024349
0.663126,0.0251363
0.666161,0.0259438
0.669196,0.0267719
0.672231,0.027621
0.675266,0.0284914
0.6783,0.0293833
0.681335,0.0302972
0.68437,0.0312334
0.687405,0.0321921
0.69044,0.0331738
0.693475,0.0341786
0.69651,0.035207
0.699545,0.0362592
0.70258,0.0373355
0.705615,0.0384363
0.708649,0.0395618
0.711684,0.0407124
0.714719,0.0418882
0.717754,0.0430897
0.720789,0.044317
0.723824,0.0455704
0.726859,0.0468503
0.729894,0.0481568
0.732929,0.0494901
0.735964,0.0508507
0.738998,0.0522386
0.742033,0.053654
0.745068,0.0550973
0.748103,0.0565687
0.751138,0.0580682
0.754173,0.0595961
0.757208,0.0611527
0.760243,0.062738
0.763278,0.0643522
0.766313,0.0659954
0.769347,0.0676679
0.772382,0.0693697
0.775417,0.0711009
0.778452,0.0728617
0.781487,0.0746522
0.784522,0.0764723
0.787557,0.0783223
0.790592,0.0802021
0.793627,0.0821117
0.796662,0.0840513
0.799697,0.0860209
0.802731,0.0880203
0.805766,0.0900497
0.808801,0.0921089
0.811836,0.094198
0.814871,0.0963169
0.817906,0.0984656
0.820941,0.100644
0.823976,0.102852
0.827011,0.105089
0.830046,0.107355
0.83308,0.109651
0.836115,0.111976
0.83915,0.114329
0.842185,0.116711
0.84522,0.119122
0.848255,0.121561
0.85129,0.124027
0.854325,0.126522
0.85736,0.129044
0.860395,0.131593
0.863429,0.134168
0.866464,0.136771
0.869499,0.139399
0.872534,0.142054
0.875569,0.144733
0.878604,0.147438
0.881639,0.150168
0.884674,0.152922
0.887709,0.1557
0.890744,0.158501
0.893778,0.161326
0.896813,0.164173
0.899848,0.167041
0.902883,0.169932
0.905918,0.172843
0.908953,0.175775
0.911988,0.178727
0.915023,0.181699
0.918058,0.184689
0.921093,0.187698
0.924127,0.190724
0.927162,0.193768
0.930197,0.196828
0.933232,0.199903
0.936267,0.202994
0.939302,0.2061
0.942337,0.20922
0.945372,0.212353
0.948407,0.215499
0.951442,0.218656
0.954476,0.221825
0.957511,0.225005
0.960546,0.228194
0.963581,0.231393
0.966616,0.2346
0.969651,0.237815
0.972686,0.241037
0.975721,0.244265
0.978756,0.247499
0.981791,0.250738
0.984825,0.25398
0.98786,0.257227
0.990895,0.260475
0.99393,0.263726
0.996965,0.266978
1,0.27023
1.00303,0.273482
1.00607,0.276732
1.0091,0.279981
1.01214,0.283227
1.01517,0.28647
1.01821,0.289709
1.02124,0.292942
1.02428,0.296171
1.02731,0.299393
1.03035,0.302608
1.03338,0.305815
1.03642,0.309013
1.03945,0.312203
1.04249,0.315382
1.04552,0.318551
1.04856,0.321709
1.05159,0.324855
1.05463,0.327988
1.05766,0.331107
1.0607,0.334213
1.06373,0.337304
1.06677,0.34038
1.0698,0.34344
1.07284,0.346484
1.07587,0.34951
1.07891,0.352519
1.08194,0.355509
1.08498,0.35848
1.08801,0.361432
1.09105,0.364364
1.09408,0.367276
1.09712,0.370166
1.10015,0.373035
1.10319,0.375882
1.10622,0.378706
1.10926,0.381508
1.11229,0.384286
1.11533,0.38704
1.11836,0.389769
1.1214,0.392474
1.12443,0.395154
1.12747,0.397808
1.1305,0.400437
1.13354,0.403039
1.13657,0.405615
1.13961,0.408164
1.14264,0.410686
1.14568,0.41318
1.14871,0.415647
1.15175,0.418086
1.15478,0.420496
1.15781,0.422878
1.16085,0.425232
1.16388,0.427557
1.16692,0.429852
1.16995,0.432119
1.17299,0.434356
1.17602,0.436564
1.17906,0.438742
1.18209,0.440891
1.18513,0.44301
1.18816,0.445099
1.1912,0.447158
1.19423,0.449187
1.19727,0.451187
1.2003,0.453156
1.20334,0.455096
1.20637,0.457006
1.20941,0.458885
1.21244,0.460735
1.21548,0.462555
1.21851,0.464346
1.22155,0.466107
1.22458,0.467838
1.22762,0.46954
1.23065,0.471212
1.23369,0.472856
1.23672,0.47447
1.23976,0.476055
1.24279,0.477612
1.24583,0.479139
1.24886,0.480639
1.2519,0.48211
1.25493,0.483554
1.25797,0.484969
1.261,0.486357
1.26404,0.487718
1.26707,0.489051
1.27011,0.490357
1.27314,0.491637
1.27618,0.492891
1.27921,0.494118
1.28225,0.495319
1.28528,0.496495
1.28832,0.497646
1.29135,0.498771
1.29439,0.499872
1.29742,0.500948
1.30046,0.502001
1.30349,0.503029
1.30653,0.504034
1.30956,0.505016
1.31259,0.505974
1.31563,0.50691
1.31866,0.507824
1.3217,0.508716
1.32473,0.509587
1.32777,0.510436
1.3308,0.511264
1.33384,0.512071
1.33687,0.512859
1.33991,0.513626
1.34294,0.514374
1.34598,0.515102
1.34901,0.515811
1.35205,0.516502
1.35508,0.517175
1.35812,0.517829
1.36115,0.518466
1.36419,0.519086
1.36722,0.519688
1.37026,0.520274
1.37329,0.520844
1.37633,0.521398
1.37936,0.521936
1.3824,0.522459
1.38543,0.522967
1.38847,0.52346
1.3915,0.523939
1.39454,0.524403
1.39757,0.524854
1.40061,0.525292
1.40364,0.525716
1.40668,0.526127
1.40971,0.526526
1.41275,0.526913
1.41578,0.527288
1.41882,0.527651
1.42185,0.528002
1.42489,0.528343
1.42792,0.528673
1.43096,0.528992
1.43399,0.5293
1.43703,0.529599
1.44006,0.529888
1.4431,0.530168
1.44613,0.530438
1.44917,0.530699
1.4522,0.530951
1.45524,0.531195
1.45827,0.531431
1.46131,0.531658
1.46434,0.531878
1.46737,0.53209
1.47041,0.532295
1.47344,0.532492
1.47648,0.532682
1.47951,0.532866
1.48255,0.533043
1.48558,0.533214
1.48862,0.533378
1.49165,0.533537
1.49469,0.533689
1.49772,0.533836
1.50076,0.533978
1.50379,0.534114
1.50683,0.534245
1.50986,0.534371
1.5129,0.534493
1.51593,0.534609
1.51897,0.534722
1.522,0.53483
1.52504,0.534933
1.52807,0.535033
1.53111,0.535128
1.53414,0.53522
1.53718,0.535309
1.54021,0.535393
1.54325,0.535475
1.54628,0.535553
1.54932,0.535627
1.55235,0.535699
1.55539,0.535768
1.55842,0.535834
1.56146,0.535897
1.56449,0.535958
1.56753,0.536016
1.57056,0.536071
1.5736,0.536125
1.57663,0.536176
1.57967,0.536224
1.5827,0.536271
1.58574,0.536316
1.58877,0.536358
1.59181,0.536399
1.59484,0.536438
1.59788,0.536475
1.60091,0.536511
1.60395,0.536545
1.60698,0.536578
1.61002,0.536609
1.61305,0.536638
1.61608,0.536667
1.61912,0.536694
1.62215,0.536719
1.62519,0.536744
1.62822,0.536767
1.63126,0.53679
1.63429,0.536811
1.63733,0.536831
1.64036,0.536851
1.6434,0.536869
1.64643,0.536887
1.64947,0.536903
1.6525,0.536919
1.65554,0.536934
1.65857,0.536949
1.66161,0.536962
1.66464,0.536975
1.66768,0.536988
1.67071,0.536999
1.67375,0.537011
1.67678,0.537021
1.67982,0.537031
1.68285,0.537041
1.68589,0.53705
1.68892,0.537058
1.69196,0.537067
1.69499,0.537074
1.69803,0.537082
1.70106,0.537089
1.7041,0.537095
1.70713,0.537102
1.71017,0.537108
1.7132,0.537113
1.71624,0.537119
1.71927,0.537124
1.72231,0.537128
1.72534,0.537133
1.72838,0.537137
1.73141,0.537141
1.73445,0.537145
1.73748,0.537149
1.74052,0.537152
1.74355,0.537155
1.74659,0.537159
1.74962,0.537161
1.75266,0.537164
1.75569,0.537167
1.75873,0.537169
1.76176,0.537171
1.7648,0.537174
1.76783,0.537176
1.77086,0.537178
1.7739,0.537179
1.77693,0.537181
1.77997,0.537183
1.783,0.537184
1.78604,0.537186
1.78907,0.537187
1.79211,0.537188
1.79514,0.53719
1.79818,0.537191
1.80121,0.537192
1.80425,0.537193
1.80728,0.537194
1.81032,0.537195
1.81335,0.537195
1.81639,0.537196
1.81942,0.537197
1.82246,0.537198
1.82549,0.537198
1.82853,0.537199
1.83156,0.537199
1.8346,0.5372
1.83763,0.537201
1.84067,0.537201
1.8437,0.537201
1.84674,0.537202
1.84977,0.537202
1.85281,0.537203
1.85584,0.537203
1.85888,0.537203
1.86191,0.537204
1.86495,0.537204
1.86798,0.537204
1.87102,0.537204
1.87405,0.537205
1.87709,0.537205
1.88012,0.537205
1.88316,0.537205
1.88619,0.537205
1.88923,0.537206
1.89226,0.537206
1.8953,0.537206
1.89833,0.537206
1.90137,0.537206
1.9044,0.537206
1.90744,0.537206
1.91047,0.537206
1.91351,0.537207
1.91654,0.537207
1.91958,0.537207
1.92261,0.537207
1.92564,0.537207
1.92868,0.537207
1.93171,0.537207
1.93475,0.537207
1.93778,0.537207
1.94082,0.537207
1.94385,0.537207
1.94689,0.537207
1.94992,0.537207
1.95296,0.537207
1.95599,0.537207
1.95903,0.537207
1.96206,0.537207
1.9651,0.537207
1.96813,0.537207
1.97117,0.537208
1.9742,0.537208
1.97724,0.537208
1.98027,0.537208
1.98331,0.537208
1.98634,0.537208
1.98938,0.537208
1.99241,0.537208
1.99545,0.537208
1.99848,0.537208
