0.00125,0
0.00375,1.09628e-08
0.00625,2.26289e-08
0.00875,3.50417e-08
0.01125,4.82467e-08
0.01375,6.22924e-08
0.01625,7.723e-08
0.01875,9.31136e-08
0.02125,1.1e-07
0.02375,1.27951e-07
0.02625,1.4703e-07
0.02875,1.67304e-07
0.03125,1.88845e-07
0.03375,2.11729e-07
0.03625,2.36036e-07
0.03875,2.6185e-07
0.04125,2.8926e-07
0.04375,3.18361e-07
0.04625,3.49251e-07
0.04875,3.82036e-07
0.05125,4.16827e-07
0.05375,4.5374e-07
0.05625,4.92899e-07
0.05875,5.34434e-07
0.06125,5.78482e-07
0.06375,6.25188e-07
0.06625,6.74705e-07
0.06875,7.27194e-07
0.07125,7.82824e-07
0.07375,8.41774e-07
0.07625,9.04233e-07
0.07875,9.70399e-07
0.08125,1.04048e-06
0.08375,1.1147e-06
0.08625,1.19328e-06
0.08875,1.27648e-06
0.09125,1.36455e-06
0.09375,1.45776e-06
0.09625,1.55639e-06
0.09875,1.66074e-06
0.10125,1.77113e-06
0.10375,1.88789e-06
0.10625,2.01137e-06
0.10875,2.14193e-06
0.11125,2.27996e-06
0.11375,2.42587e-06
0.11625,2.58007e-06
0.11875,2.74301e-06
0.12125,2.91517e-06
0.12375,3.09703e-06
0.12625,3.28912e-06
0.12875,3.49197e-06
0.13125,3.70616e-06
0.13375,3.93228e-06
0.13625,4.17096e-06
0.13875,4.42286e-06
0.14125,4.68867e-06
0.14375,4.96912e-06
0.14625,5.26496e-06
0.14875,5.57699e-06
0.15125,5.90604e-06
0.15375,6.253e-06
0.15625,6.61877e-06
0.15875,7.00431e-06
0.16125,7.41064e-06
0.16375,7.8388e-06
0.16625,8.2899e-06
0.16875,8.7651e-06
0.17125,9.26559e-06
0.17375,9.79266e-06
0.17625,1.03476e-05
0.17875,1.09318e-05
0.18125,1.15468e-05
0.18375,1.2194e-05
0.18625,1.2875e-05
0.18875,1.35914e-05
0.19125,1.43451e-05
0.19375,1.51378e-05
0.19625,1.59714e-05
0.19875,1.68479e-05
0.20125,1.77693e-05
0.20375,1.87378e-05
0.20625,1.97557e-05
0.20875,2.08252e-05
0.21125,2.19489e-05
0.21375,2.31292e-05
0.21625,2.43689e-05
0.21875,2.56708e-05
0.22125,2.70376e-05
0.22375,2.84726e-05
0.22625,2.99787e-05
0.22875,3.15594e-05
0.23125,3.3218e-05
0.23375,3.49581e-05
0.23625,3.67834e-05
0.23875,3.86978e-05
0.24125,4.07053e-05
0.24375,4.28102e-05
0.24625,4.50168e-05
0.24875,4.73296e-05
0.25125,4.97534e-05
0.25375,5.22931e-05
0.25625,5.49539e-05
0.25875,5.77411e-05
0.26125,6.06602e-05
0.26375,6.37171e-05
0.26625,6.69176e-05
0.26875,7.0268e-05
0.27125,7.37749e-05
0.27375,7.74448e-05
0.27625,8.1285e-05
0.27875,8.53024e-05
0.28125,8.95048e-05
0.28375,9.39e-05
0.28625,9.8496e-05
0.28875,0.000103301
0.29125,0.000108325
0.29375,0.000113575
0.29625,0.000119062
0.29875,0.000124795
0.30125,0.000130785
0.30375,0.000137041
0.30625,0.000143576
0.30875,0.000150399
0.31125,0.000157523
0.31375,0.00016496
0.31625,0.000172722
0.31875,0.000180822
0.32125,0.000189274
0.32375,0.000198092
0.32625,0.000207289
0.32875,0.000216882
0.33125,0.000226884
0.33375,0.000237313
0.33625,0.000248184
0.33875,0.000259515
0.34125,0.000271323
0.34375,0.000283627
0.34625,0.000296444
0.34875,0.000309795
0.35125,0.0003237
0.35375,0.000338179
0.35625,0.000353253
0.35875,0.000368945
0.36125,0.000385278
0.36375,0.000402274
0.36625,0.000419958
0.36875,0.000438356
0.37125,0.000457492
0.37375,0.000477394
0.37625,0.000498089
0.37875,0.000519604
0.38125,0.00054197
0.38375,0.000565216
0.38625,0.000589373
0.38875,0.000614472
0.39125,0.000640547
0.39375,0.000667631
0.39625,0.000695758
0.39875,0.000724965
0.40125,0.000755288
0.40375,0.000786765
0.40625,0.000819434
0.40875,0.000853336
0.41125,0.000888511
0.41375,0.000925002
0.41625,0.000962852
0.41875,0.00100211
0.42125,0.00104281
0.42375,0.00108501
0.42625,0.00112875
0.42875,0.00117408
0.43125,0.00122106
0.43375,0.00126974
0.43625,0.00132016
0.43875,0.00137239
0.44125,0.00142649
0.44375,0.00148249
0.44625,0.00154048
0.44875,0.0016005
0.45125,0.00166262
0.45375,0.00172691
0.45625,0.00179342
0.45875,0.00186222
0.46125,0.00193339
0.46375,0.00200699
0.46625,0.00208309
0.46875,0.00216177
0.47125,0.00224309
0.47375,0.00232714
0.47625,0.002414
0.47875,0.00250374
0.48125,0.00259644
0.48375,0.00269219
0.48625,0.00279108
0.48875,0.00289318
0.49125,0.00299859
0.49375,0.00310739
0.49625,0.00321969
0.49875,0.00333556
0.50125,0.00345512
0.50375,0.00357845
0.50625,0.00370566
0.50875,0.00383684
0.51125,0.0039721
0.51375,0.00411155
0.51625,0.00425529
0.51875,0.00440343
0.52125,0.00455608
0.52375,0.00471336
0.52625,0.00487537
0.52875,0.00504224
0.53125,0.00521409
0.53375,0.00539103
0.53625,0.00557319
0.53875,0.00576069
0.54125,0.00595365
0.54375,0.00615222
0.54625,0.00635652
0.54875,0.00656667
0.55125,0.00678282
0.55375,0.0070051
0.55625,0.00723365
0.55875,0.00746861
0.56125,0.00771011
0.56375,0.00795832
0.56625,0.00821336
0.56875,0.0084754
0.57125,0.00874457
0.57375,0.00902102
0.57625,0.00930492
0.57875,0.00959642
0.58125,0.00989567
0.58375,0.0102028
0.58625,0.0105181
0.58875,0.0108415
0.59125,0.0111734
0.59375,0.0115138
0.59625,0.011863
0.59875,0.012221
0.60125,0.0125881
0.60375,0.0129645
0.60625,0.0133502
0.60875,0.0137455
0.61125,0.0141506
0.61375,0.0145656
0.61625,0.0149908
0.61875,0.0154262
0.62125,0.015872
0.62375,0.0163286
0.62625,0.0167959
0.62875,0.0172742
0.63125,0.0177638
0.63375,0.0182647
0.63625,0.0187772
0.63875,0.0193014
0.64125,0.0198375
0.64375,0.0203858
0.64625,0.0209464
0.64875,0.0215194
0.65125,0.0221051
0.65375,0.0227037
0.65625,0.0233153
0.65875,0.0239402
0.66125,0.0245785
0.66375,0.0252304
0.66625,0.0258961
0.66875,0.0265757
0.67125,0.0272695
0.67375,0.0279777
0.67625,0.0287004
0.67875,0.0294378
0.68125,0.0301901
0.68375,0.0309575
0.68625,0.0317402
0.68875,0.0325383
0.69125,0.033352
0.69375,0.0341815
0.69625,0.0350269
0.69875,0.0358885
0.70125,0.0367664
0.70375,0.0376608
0.70625,0.0385718
0.70875,0.0394996
0.71125,0.0404444
0.71375,0.0414064
0.71625,0.0423856
0.71875,0.0433822
0.72125,0.0443965
0.72375,0.0454285
0.72625,0.0464784
0.72875,0.0475463
0.73125,0.0486324
0.73375,0.0497368
0.73625,0.0508596
0.73875,0.0520011
0.74125,0.0531612
0.74375,0.0543401
0.74625,0.055538
0.74875,0.0567549
0.75125,0.057991
0.75375,0.0592464
0.75625,0.0605212
0.75875,0.0618154
0.76125,0.0631291
0.76375,0.0644626
0.76625,0.0658157
0.76875,0.0671887
0.77125,0.0685815
0.77375,0.0699943
0.77625,0.071427
0.77875,0.0728799
0.78125,0.0743529
0.78375,0.075846
0.78625,0.0773593
0.78875,0.0788929
0.79125,0.0804467
0.79375,0.0820208
0.79625,0.0836152
0.79875,0.0852299
0.80125,0.0868649
0.80375,0.0885202
0.80625,0.0901958
0.80875,0.0918917
0.81125,0.0936079
0.81375,0.0953443
0.81625,0.0971008
0.81875,0.0988776
0.82125,0.100674
0.82375,0.102491
0.82625,0.104328
0.82875,0.106185
0.83125,0.108062
0.83375,0.109958
0.83625,0.111874
0.83875,0.113809
0.84125,0.115764
0.84375,0.117739
0.84625,0.119732
0.84875,0.121745
0.85125,0.123777
0.85375,0.125827
0.85625,0.127896
0.85875,0.129984
0.86125,0.13209
0.86375,0.134214
0.86625,0.136356
0.86875,0.138516
0.87125,0.140694
0.87375,0.142889
0.87625,0.145101
0.87875,0.14733
0.88125,0.149576
0.88375,0.151839
0.88625,0.154118
0.88875,0.156412
0.89125,0.158723
0.89375,0.16105
0.89625,0.163391
0.89875,0.165748
0.90125,0.16812
0.90375,0.170506
0.90625,0.172906
0.90875,0.17532
0.91125,0.177748
0.91375,0.180189
0.91625,0.182643
0.91875,0.18511
0.92125,0.187589
0.92375,0.19008
0.92625,0.192583
0.92875,0.195097
0.93125,0.197622
0.93375,0.200158
0.93625,0.202704
0.93875,0.20526
0.94125,0.207826
0.94375,0.210401
0.94625,0.212985
0.94875,0.215578
0.95125,0.218178
0.95375,0.220786
0.95625,0.223402
0.95875,0.226025
0.96125,0.228654
0.96375,0.231289
0.96625,0.23393
0.96875,0.236577
0.97125,0.239228
0.97375,0.241884
0.97625,0.244544
0.97875,0.247208
0.98125,0.249875
0.98375,0.252545
0.98625,0.255218
0.98875,0.257892
0.99125,0.260569
0.99375,0.263246
0.99625,0.265925
0.99875,0.268604
1.00125,0.271283
1.00375,0.273961
1.00625,0.276639
1.00875,0.279315
1.01125,0.28199
1.01375,0.284663
1.01625,0.287333
1.01875,0.29
1.02125,0.292664
1.02375,0.295324
1.02625,0.29798
1.02875,0.300631
1.03125,0.303278
1.03375,0.305919
1.03625,0.308554
1.03875,0.311183
1.04125,0.313806
1.04375,0.316421
1.04625,0.319029
1.04875,0.32163
1.05125,0.324222
1.05375,0.326806
1.05625,0.329381
1.05875,0.331947
1.06125,0.334503
1.06375,0.33705
1.06625,0.339586
1.06875,0.342111
1.07125,0.344625
1.07375,0.347128
1.07625,0.349619
1.07875,0.352098
1.08125,0.354565
1.08375,0.357019
1.08625,0.35946
1.08875,0.361888
1.09125,0.364302
1.09375,0.366702
1.09625,0.369088
1.09875,0.37146
1.10125,0.373816
1.10375,0.376158
1.10625,0.378484
1.10875,0.380795
1.11125,0.38309
1.11375,0.385369
1.11625,0.387632
1.11875,0.389878
1.12125,0.392107
1.12375,0.394319
1.12625,0.396514
1.12875,0.398692
1.13125,0.400852
1.13375,0.402994
1.13625,0.405118
1.13875,0.407224
1.14125,0.409311
1.14375,0.411381
1.14625,0.413431
1.14875,0.415463
1.15125,0.417475
1.15375,0.419469
1.15625,0.421443
1.15875,0.423398
1.16125,0.425334
1.16375,0.42725
1.16625,0.429146
1.16875,0.431023
1.17125,0.43288
1.17375,0.434716
1.17625,0.436533
1.17875,0.43833
1.18125,0.440107
1.18375,0.441863
1.18625,0.4436
1.18875,0.445316
1.19125,0.447012
1.19375,0.448687
1.19625,0.450343
1.19875,0.451978
1.20125,0.453593
1.20375,0.455187
1.20625,0.456761
1.20875,0.458315
1.21125,0.459848
1.21375,0.461362
1.21625,0.462855
1.21875,0.464328
1.22125,0.465781
1.22375,0.467213
1.22625,0.468626
1.22875,0.470019
1.23125,0.471392
1.23375,0.472745
1.23625,0.474079
1.23875,0.475392
1.24125,0.476687
1.24375,0.477961
1.24625,0.479217
1.24875,0.480453
1.25125,0.48167
1.25375,0.482868
1.25625,0.484046
1.25875,0.485207
1.26125,0.486348
1.26375,0.487471
1.26625,0.488575
1.26875,0.489661
1.27125,0.490729
1.27375,0.491779
1.27625,0.492811
1.27875,0.493825
1.28125,0.494822
1.28375,0.495801
1.28625,0.496763
1.28875,0.497708
1.29125,0.498636
1.29375,0.499547
1.29625,0.500441
1.29875,0.501319
1.30125,0.502181
1.30375,0.503026
1.30625,0.503856
1.30875,0.504669
1.31125,0.505467
1.31375,0.50625
1.31625,0.507018
1.31875,0.50777
1.32125,0.508507
1.32375,0.50923
1.32625,0.509938
1.32875,0.510632
1.33125,0.511312
1.33375,0.511977
1.33625,0.512629
1.33875,0.513267
1.34125,0.513892
1.34375,0.514504
1.34625,0.515103
1.34875,0.515688
1.35125,0.516261
1.35375,0.516822
1.35625,0.51737
1.35875,0.517906
1.36125,0.51843
1.36375,0.518943
1.36625,0.519444
1.36875,0.519933
1.37125,0.520412
1.37375,0.520879
1.37625,0.521336
1.37875,0.521782
1.38125,0.522217
1.38375,0.522642
1.38625,0.523057
1.38875,0.523462
1.39125,0.523857
1.39375,0.524243
1.39625,0.52462
1.39875,0.524987
1.40125,0.525345
1.40375,0.525694
1.40625,0.526034
1.40875,0.526366
1.41125,0.52669
1.41375,0.527005
1.41625,0.527312
1.41875,0.527611
1.42125,0.527903
1.42375,0.528187
1.42625,0.528463
1.42875,0.528732
1.43125,0.528994
1.43375,0.529249
1.43625,0.529498
1.43875,0.529739
1.44125,0.529974
1.44375,0.530203
1.44625,0.530425
1.44875,0.530641
1.45125,0.530851
1.45375,0.531055
1.45625,0.531254
1.45875,0.531447
1.46125,0.531634
1.46375,0.531817
1.46625,0.531994
1.46875,0.532165
1.47125,0.532332
1.47375,0.532494
1.47625,0.532652
1.47875,0.532804
1.48125,0.532952
1.48375,0.533096
1.48625,0.533236
1.48875,0.533371
1.49125,0.533502
1.49375,0.533629
1.49625,0.533753
1.49875,0.533872
1.50125,0.533988
1.50375,0.5341
1.50625,0.534209
1.50875,0.534314
1.51125,0.534417
1.51375,0.534515
1.51625,0.534611
1.51875,0.534704
1.52125,0.534794
1.52375,0.534881
1.52625,0.534965
1.52875,0.535046
1.53125,0.535125
1.53375,0.535201
1.53625,0.535274
1.53875,0.535345
1.54125,0.535414
1.54375,0.535481
1.54625,0.535545
1.54875,0.535607
1.55125,0.535667
1.55375,0.535725
1.55625,0.535781
1.55875,0.535835
1.56125,0.535888
1.56375,0.535938
1.56625,0.535987
1.56875,0.536034
1.57125,0.536079
1.57375,0.536123
1.57625,0.536165
1.57875,0.536206
1.58125,0.536245
1.58375,0.536283
1.58625,0.536319
1.58875,0.536354
1.59125,0.536388
1.59375,0.536421
1.59625,0.536452
1.59875,0.536483
1.60125,0.536512
1.60375,0.53654
1.60625,0.536567
1.60875,0.536593
1.61125,0.536618
1.61375,0.536642
1.61625,0.536666
1.61875,0.536688
1.62125,0.53671
1.62375,0.53673
1.62625,0.53675
1.62875,0.536769
1.63125,0.536788
1.63375,0.536805
1.63625,0.536822
1.63875,0.536839
1.64125,0.536854
1.64375,0.536869
1.64625,0.536884
1.64875,0.536898
1.65125,0.536911
1.65375,0.536924
1.65625,0.536936
1.65875,0.536948
1.66125,0.536959
1.66375,0.53697
1.66625,0.536981
1.66875,0.536991
1.67125,0.537
1.67375,0.53701
1.67625,0.537018
1.67875,0.537027
1.68125,0.537035
1.68375,0.537043
1.68625,0.53705
1.68875,0.537057
1.69125,0.537064
1.69375,0.537071
1.69625,0.537077
1.69875,0.537083
1.70125,0.537089
1.70375,0.537094
1.70625,0.537099
1.70875,0.537104
1.71125,0.537109
1.71375,0.537114
1.71625,0.537118
1.71875,0.537122
1.72125,0.537126
1.72375,0.53713
1.72625,0.537134
1.72875,0.537137
1.73125,0.537141
1.73375,0.537144
1.73625,0.537147
1.73875,0.53715
1.74125,0.537153
1.74375,0.537155
1.74625,0.537158
1.74875,0.53716
1.75125,0.537163
1.75375,0.537165
1.75625,0.537167
1.75875,0.537169
1.76125,0.537171
1.76375,0.537173
1.76625,0.537174
1.76875,0.537176
1.77125,0.537178
1.77375,0.537179
1.77625,0.537181
1.77875,0.537182
1.78125,0.537183
1.78375,0.537185
1.78625,0.537186
1.78875,0.537187
1.79125,0.537188
1.79375,0.537189
1.79625,0.53719
1.79875,0.537191
1.80125,0.537192
1.80375,0.537193
1.80625,0.537193
1.80875,0.537194
1.81125,0.537195
1.81375,0.537195
1.81625,0.537196
1.81875,0.537197
1.82125,0.537197
1.82375,0.537198
1.82625,0.537198
1.82875,0.537199
1.83125,0.537199
1.83375,0.5372
1.83625,0.5372
1.83875,0.537201
1.84125,0.537201
1.84375,0.537201
1.84625,0.537202
1.84875,0.537202
1.85125,0.537202
1.85375,0.537203
1.85625,0.537203
1.85875,0.537203
1.86125,0.537203
1.86375,0.537204
1.86625,0.537204
1.86875,0.537204
1.87125,0.537204
1.87375,0.537205
1.87625,0.537205
1.87875,0.537205
1.88125,0.537205
1.88375,0.537205
1.88625,0.537205
1.88875,0.537206
1.89125,0.537206
1.89375,0.537206
1.89625,0.537206
1.89875,0.537206
1.90125,0.537206
1.90375,0.537206
1.90625,0.537206
1.90875,0.537206
1.91125,0.537206
1.91375,0.537207
1.91625,0.537207
1.91875,0.537207
1.92125,0.537207
1.92375,0.537207
1.92625,0.537207
1.92875,0.537207
1.93125,0.537207
1.93375,0.537207
1.93625,0.537207
1.93875,0.537207
1.94125,0.537207
1.94375,0.537207
1.94625,0.537207
1.94875,0.537207
1.95125,0.537207
1.95375,0.537207
1.95625,0.537207
1.95875,0.537207
1.96125,0.537207
1.96375,0.537207
1.96625,0.537207
1.96875,0.537207
1.97125,0.537208
1.97375,0.537208
1.97625,0.537208
1.97875,0.537208
1.98125,0.537208
1.98375,0.537208
1.98625,0.537208
1.98875,0.537208
1.99125,0.537208
1.99375,0.537208
1.99625,0.537208
1.99875,0.537208
