0.00147059,0
0.00441176,1.31116e-08
0.00735294,2.72176e-08
0.0102941,4.239e-08
0.0132353,5.87059e-08
0.0161765,7.62478e-08
0.0191176,9.51036e-08
0.0220588,1.15367e-07
0.025,1.3714e-07
0.0279412,1.60528e-07
0.0308824,1.85646e-07
0.0338235,2.12616e-07
0.0367647,2.41569e-07
0.0397059,2.72644e-07
0.0426471,3.05988e-07
0.0455882,3.4176e-07
0.0485294,3.80129e-07
0.0514706,4.21274e-07
0.0544118,4.65386e-07
0.0573529,5.1267e-07
0.0602941,5.63341e-07
0.0632353,6.17631e-07
0.0661765,6.75787e-07
0.0691176,7.38069e-07
0.0720588,8.04756e-07
0.075,8.76145e-07
0.0779412,9.52549e-07
0.0808824,1.03431e-06
0.0838235,1.12177e-06
0.0867647,1.21531e-06
0.0897059,1.31535e-06
0.0926471,1.4223e-06
0.0955882,1.53661e-06
0.0985294,1.65877e-06
0.101471,1.78929e-06
0.104412,1.9287e-06
0.107353,2.07759e-06
0.110294,2.23657e-06
0.113235,2.40627e-06
0.116176,2.58739e-06
0.119118,2.78065e-06
0.122059,2.98682e-06
0.125,3.20671e-06
0.127941,3.44119e-06
0.130882,3.69117e-06
0.133824,3.95762e-06
0.136765,4.24156e-06
0.139706,4.54407e-06
0.142647,4.8663e-06
0.145588,5.20947e-06
0.148529,5.57484e-06
0.151471,5.96378e-06
0.154412,6.37771e-06
0.157353,6.81815e-06
0.160294,7.28669e-06
0.163235,7.78502e-06
0.166176,8.31492e-06
0.169118,8.87826e-06
0.172059,9.47702e-06
0.175,1.01133e-05
0.177941,1.07893e-05
0.180882,1.15073e-05
0.183824,1.22699e-05
0.186765,1.30795e-05
0.189706,1.39389e-05
0.192647,1.4851e-05
0.195588,1.58187e-05
0.198529,1.68453e-05
0.201471,1.79341e-05
0.204412,1.90886e-05
0.207353,2.03126e-05
0.210294,2.16098e-05
0.213235,2.29845e-05
0.216176,2.44409e-05
0.219118,2.59835e-05
0.222059,2.76171e-05
0.225,2.93467e-05
0.227941,3.11775e-05
0.230882,3.3115e-05
0.233824,3.51651e-05
0.236765,3.73337e-05
0.239706,3.96273e-05
0.242647,4.20524e-05
0.245588,4.46162e-05
0.248529,4.73259e-05
0.251471,5.01893e-05
0.254412,5.32143e-05
0.257353,5.64095e-05
0.260294,5.97836e-05
0.263235,6.33459e-05
0.266176,6.71062e-05
0.269118,7.10744e-05
0.272059,7.52614e-05
0.275,7.9678e-05
0.277941,8.4336e-05
0.280882,8.92474e-05
0.283824,9.4425e-05
0.286765,9.98819e-05
0.289706,0.000105632
0.292647,0.00011169
0.295588,0.00011807
0.298529,0.000124789
0.301471,0.000131863
0.304412,0.000139309
0.307353,0.000147145
0.310294,0.000155389
0.313235,0.000164061
0.316176,0.000173182
0.319118,0.000182771
0.322059,0.000192852
0.325,0.000203447
0.327941,0.00021458
0.330882,0.000226276
0.333824,0.00023856
0.336765,0.000251459
0.339706,0.000265002
0.342647,0.000279217
0.345588,0.000294134
0.348529,0.000309784
0.351471,0.000326201
0.354412,0.000343418
0.357353,0.00036147
0.360294,0.000380394
0.363235,0.000400226
0.366176,0.000421007
0.369118,0.000442777
0.372059,0.000465579
0.375,0.000489455
0.377941,0.000514451
0.380882,0.000540615
0.383824,0.000567994
0.386765,0.000596639
0.389706,0.000626601
0.392647,0.000657936
0.395588,0.000690698
0.398529,0.000724946
0.401471,0.000760738
0.404412,0.000798136
0.407353,0.000837204
0.410294,0.000878008
0.413235,0.000920616
0.416176,0.000965097
0.419118,0.00101152
0.422059,0.00105997
0.425,0.00111052
0.427941,0.00116324
0.430882,0.00121822
0.433824,0.00127555
0.436765,0.00133531
0.439706,0.00139758
0.442647,0.00146247
0.445588,0.00153007
0.448529,0.00160047
0.451471,0.00167377
0.454412,0.00175009
0.457353,0.00182952
0.460294,0.00191217
0.463235,0.00199816
0.466176,0.0020876
0.469118,0.00218062
0.472059,0.00227732
0.475,0.00237784
0.477941,0.00248231
0.480882,0.00259086
0.483824,0.00270361
0.486765,0.00282072
0.489706,0.00294231
0.492647,0.00306854
0.495588,0.00319955
0.498529,0.0033355
0.501471,0.00347654
0.504412,0.00362284
0.507353,0.00377454
0.510294,0.00393182
0.513235,0.00409485
0.516176,0.00426381
0.519118,0.00443886
0.522059,0.0046202
0.525,0.004808
0.527941,0.00500245
0.530882,0.00520376
0.533824,0.0054121
0.536765,0.00562768
0.539706,0.00585072
0.542647,0.0060814
0.545588,0.00631995
0.548529,0.00656657
0.551471,0.0068215
0.554412,0.00708494
0.557353,0.00735712
0.560294,0.00763829
0.563235,0.00792865
0.566176,0.00822847
0.569118,0.00853796
0.572059,0.00885739
0.575,0.00918699
0.577941,0.00952702
0.580882,0.00987772
0.583824,0.0102394
0.586765,0.0106122
0.589706,0.0109965
0.592647,0.0113925
0.595588,0.0118006
0.598529,0.0122209
0.601471,0.0126537
0.604412,0.0130994
0.607353,0.0135581
0.610294,0.0140303
0.613235,0.0145161
0.616176,0.0150159
0.619118,0.01553
0.622059,0.0160585
0.625,0.016602
0.627941,0.0171605
0.630882,0.0177345
0.633824,0.0183242
0.636765,0.0189299
0.639706,0.019552
0.642647,0.0201907
0.645588,0.0208463
0.648529,0.0215192
0.651471,0.0222096
0.654412,0.0229179
0.657353,0.0236443
0.660294,0.0243891
0.663235,0.0251527
0.666176,0.0259354
0.669118,0.0267375
0.672059,0.0275592
0.675,0.0284008
0.677941,0.0292627
0.680882,0.0301452
0.683824,0.0310486
0.686765,0.0319731
0.689706,0.032919
0.692647,0.0338866
0.695588,0.0348763
0.698529,0.0358883
0.701471,0.0369228
0.704412,0.0379801
0.707353,0.0390606
0.710294,0.0401645
0.713235,0.041292
0.716176,0.0424434
0.719118,0.043619
0.722059,0.044819
0.725,0.0460436
0.727941,0.0472931
0.730882,0.0485677
0.733824,0.0498676
0.736765,0.0511931
0.739706,0.0525444
0.742647,0.0539216
0.745588,0.0553249
0.748529,0.0567546
0.751471,0.0582109
0.754412,0.0596938
0.757353,0.0612036
0.760294,0.0627404
0.763235,0.0643043
0.766176,0.0658956
0.769118,0.0675143
0.772059,0.0691605
0.775,0.0708343
0.777941,0.0725359
0.780882,0.0742653
0.783824,0.0760226
0.786765,0.0778079
0.789706,0.0796212
0.792647,0.0814626
0.795588,0.083332
0.798529,0.0852295
0.801471,0.0871552
0.804412,0.0891089
0.807353,0.0910908
0.810294,0.0931007
0.813235,0.0951386
0.816176,0.0972045
0.819118,0.0992982
0.822059,0.10142
0.825,0.103569
0.827941,0.105746
0.830882,0.10795
0.833824,0.110182
0.836765,0.112441
0.839706,0.114727
0.842647,0.117039
0.845588,0.119379
0.848529,0.121745
0.851471,0.124137
0.854412,0.126555
0.857353,0.128999
0.860294,0.131468
0.863235,0.133963
0.866176,0.136482
0.869118,0.139027
0.872059,0.141595
0.875,0.144188
0.877941,0.146804
0.880882,0.149443
0.883824,0.152106
0.886765,0.154791
0.889706,0.157498
0.892647,0.160227
0.895588,0.162977
0.898529,0.165748
0.901471,0.168539
0.904412,0.171351
0.907353,0.174182
0.910294,0.177032
0.913235,0.179901
0.916176,0.182787
0.919118,0.185692
0.922059,0.188613
0.925,0.19155
0.927941,0.194504
0.930882,0.197473
0.933824,0.200457
0.936765,0.203455
0.939706,0.206467
0.942647,0.209491
0.945588,0.212529
0.948529,0.215578
0.951471,0.218638
0.954412,0.221709
0.957353,0.22479
0.960294,0.22788
0.963235,0.230979
0.966176,0.234086
0.969118,0.2372
0.972059,0.240321
0.975,0.243448
0.977941,0.246581
0.980882,0.249718
0.983824,0.252859
0.986765,0.256004
0.989706,0.259152
0.992647,0.262301
0.995588,0.265452
0.998529,0.268604
1.00147,0.271755
1.00441,0.274906
1.00735,0.278056
1.01029,0.281203
1.01324,0.284348
1.01618,0.28749
1.01912,0.290627
1.02206,0.29376
1.025,0.296887
1.02794,0.300008
1.03088,0.303122
1.03382,0.306229
1.03676,0.309328
1.03971,0.312418
1.04265,0.315499
1.04559,0.31857
1.04853,0.32163
1.05147,0.324679
1.05441,0.327716
1.05735,0.330741
1.06029,0.333753
1.06324,0.336751
1.06618,0.339735
1.06912,0.342704
1.07206,0.345657
1.075,0.348595
1.07794,0.351516
1.08088,0.35442
1.08382,0.357307
1.08676,0.360176
1.08971,0.363026
1.09265,0.365857
1.09559,0.368668
1.09853,0.37146
1.10147,0.374231
1.10441,0.376981
1.10735,0.37971
1.11029,0.382417
1.11324,0.385102
1.11618,0.387764
1.11912,0.390404
1.12206,0.39302
1.125,0.395613
1.12794,0.398181
1.13088,0.400725
1.13382,0.403245
1.13676,0.405739
1.13971,0.408209
1.14265,0.410653
1.14559,0.413071
1.14853,0.415463
1.15147,0.417829
1.15441,0.420168
1.15735,0.422481
1.16029,0.424767
1.16324,0.427026
1.16618,0.429257
1.16912,0.431462
1.17206,0.433639
1.175,0.435788
1.17794,0.437909
1.18088,0.440003
1.18382,0.442069
1.18676,0.444107
1.18971,0.446117
1.19265,0.448099
1.19559,0.450052
1.19853,0.451978
1.20147,0.453876
1.20441,0.455745
1.20735,0.457586
1.21029,0.4594
1.21324,0.461185
1.21618,0.462942
1.21912,0.464672
1.22206,0.466373
1.225,0.468047
1.22794,0.469693
1.23088,0.471312
1.23382,0.472903
1.23676,0.474467
1.23971,0.476004
1.24265,0.477514
1.24559,0.478997
1.24853,0.480453
1.25147,0.481883
1.25441,0.483286
1.25735,0.484663
1.26029,0.486015
1.26324,0.48734
1.26618,0.48864
1.26912,0.489915
1.27206,0.491164
1.275,0.492389
1.27794,0.493589
1.28088,0.494764
1.28382,0.495916
1.28676,0.497043
1.28971,0.498147
1.29265,0.499228
1.29559,0.500285
1.29853,0.501319
1.30147,0.502331
1.30441,0.503321
1.30735,0.504289
1.31029,0.505235
1.31324,0.506159
1.31618,0.507062
1.31912,0.507945
1.32206,0.508807
1.325,0.509649
1.32794,0.51047
1.33088,0.511272
1.33382,0.512055
1.33676,0.512819
1.33971,0.513563
1.34265,0.51429
1.34559,0.514998
1.34853,0.515688
1.35147,0.516361
1.35441,0.517017
1.35735,0.517656
1.36029,0.518278
1.36324,0.518883
1.36618,0.519473
1.36912,0.520047
1.37206,0.520606
1.375,0.521149
1.37794,0.521678
1.38088,0.522192
1.38382,0.522692
1.38676,0.523177
1.38971,0.52365
1.39265,0.524108
1.39559,0.524554
1.39853,0.524987
1.40147,0.525407
1.40441,0.525815
1.40735,0.526211
1.41029,0.526595
1.41324,0.526968
1.41618,0.52733
1.41912,0.527681
1.42206,0.528021
1.425,0.52835
1.42794,0.52867
1.43088,0.528979
1.43382,0.529279
1.43676,0.529569
1.43971,0.529851
1.44265,0.530123
1.44559,0.530386
1.44853,0.530641
1.45147,0.530888
1.45441,0.531126
1.45735,0.531357
1.46029,0.53158
1.46324,0.531796
1.46618,0.532004
1.46912,0.532205
1.47206,0.5324
1.475,0.532587
1.47794,0.532769
1.48088,0.532944
1.48382,0.533113
1.48676,0.533276
1.48971,0.533433
1.49265,0.533585
1.49559,0.533731
1.49853,0.533872
1.50147,0.534008
1.50441,0.534139
1.50735,0.534265
1.51029,0.534387
1.51324,0.534504
1.51618,0.534617
1.51912,0.534725
1.52206,0.53483
1.525,0.53493
1.52794,0.535027
1.53088,0.53512
1.53382,0.53521
1.53676,0.535295
1.53971,0.535378
1.54265,0.535458
1.54559,0.535534
1.54853,0.535607
1.55147,0.535678
1.55441,0.535745
1.55735,0.53581
1.56029,0.535872
1.56324,0.535932
1.56618,0.535989
1.56912,0.536044
1.57206,0.536097
1.575,0.536148
1.57794,0.536196
1.58088,0.536243
1.58382,0.536287
1.58676,0.53633
1.58971,0.53637
1.59265,0.53641
1.59559,0.536447
1.59853,0.536483
1.60147,0.536517
1.60441,0.53655
1.60735,0.536581
1.61029,0.536611
1.61324,0.53664
1.61618,0.536667
1.61912,0.536693
1.62206,0.536718
1.625,0.536742
1.62794,0.536765
1.63088,0.536787
1.63382,0.536807
1.63676,0.536827
1.63971,0.536846
1.64265,0.536864
1.64559,0.536881
1.64853,0.536898
1.65147,0.536914
1.65441,0.536928
1.65735,0.536943
1.66029,0.536956
1.66324,0.536969
1.66618,0.536981
1.66912,0.536993
1.67206,0.537004
1.675,0.537015
1.67794,0.537025
1.68088,0.537034
1.68382,0.537044
1.68676,0.537052
1.68971,0.537061
1.69265,0.537068
1.69559,0.537076
1.69853,0.537083
1.70147,0.53709
1.70441,0.537096
1.70735,0.537102
1.71029,0.537108
1.71324,0.537113
1.71618,0.537118
1.71912,0.537123
1.72206,0.537128
1.725,0.537132
1.72794,0.537137
1.73088,0.537141
1.73382,0.537144
1.73676,0.537148
1.73971,0.537151
1.74265,0.537154
1.74559,0.537157
1.74853,0.53716
1.75147,0.537163
1.75441,0.537166
1.75735,0.537168
1.76029,0.53717
1.76324,0.537172
1.76618,0.537175
1.76912,0.537176
1.77206,0.537178
1.775,0.53718
1.77794,0.537182
1.78088,0.537183
1.78382,0.537185
1.78676,0.537186
1.78971,0.537187
1.79265,0.537189
1.79559,0.53719
1.79853,0.537191
1.80147,0.537192
1.80441,0.537193
1.80735,0.537194
1.81029,0.537195
1.81324,0.537195
1.81618,0.537196
1.81912,0.537197
1.82206,0.537198
1.825,0.537198
1.82794,0.537199
1.83088,0.537199
1.83382,0.5372
1.83676,0.5372
1.83971,0.537201
1.84265,0.537201
1.84559,0.537202
1.84853,0.537202
1.85147,0.537202
1.85441,0.537203
1.85735,0.537203
1.86029,0.537203
1.86324,0.537204
1.86618,0.537204
1.86912,0.537204
1.87206,0.537204
1.875,0.537205
1.87794,0.537205
1.88088,0.537205
1.88382,0.537205
1.88676,0.537205
1.88971,0.537206
1.89265,0.537206
1.89559,0.537206
1.89853,0.537206
1.90147,0.537206
1.90441,0.537206
1.90735,0.537206
1.91029,0.537206
1.91324,0.537207
1.91618,0.537207
1.91912,0.537207
1.92206,0.537207
1.925,0.537207
1.92794,0.537207
1.93088,0.537207
1.93382,0.537207
1.93676,0.537207
1.93971,0.537207
1.94265,0.537207
1.94559,0.537207
1.94853,0.537207
1.95147,0.537207
1.95441,0.537207
1.95735,0.537207
1.96029,0.537207
1.96324,0.537207
1.96618,0.537207
1.96912,0.537208
1.97206,0.537208
1.975,0.537208
1.97794,0.537208
1.98088,0.537208
1.98382,0.537208
1.98676,0.537208
1.98971,0.537208
1.99265,0.537208
1.99559,0.537208
1.99853,0.537208
