1.564848695537596479e-01
1.608998873061649459e-01
1.653983966312805864e-01
1.699792569640508899e-01
1.746411692471878108e-01
1.793826495378801900e-01
1.842020543898701124e-01
1.890975734486469162e-01
1.940672444029967469e-01
1.991089457480163527e-01
2.042204194002055773e-01
2.093992667940613728e-01
2.146429632624964334e-01
2.199488647241029105e-01
2.253142013641846464e-01
2.307361021761644704e-01
2.362115977724625615e-01
2.417376077595413952e-01
2.473109816858787280e-01
2.529284877458634062e-01
2.585868424947356248e-01
2.642827283802978156e-01
2.700128019911042787e-01
2.757737173044920720e-01
2.815621505846124806e-01
2.873747786571179130e-01
2.932083275218407281e-01
2.990595350083703474e-01
3.049251739410810957e-01
3.108020388031774717e-01
3.166869398530148816e-01
3.225766930542451894e-01
3.284680972274146016e-01
3.343579389783185585e-01
3.402429682595489169e-01
3.461199315166205159e-01
3.519855296801404076e-01
3.578363976830373216e-01
3.636690887240218717e-01
3.694800325632566218e-01
3.752655243834403520e-01
3.810217438883715113e-01
3.867447741534650874e-01
3.924306687933629689e-01
3.980755669539710051e-01
4.036757748478090879e-01
4.092277988971822489e-01
4.147283304382350932e-01
4.201742245383596197e-01
4.255624722244272795e-01
4.308901866990670348e-01
4.361545130910327583e-01
4.413525469137339341e-01
4.464812228657427662e-01
4.515373310056761125e-01
4.565175813840862129e-01
4.614187435172339424e-01
4.662377171815642596e-01
4.709717259761960206e-01
4.756185556496737021e-01
4.801767173932957600e-01
4.846451893903990782e-01
4.890229114130537069e-01
4.933084032486023673e-01
4.974998028086112800e-01
5.015950674784243057e-01
5.055918627945881205e-01
5.094872189556470810e-01
5.132775420231145969e-01
5.169592499622139847e-01
5.205296712563263206e-01
5.239875191776102170e-01
5.273327827085854125e-01
5.305663314943589448e-01
5.336893952974647304e-01
5.367027966452957433e-01
5.396062872105504837e-01
5.423986123424572314e-01
5.450782470798495316e-01
5.476444965907975027e-01
5.500982119486801381e-01
5.524415616181826971e-01
5.546773006804696093e-01
5.568085093042662859e-01
5.588389048512555357e-01
5.607728926953179371e-01
5.626147612476813942e-01
5.643680525359743294e-01
5.660360331345942742e-01
5.676222677278738304e-01
5.691301940081814337e-01
5.705623613686624518e-01
5.719204137085026618e-01
5.732060806574328371e-01
5.744224247229663405e-01
5.755737212573314165e-01
5.766639473070711563e-01
5.776960804045836451e-01
5.786732451691338763e-01
5.796001095410637793e-01
5.804834999813023311e-01
5.813325959412743993e-01
5.821584252114211377e-01
5.829711297866073672e-01
5.837766583387948849e-01
5.845768855258838270e-01
5.853723795635674687e-01
5.861637883782943037e-01
5.869518779025755251e-01
5.877383347630673605e-01
5.885268074152386619e-01
5.893224205317036946e-01
5.901311149913276433e-01
5.909597236264139131e-01
5.918137496182866997e-01
5.926942472204240753e-01
5.935979467841574486e-01
5.945192077288518062e-01
5.954514529301029313e-01
5.963899642201534457e-01
5.973352776678874099e-01
5.982949342582947194e-01
5.992816619138144896e-01
6.003065125613462616e-01
6.013731387656525706e-01
6.024787090872567585e-01
6.036169790143904867e-01
6.047811835739063113e-01
6.059686730989524150e-01
6.071843407433854534e-01
6.084383044073455871e-01
6.097387526905622135e-01
6.110865466292669801e-01
6.124741041515175954e-01
6.138878118622385083e-01
6.153157158771977997e-01
6.167564686224508153e-01
6.182206736521238533e-01
6.197238549079091552e-01
6.212790255780490378e-01
6.228922887003104369e-01
6.245580434834843153e-01
6.262586297152851200e-01
6.279730389215605335e-01
6.296837576248009993e-01
6.313788825736914578e-01
6.330582396938619905e-01
6.347357690581343359e-01
6.364329369117347479e-01
6.381739812224390684e-01
6.399776321358189302e-01
6.418435493284493365e-01
6.437510998071962476e-01
6.456700754581066182e-01
6.475746743540868877e-01
6.494542046950624314e-01
6.513127072049245125e-01
6.531686959230268430e-01
6.550533927354053043e-01
6.569924033214044057e-01
6.589863509605514702e-01
6.610108693166325544e-01
6.630304313917612102e-01
6.650115722069990243e-01
6.669346091144255917e-01
6.688074928570384436e-01
6.706670233703303508e-01
6.725562912862028675e-01
6.745014711912995509e-01
6.765057284356980061e-01
6.785458900620250366e-01
6.805776941785729450e-01
6.825662811496844284e-01
6.845113158242747131e-01
6.864355152125226622e-01
6.883651358237790063e-01
6.903233112267139759e-01
6.923147401581825067e-01
6.943135383543665995e-01
6.962856879910275243e-01
6.982121251460357003e-01
7.000840406579623698e-01
7.019051337149805336e-01
7.036969788539964021e-01
7.054780614076093803e-01
7.072513960879640571e-01
7.090135261628385255e-01
7.107511760408307122e-01
7.124462065208211348e-01
7.140962942445379102e-01
7.157117792713575399e-01
7.173093479884562473e-01
7.189110968515844968e-01
7.205282046440644184e-01
7.221588381539468804e-01
7.237991973871373830e-01
7.254416464931529029e-01
7.270777814554684193e-01
7.287075058346438317e-01
7.303359814538692429e-01
7.319650570779192567e-01
7.335879478196336567e-01
7.351918224593976259e-01
7.367654064227140420e-01
7.383005806381535141e-01
7.397946958090068081e-01
7.412566063882857215e-01
7.427008143356472747e-01
7.441370074464465079e-01
7.455723529332333177e-01
7.470176384184388230e-01
7.484807728371117852e-01
7.499579360921996285e-01
7.514422878043620635e-01
7.529322606880517466e-01
7.544247220630660999e-01
7.559157473354312096e-01
7.574067059122139289e-01
7.588968569316081325e-01
7.603774809355324793e-01
7.618446325119019313e-01
7.633019865418512184e-01
7.647442645108261106e-01
7.661623085079620754e-01
7.675589554212864929e-01
7.689387441432974368e-01
7.702973005279298846e-01
7.716327031069710740e-01
7.729488140570820454e-01
7.742454783089420811e-01
7.755243419141585326e-01
7.767942253517869933e-01
7.780607100516939711e-01
7.793268481059875130e-01
7.805990365785179241e-01
7.818795999274261721e-01
7.831658185082533974e-01
7.844564214163914917e-01
7.857482654483365359e-01
7.870358382424079702e-01
7.883142923601744734e-01
7.895762011057492202e-01
7.908114883563669428e-01
7.920115214144505256e-01
7.931724939620383719e-01
7.942993946032608221e-01
7.954048147824493986e-01
7.965047260031606902e-01
7.976161103915273554e-01
7.987512156952402131e-01
7.999137709454420264e-01
8.011020651318708774e-01
8.023089053722901598e-01
8.035216585221213181e-01
8.047279959170299257e-01
8.059178754852086568e-01
8.070821702700795575e-01
8.082144401474057327e-01
8.093117907892000140e-01
8.103743954850067821e-01
8.114090544304481956e-01
8.124322506695593749e-01
8.134673523527331529e-01
8.145358187818410034e-01
8.156469137633374222e-01
8.167927573160980170e-01
8.179501563206759140e-01
8.190882745846457258e-01
8.201802400050931530e-01
8.212107918515666460e-01
8.221776218083277632e-01
8.230918556793138663e-01
8.239775430976888915e-01
8.248677599078154676e-01
8.257975450806360751e-01
8.267925349177149830e-01
8.278565560738705420e-01
8.289673215650398275e-01
8.300841968442481678e-01
8.311652525285180282e-01
8.321841035447058443e-01
8.331388014003626719e-01
8.340486563218489913e-01
8.349437225337087431e-01
8.358529411062474157e-01
8.367943667743374947e-01
8.377694302503768675e-01
8.387618467497877095e-01
8.397456040412916156e-01
8.406989860731456377e-01
8.416162730920135893e-01
8.425101183862713228e-01
8.434038491934036097e-01
8.443186322016684731e-01
8.452630111618434361e-01
8.462284340839038022e-01
8.471919741158793205e-01
8.481282548996265103e-01
8.490245520881433139e-01
8.498883865116243497e-01
