1.090744514237485113e-01
1.124378171602558873e-01
1.158886330767396333e-01
1.194274804409176383e-01
1.230548065502889837e-01
1.267709353590946997e-01
1.305760361864361785e-01
1.344701479651382037e-01
1.384531578179713229e-01
1.425248075484860655e-01
1.466846788094509357e-01
1.509322104004185150e-01
1.552666764280325740e-01
1.596871936481255860e-01
1.641927208924357784e-01
1.687820605303392563e-01
1.734538604264515838e-01
1.782066252388221084e-01
1.830387147697758732e-01
1.879483646777870554e-01
1.929336888424783292e-01
1.979926827120277455e-01
2.031232368071215211e-01
2.083231532289776533e-01
2.135901398954391794e-01
2.189218390880344478e-01
2.243158225019922514e-01
2.297696133033242383e-01
2.352806700308376076e-01
2.408464054226555073e-01
2.464641646854796031e-01
2.521312231179586583e-01
2.578447672975576199e-01
2.636018903228031784e-01
2.693995770880149299e-01
2.752347092503000248e-01
2.811040832122708166e-01
2.870044097403221528e-01
2.929323487382189395e-01
2.988845246834718195e-01
3.048574999911738970e-01
3.108477985767222895e-01
3.168518726492536852e-01
3.228661339024662125e-01
3.288869548100520346e-01
3.349107039746737069e-01
3.409337244667591804e-01
3.469523445733398437e-01
3.529628160183956864e-01
3.589612722884241158e-01
3.649437694541530774e-01
3.709063662820177298e-01
3.768452432484099002e-01
3.827567490546018858e-01
3.886373794729874320e-01
3.944837382936748904e-01
4.002925501653786799e-01
4.060606543076843433e-01
4.117850263737862226e-01
4.174627210492717344e-01
4.230907234317791143e-01
4.286659227698103591e-01
4.341852557910751975e-01
4.396459175017644605e-01
4.450454130519262974e-01
4.503814442852299704e-01
4.556517267694065176e-01
4.608539026225352830e-01
4.659853643788475219e-01
4.710429711056288715e-01
4.760228763452140077e-01
4.809208300994201601e-01
4.857328187618835669e-01
4.904553679623636087e-01
4.950855767034638144e-01
4.996211107621408298e-01
5.040600730979258870e-01
5.084005833259643836e-01
5.126402236221682118e-01
5.167761630527710759e-01
5.208059302094649734e-01
5.247279460253414518e-01
5.285414537045055594e-01
5.322462523232208698e-01
5.358424408377534531e-01
5.393301700912078722e-01
5.427095572898165132e-01
5.459810590712343981e-01
5.491455138236917000e-01
5.522038211296428356e-01
5.551567989802613790e-01
5.580050875031260516e-01
5.607488671877987052e-01
5.633880960996997533e-01
5.659229357494508506e-01
5.683539235370522746e-01
5.706824519500828252e-01
5.729105639693091723e-01
5.750394883592904183e-01
5.770694740038286863e-01
5.790010052481406877e-01
5.808351924385428688e-01
5.825738457670900372e-01
5.842201870376296791e-01
5.857791762909499989e-01
5.872564810017538717e-01
5.886565129840997113e-01
5.899815628714812910e-01
5.912321589520475040e-01
5.924080408175682599e-01
5.935094695138108944e-01
5.945385541744832025e-01
5.955005511548623343e-01
5.964040238784369397e-01
5.972595096642506762e-01
5.980774030621145432e-01
5.988651949977814581e-01
5.996263016180796157e-01
6.003619717130445066e-01
6.010729127069930344e-01
6.017597316898929405e-01
6.024241803184438027e-01
6.030701854817585028e-01
6.037028012547721589e-01
6.043268189610049301e-01
6.049455176728940620e-01
6.055590977254280416e-01
6.061640636256595549e-01
6.067549473611679733e-01
6.073281069940463794e-01
6.078845686940000936e-01
6.084306861483437245e-01
6.089769089878854791e-01
6.095341347122041897e-01
6.101108090746887314e-01
6.107122003370570873e-01
6.113400437414214794e-01
6.119948809619196739e-01
6.126795015968553582e-01
6.133981584022519806e-01
6.141528515297320912e-01
6.149415774199697982e-01
6.157583640951411752e-01
6.165943109325461302e-01
6.174428049732113566e-01
6.183050753546891487e-01
6.191867848799649243e-01
6.200926809495961312e-01
6.210263305787924182e-01
6.219877102634289168e-01
6.229733336258248544e-01
6.239820247067952019e-01
6.250162686561943071e-01
6.260802763085455691e-01
6.271806464686674465e-01
6.283226698195306659e-01
6.295069342707887428e-01
6.307304702580074363e-01
6.319849875865358735e-01
6.332589485314223943e-01
6.345409516288861296e-01
6.358255857944227207e-01
6.371209821619401303e-01
6.384422136859985164e-01
6.397975868724029569e-01
6.411856566174118921e-01
6.426021055617067157e-01
6.440419264776439112e-01
6.455015609650244235e-01
6.469891012166504307e-01
6.485220747554643062e-01
6.501102125582784996e-01
6.517457555187783358e-01
6.534112499061790480e-01
6.550896847644188670e-01
6.567673179254540639e-01
6.584412620608456335e-01
6.601201366659337211e-01
6.618089692388584577e-01
6.635004134003334997e-01
6.651778422467298224e-01
6.668253393175468391e-01
6.684344812313843809e-01
6.700062994894850910e-01
6.715481749765735975e-01
6.730685590408270746e-01
6.745704005634401978e-01
6.760514071969669914e-01
6.775139335971198662e-01
6.789636652715981269e-01
6.804028182886985299e-01
6.818351085280983659e-01
6.832658321331898099e-01
6.846970964851815111e-01
6.861320725721381519e-01
6.875715141758630411e-01
6.890135678328304092e-01
6.904539797645233845e-01
6.918854470223096964e-01
6.933077459157260813e-01
6.947275052638884896e-01
6.961540372705008473e-01
6.975927324956280318e-01
6.990405551534051298e-01
7.004907426005815285e-01
7.019350830735674451e-01
7.033726154304108524e-01
7.048183083848317265e-01
7.062870980402108367e-01
7.077784298279595765e-01
7.092861615577757961e-01
7.108081597850979261e-01
7.123395284986866471e-01
7.138720053740194027e-01
7.154048703062486636e-01
7.169384437694575896e-01
7.184650304065095527e-01
7.199717117192953042e-01
7.214488093428286231e-01
7.228936868985823549e-01
7.242973244209930384e-01
7.256459243612861654e-01
7.269348168941345278e-01
7.281656514740859620e-01
7.293415932126775525e-01
7.304663317022014324e-01
7.315465247815644556e-01
7.325899715641227550e-01
7.336033797406774637e-01
7.346029362653737627e-01
7.356119273840641126e-01
7.366479430870432887e-01
7.377255467467046524e-01
7.388535870492016766e-01
7.400274347612877390e-01
7.412337124637961017e-01
7.424591207524634529e-01
7.436864157701422728e-01
7.448967066798256598e-01
7.460746145542346275e-01
7.472119817312181667e-01
7.483088335906104005e-01
7.493665019492460333e-01
7.503853045168791258e-01
7.513643560589142734e-01
7.523084769294139384e-01
7.532241597409718992e-01
7.541156895663646553e-01
7.549932791339231120e-01
7.558721563605172999e-01
7.567668873755732939e-01
7.576888748820631569e-01
7.586490629177268241e-01
7.596521386800915154e-01
7.606947769812850701e-01
7.617639606275239395e-01
7.628403162948658167e-01
7.639022632736087726e-01
7.649263998358055705e-01
7.658975779167088715e-01
7.668111961938786081e-01
7.676701251778291768e-01
7.684827279176807968e-01
7.692643875564121325e-01
7.700328279285708621e-01
7.708019653185076425e-01
7.715856956107016718e-01
7.723948305454619856e-01
7.732370403148342008e-01
7.741092117371795034e-01
7.749960398775191939e-01
7.758801418123654203e-01
7.767449933309706900e-01
7.775809705693081941e-01
7.783883938489200016e-01
7.791740622770145785e-01
7.799438870189954187e-01
7.806950277940890581e-01
7.814227097848827075e-01
7.821272216811727684e-01
7.828123145514348513e-01
7.834878689263029550e-01
7.841701855629721329e-01
7.848698570667657082e-01
7.855920293904962159e-01
7.863397154253581878e-01
7.871119575467770968e-01
7.878997696849855403e-01
7.886877004819973225e-01
7.894553186619086560e-01
7.901852357613565747e-01
7.908764007685186170e-01
7.915393857489603224e-01
7.921823110838123183e-01
7.928146960595143788e-01
7.934433571857127943e-01
7.940695552136948221e-01
7.946976484181802469e-01
7.953346069147386732e-01
7.959904563412090184e-01
