5.181666981024287679e+02
5.226055726859481183e+02
5.270997198601479568e+02
5.316468714572392855e+02
5.362446092036739174e+02
5.408904094099743816e+02
5.455815819623734342e+02
5.503152955638956882e+02
5.550886166456011779e+02
5.598984826410479627e+02
5.647416712828497793e+02
5.696148604950254821e+02
5.745145885519193598e+02
5.794372544758222148e+02
5.843791411489153234e+02
5.893363002980471492e+02
5.943047126008839314e+02
5.992801270686021553e+02
6.042580571661160320e+02
6.092338450087760293e+02
6.142025357814355857e+02
6.191590152933054014e+02
6.240978475115562105e+02
6.290134802181928535e+02
6.339001360164855896e+02
6.387519907863312483e+02
6.435632127920940775e+02
6.483282221275361508e+02
6.530415317998837281e+02
6.576983059564794303e+02
6.622941375477798829e+02
6.668254016013304408e+02
6.712891821314583467e+02
6.756835772566752212e+02
6.800075039624850888e+02
6.842608631079004908e+02
6.884443207673029974e+02
6.925594583326491147e+02
6.966083397572616605e+02
7.005935476549302621e+02
7.045178541193164392e+02
7.083840614229540051e+02
7.121947145970402744e+02
7.159517806333333283e+02
7.196565093384562033e+02
7.233090807959446238e+02
7.269084827238770004e+02
7.304524853451780473e+02
7.339375987866017113e+02
7.373594997872205568e+02
7.407131372137669132e+02
7.439933689524953024e+02
7.471951594249586606e+02
7.503139960252333367e+02
7.533463105144988958e+02
7.562895090036987540e+02
7.591424703115774264e+02
7.619056441899911079e+02
7.645812888635529134e+02
7.671733426394229127e+02
7.696870458328000950e+02
7.721282431080363722e+02
7.745023059916808279e+02
7.768129829049427144e+02
7.790616672478059854e+02
7.812473135021905364e+02
7.833670203041881450e+02
7.854169078825776751e+02
7.873927939004761356e+02
7.892913163511192352e+02
7.911093791628314875e+02
7.928444963847474583e+02
7.944948134670621585e+02
7.960594781828874602e+02
7.975391728306517507e+02
7.989363540243156194e+02
8.002542016357380135e+02
8.014953456579261228e+02
8.026603342944151791e+02
8.037477801287021748e+02
8.047554495846638929e+02
8.056817703888908682e+02
8.065262889716110521e+02
8.072892478094128137e+02
8.079710253278542496e+02
8.085717635387286464e+02
8.090906845360602802e+02
8.095256711461263421e+02
8.098728422704014065e+02
8.101275317601257484e+02
8.102869101623068673e+02
8.103522075223620504e+02
8.103284598088466737e+02
8.102222612436158897e+02
8.100397306223031819e+02
8.097853281571785828e+02
8.094593140844809795e+02
8.090547013755716534e+02
8.085564543502836159e+02
8.079485285741023972e+02
8.072239597222729799e+02
8.063897622310529414e+02
8.054618595809508861e+02
8.044572444147829628e+02
8.033879015036287683e+02
8.022554149265231445e+02
8.010467597307466576e+02
7.997381823587583085e+02
7.983091851914190329e+02
7.967557778467196385e+02
7.950929120309866676e+02
7.933450975496450610e+02
7.915318331278365349e+02
7.896558414192992359e+02
7.877030805981918320e+02
7.856533344780509651e+02
7.834927126149652850e+02
7.812222525822330681e+02
7.788582091689388562e+02
7.764182175418369525e+02
7.739059298882594931e+02
7.713126411259520410e+02
7.686280918547739702e+02
7.658469597780576805e+02
7.629736019750649803e+02
7.600204145373696747e+02
7.569970988845099100e+02
7.539044382269313473e+02
7.507373889711210495e+02
7.474897266445527748e+02
7.441579097796446831e+02
7.407448882588082597e+02
7.372601986248502044e+02
7.337129960643029563e+02
7.301071336378067826e+02
7.264408998560332975e+02
7.227106287844266035e+02
7.189175825737723926e+02
7.150683272046604770e+02
7.111679617801745508e+02
7.072178655574663253e+02
7.032172513943754666e+02
6.991665147270739453e+02
6.950693365345223356e+02
6.909312260934551659e+02
6.867574785217556155e+02
6.825508745182349912e+02
6.783110174781244268e+02
6.740373142959152801e+02
6.697322038529863448e+02
6.653999287772063553e+02
6.610436121395396185e+02
6.566658447372808496e+02
6.522702161601200714e+02
6.478602975360103073e+02
6.434375556266268177e+02
6.390019554475975383e+02
6.345536575257430059e+02
6.300953161551875610e+02
6.256321326702831129e+02
6.211675328009924897e+02
6.167005741838745507e+02
6.122301152453350142e+02
6.077580621839731521e+02
6.032861888103713000e+02
5.988155230795882744e+02
5.943492940557067641e+02
5.898900147711494810e+02
5.854362890043141761e+02
5.809872692503283815e+02
5.765451672258071767e+02
5.721113359276940855e+02
5.676856174373983777e+02
5.632686832317754124e+02
5.588604537614271521e+02
5.544600401827038922e+02
5.500682413018461148e+02
5.456866452709865598e+02
5.413157865233869188e+02
5.369561380657728478e+02
5.326084559553606823e+02
5.282731088994000856e+02
5.239504038905307652e+02
5.196405963153757739e+02
5.153434085030399956e+02
5.110588540220796290e+02
5.067874393097966390e+02
5.025298146372646784e+02
4.982871529063650087e+02
4.940604155504865389e+02
4.898497865106348286e+02
4.856554419535337956e+02
4.814777027206188791e+02
4.773166578751258839e+02
4.731721406348350456e+02
4.690445627495395797e+02
4.649352020532199958e+02
4.608450385987681557e+02
4.567741961634306449e+02
4.527225412440531045e+02
4.486898277558947257e+02
4.446754779918003351e+02
4.406791980131429227e+02
4.367016447249277462e+02
4.327436140762555397e+02
4.288053769362408048e+02
4.248869046595999635e+02
4.209878743336681168e+02
4.171076613422467858e+02
4.132460799225870005e+02
4.094035768798477193e+02
4.055804624426405667e+02
4.017766209761217056e+02
3.979917251213307736e+02
3.942255353094837460e+02
3.904783860787986214e+02
3.867511856836867423e+02
3.830445286838587435e+02
3.793584073900465228e+02
3.756924663960533053e+02
3.720463387761157605e+02
3.684201126720745378e+02
3.648141281193910004e+02
3.612286234305884705e+02
3.576637274139887950e+02
3.541194952660634954e+02
3.505959596106850995e+02
3.470931282284418558e+02
3.436108226764797564e+02
3.401488258093593231e+02
3.367071771311620978e+02
3.332861765787723698e+02
3.298860577439152166e+02
3.265068456635266330e+02
3.231484382229149332e+02
3.198106924692359030e+02
3.164936675117530172e+02
3.131977149302748558e+02
3.099231271094588465e+02
3.066698186334171510e+02
3.034374748133113826e+02
3.002259363128708856e+02
2.970352351708694982e+02
2.938656389394263897e+02
2.907174987668030326e+02
2.875910145827912743e+02
2.844860861061952733e+02
2.814024255782765636e+02
2.783400307643302085e+02
2.752990869949917396e+02
2.722796350430048165e+02
2.692816924924447903e+02
2.663054185998490198e+02
2.633508804950168951e+02
2.604181008879234582e+02
2.575070672383719739e+02
2.546177324814445910e+02
2.517501593142230831e+02
2.489045537611155225e+02
2.460810287230154927e+02
2.432795633801187023e+02
2.405000503515860544e+02
2.377423880207899742e+02
2.350065679061535491e+02
2.322926716960155886e+02
2.296007392319166627e+02
2.269307389997916857e+02
2.242827286533966458e+02
2.216568045662370423e+02
2.190530187770168311e+02
2.164712711103082938e+02
2.139113591996483876e+02
2.113732509384965397e+02
2.088570301573643349e+02
2.063627702562386332e+02
2.038905244957962850e+02
2.014402140089722764e+02
1.990116840054361660e+02
1.966048340332037583e+02
1.942197140939391033e+02
1.918563459126585542e+02
1.895146843668333361e+02
1.871946920381824953e+02
1.848962657805132892e+02
1.826193173655420310e+02
1.803637888237535947e+02
1.781296588656752249e+02
1.759168752321761815e+02
1.737254361046543352e+02
1.715552870928105449e+02
1.694062858988181688e+02
1.672783239753262023e+02
1.651713073762702209e+02
1.630851747315914793e+02
1.610199182645365283e+02
1.589754629707050526e+02
1.569516934782757289e+02
1.549484635543542481e+02
1.529656977666573141e+02
1.510033617969092461e+02
