3.907808396871102104e+03
3.991736034736762122e+03
4.075928030955226859e+03
4.160328642589907759e+03
4.244880614603475806e+03
4.329525118821410615e+03
4.414201893774915334e+03
4.498848670297608805e+03
4.583402201338719351e+03
4.667797747093894941e+03
4.751969004189802035e+03
4.835848791303689723e+03
4.919368443777896573e+03
5.002458451688815330e+03
5.085048433695165841e+03
5.167066942674752681e+03
5.248442453267723977e+03
5.329102236389201607e+03
5.408973527574719810e+03
5.487983295852458468e+03
5.566058285528753913e+03
5.643125207629839679e+03
5.719111268079195725e+03
5.793943478075836538e+03
5.867550102233523830e+03
5.939859625246550422e+03
6.010801836450614246e+03
6.080307464027398964e+03
6.148308582202708749e+03
6.214738967799436068e+03
6.279533889762892613e+03
6.342630587117492723e+03
6.403968176011496325e+03
6.463488238863240440e+03
6.521134214742234690e+03
6.576851955105468733e+03
6.630589453934764606e+03
6.682297082819767638e+03
6.731927426205424126e+03
6.779436155901406892e+03
6.824781468752010369e+03
6.867923934429280052e+03
6.908827406012257597e+03
6.947458108563239875e+03
6.983785657624582200e+03
7.017782037276253504e+03
7.049422306489264884e+03
7.078683709125213682e+03
7.105545670314714698e+03
7.129990076248750484e+03
7.152000735265823096e+03
7.171564230186077111e+03
7.188669943494274776e+03
7.203310142269860080e+03
7.215480482333255168e+03
7.225179107851856315e+03
7.232408136964261757e+03
7.237172687606345789e+03
7.239480630661622854e+03
7.239340968643205997e+03
7.236764487699133497e+03
7.231763581330336820e+03
7.224352874337649155e+03
7.214549485051082229e+03
7.202373351441364321e+03
7.187847643210339811e+03
7.170997894941820960e+03
7.151852697564743721e+03
7.130442055317247650e+03
7.106797395981597219e+03
7.080951079256915364e+03
7.052936593203062330e+03
7.022789086351692276e+03
6.990545716556238403e+03
6.956246946710793964e+03
6.919934943784610368e+03
6.881653291943711338e+03
6.841447052597174661e+03
6.799362843915688245e+03
6.755447747860872369e+03
6.709749374894148787e+03
6.662316284287424423e+03
6.613197621258245817e+03
6.562443389204682717e+03
6.510103444083059003e+03
6.456230760709740025e+03
6.400879239306921590e+03
6.344104039499904502e+03
6.285961606605273118e+03
6.226509964576795937e+03
6.165807722822076357e+03
6.103913849060710163e+03
6.040889116482311692e+03
5.976795142261624278e+03
5.911693019319718587e+03
5.845641689165364369e+03
5.778698577119536822e+03
5.710920863864913372e+03
5.642365958581404811e+03
5.573092813487402054e+03
5.503160795175791463e+03
5.432628869263319757e+03
5.361557534300077350e+03
5.290006332499812743e+03
5.218036264029351514e+03
5.145707563862675670e+03
5.073079621559863881e+03
5.000208690234720052e+03
4.927150923836732545e+03
4.853961535930564423e+03
4.780695507393837943e+03
4.707405728555576388e+03
4.634143225327485197e+03
4.560958080735674230e+03
4.487898208291068840e+03
4.415011693932926391e+03
4.342342409803338342e+03
4.269936224266061799e+03
4.197837193195103282e+03
4.126092355649786441e+03
4.054743761217928750e+03
3.983833587120410812e+03
3.913401299413647394e+03
3.843483921592214756e+03
3.774116553599264080e+03
3.705328757150452930e+03
3.637154882199890380e+03
3.569620502571414363e+03
3.502755636160452468e+03
3.436581541533409563e+03
3.371125615687830759e+03
3.306407978586054924e+03
3.242450982750468938e+03
3.179276773213660817e+03
3.116904747841718745e+03
3.055356595729753735e+03
2.994644015522403606e+03
2.934786361105498599e+03
2.875788183222766747e+03
2.817662673579675811e+03
2.760407732178623974e+03
2.704032928649951828e+03
2.648541442203854331e+03
2.593941316966520390e+03
2.540242964355212280e+03
2.487450613081741722e+03
2.435570768729499378e+03
2.384593200430052548e+03
2.334518750923336484e+03
2.285337878859933880e+03
2.237047520094902211e+03
2.189634833942145633e+03
2.143112735453299592e+03
2.097477752352916013e+03
2.052730974852235249e+03
2.008864320199060558e+03
1.965857047241204555e+03
1.923698362472876397e+03
1.882369933704188270e+03
1.841872985664812404e+03
1.802179156735175411e+03
1.763302185530343650e+03
1.725240015181679837e+03
1.687989275080948801e+03
1.651528605828891841e+03
1.615834347465626024e+03
1.580893421840759629e+03
1.546692983644134074e+03
1.513232467793547585e+03
1.480477904888451803e+03
1.448440886849670733e+03
1.417112188680248892e+03
1.386472636851977086e+03
1.356495852245206152e+03
1.327163555689302257e+03
1.298469527802724315e+03
1.270392638720171135e+03
1.242941113055962660e+03
1.216105383883206287e+03
1.189874345637836313e+03
1.164245737409684352e+03
1.139212187709766113e+03
1.114741958530799820e+03
1.090822759067108109e+03
1.067454762176256054e+03
1.044623386731502023e+03
1.022305175893798037e+03
1.000471236608185109e+03
9.791270914498758202e+02
9.582520306873547042e+02
9.378514610162594636e+02
9.179100173783426726e+02
8.984147998655349738e+02
8.793692480501898672e+02
8.607598159243874534e+02
8.425731564904701827e+02
8.247861133113631240e+02
8.073989527541939424e+02
7.904074881097684511e+02
7.738083776204439346e+02
7.575862586998783854e+02
7.417442858578116329e+02
7.262677882107184359e+02
7.111384111250210935e+02
6.963659510737346636e+02
6.819272526573022333e+02
6.678069343705417396e+02
6.539910233767055843e+02
6.404776863940822977e+02
6.272577261268718303e+02
6.143376253434664704e+02
6.017117194128907158e+02
5.893699600871292432e+02
5.773087430312258448e+02
5.655116016118403195e+02
5.539835305131065297e+02
5.427129631574630366e+02
5.316947516289272926e+02
5.209136800281825117e+02
5.103670742236386673e+02
5.000529216703279189e+02
4.899622173813789345e+02
4.800981084966817889e+02
4.704501714267638590e+02
4.610122005660486479e+02
4.517784934715202212e+02
4.427488776476278076e+02
4.339070590245501648e+02
4.252496053771674838e+02
4.167890292564351853e+02
4.085182221400654043e+02
4.004327440102287028e+02
3.925130875335642600e+02
3.847597835326673135e+02
3.771747614690349906e+02
3.697497136686274644e+02
3.624762084013888739e+02
3.553591488834479719e+02
3.484009383302633864e+02
3.415947629183415302e+02
3.349410955265034886e+02
3.284264698925938433e+02
3.220450862440740138e+02
3.157949359390859172e+02
3.096786667111850306e+02
3.036950498776436689e+02
2.978364523397098083e+02
2.920987468859959790e+02
2.864808323794636635e+02
2.809789439859107461e+02
2.755858037353223722e+02
2.703088596552044010e+02
2.651461637636663227e+02
2.600928418348249807e+02
2.551433986098913351e+02
2.502952853423644228e+02
2.455423987419315495e+02
2.408839935961759409e+02
2.363248151245658448e+02
2.318595917575822511e+02
2.274846888839333587e+02
2.231979360073951000e+02
2.190035703623284462e+02
2.148969413440884466e+02
2.108729513221215370e+02
2.069272725958781791e+02
2.030577329266674269e+02
1.992600947352678418e+02
1.955350052951593796e+02
1.918885513558331581e+02
1.883198949050722319e+02
1.848276427792980598e+02
1.814042548499906502e+02
1.780492613555403523e+02
1.747611149437707070e+02
1.715393186511987835e+02
1.683788123015252722e+02
1.652777241700898117e+02
1.622353428144964766e+02
1.592531051547327365e+02
1.563334057698841946e+02
1.534709532463682535e+02
1.506675743984804114e+02
1.479187347570940574e+02
1.452210353693776597e+02
1.425703273155241391e+02
1.399669009467853869e+02
1.374147187571113875e+02
1.349164143791870174e+02
1.324733024223324946e+02
1.300781330217650407e+02
1.277299075227875136e+02
1.254257855351800544e+02
1.231631630746314841e+02
1.209412427286171123e+02
1.187609790111051495e+02
1.166219348689176627e+02
1.145230345879447640e+02
1.124660978593855418e+02
1.104494835114068536e+02
