0
0
0
0
0
0
0
0
0
0
0
0
0
0
0
0
0
0
0
0
0
0
0
0
0
0
0
0
0
0
0
0
0
0
0
0
0
0
0
0
0
0
0
0
0
0
0
0
0
0
0
0
0
0
0
0
0
0
0
0
0
0
0
0
0
0
0
0
0
0
0
0
0
0
0
0
0
0
0
0
0
0
0
0
0
0
0
0
0
0
0
0
0
0
0
0
0
0
0
0
0
0
0
0
0
0
0
0
0
0
0
0
0
0
0
0
0
0
0
0
0
0
0
0
0
0
0
0
0
0
0
0
0
0
0
0
0
0
0
0
0
0
0
0
0
0
0
0
0
0
0
0
0
0
0
0
0
0
0
0
0
0
0
0
0
0
0
0
0
0
0
0
0
0
0
0
0
0
0
0
0
0
0
0
0
0
0
0
0
0
0
0
0
0
0
0
0
0
0
0
0
0
0
0
0
0
0
0
0
0
0
0
0
0
0
0
0
0
0
0
0
0
0
0
0
0
0
0
0
0
0
0
0
0
0
0
0
0
0
0
0
0
0
0
0
0
0
0
0
0
0
0
0
0
0
0
0
0
0
0
0
0
0
0
0
0
0
0
0
0
0
0
0
0
0
0
0
0
0
0
0
0
0
0
0
0
0
0
0
0
0
0
0
0
0
0
0
0
0
0
0
0
0
0
0
0
0
0
0
0
0
0
0
0
0
0
0
0
0
0
0
0
0
0
0
0
0
0
0
0
0
0
0
0
0
0
0
0
0
0
0
0
0
0
0
0
0
0
0
0
0
0
0
0
0
0
0
0
0
0
0
0
0
0
0
0
0
0
0
0
0
0
0
0
0
0
0
0
0
0
0
0
0
0
0
0
0
0
0
0
0
0
0
0
0
0
0
0
0
0
0
0
0
0
0
0
0
0
0
0
0
0
0
0
0
0
0
0
0
0
0
0
0
0
0
6.29001e+14
0
0
7.11988e+14
0
1.89493e+15
0
6.0199e+14
0
4.76251e+14
2.633e+14
1.11883e+14
0
0
0
0
0
3.04708e+15
4.6953e+15
9.51686e+14
3.2446e+15
5.03495e+14
1.47475e+15
2.2036e+15
0
0
1.8523e+15
9.31579e+14
4.19625e+14
9.82664e+14
1.35819e+14
1.15426e+14
0
0
0
0
0
0
4.98534e+15
2.02095e+15
4.13403e+15
2.67298e+15
2.60974e+15
7.79908e+14
2.14965e+15
0
1.96671e+15
2.30796e+15
1.11386e+15
3.47788e+14
7.21044e+14
2.45112e+14
1.05579e+14
0
8.07368e+13
0
9.76469e+15
3.59758e+15
5.54357e+15
4.49448e+15
5.36309e+15
2.37783e+15
3.48236e+15
3.46895e+15
4.78072e+15
2.30813e+15
5.10286e+15
2.93302e+15
1.98174e+15
7.73464e+14
3.20713e+14
5.45117e+14
2.34802e+14
0
0
0
0
4.28669e+15
2.20182e+15
8.03311e+15
6.39039e+15
5.66662e+15
5.53254e+15
5.16679e+15
0
0
1.73723e+15
4.8054e+15
2.65652e+15
9.21621e+14
7.64292e+14
4.87151e+14
1.39889e+14
1.21781e+14
0
0
0
1.6902e+16
2.89385e+15
1.75965e+15
5.99921e+15
3.72382e+15
4.54464e+15
2.71629e+15
3.74344e+15
1.0844e+16
5.70811e+15
1.72248e+15
2.71558e+15
2.11975e+15
7.53382e+14
2.13421e+14
0
0
0
0
0
2.53487e+16
0
1.05561e+16
5.39838e+15
8.37718e+15
2.72632e+15
6.11061e+15
5.6142e+15
1.08421e+16
6.84857e+15
4.30546e+15
1.74544e+15
1.36247e+15
1.12988e+15
0
2.75738e+14
2.40044e+14
2.10859e+14
0
0
0
0
1.38075e+16
1.88297e+16
9.73996e+15
9.5095e+15
1.0657e+16
0
0
5.97201e+15
4.50528e+15
2.02938e+15
3.16822e+15
1.31369e+15
1.11644e+15
4.80892e+14
4.18641e+14
0
0
0
2.5921e+16
0
0
5.52025e+15
0
8.36362e+15
0
0
0
1.05048e+16
2.6416e+15
0
2.78645e+15
0
0
0
0
0
0
0
0
1.33141e+16
8.09584e+15
5.52025e+15
4.28315e+15
1.25454e+16
6.24857e+15
0
0
1.05048e+16
0
7.13936e+15
4.17968e+15
1.15539e+15
1.96382e+15
1.69178e+15
0
0
0
0
0
7.56909e+15
1.38075e+16
3.13829e+15
1.94799e+16
1.42643e+16
7.10467e+15
0
0
5.97201e+15
1.50176e+15
3.04407e+15
7.92055e+14
1.31369e+15
5.5822e+14
0
4.18641e+14
0
0
2.29342e+16
0
4.34004e+15
1.84732e+16
1.25962e+16
5.58478e+15
8.17896e+15
8.14748e+15
0
2.16843e+16
1.71214e+15
5.16655e+15
1.74544e+15
1.36247e+15
3.76627e+14
1.28031e+15
2.75738e+14
0
0
0
3.05841e+16
1.1268e+16
1.15754e+16
8.79826e+15
1.07986e+16
5.58573e+15
3.63571e+15
5.43257e+15
3.74344e+15
7.22931e+15
7.99136e+15
4.01911e+15
2.32764e+15
1.51411e+15
1.25564e+15
1.49395e+15
0
0
0
0
1.16351e+16
0
6.60545e+15
4.01655e+15
3.65165e+15
4.95829e+15
1.38314e+15
4.13343e+15
8.5447e+15
2.75025e+15
4.34308e+15
3.05798e+15
2.95169e+15
1.38243e+15
9.55365e+14
1.62384e+14
2.79779e+14
1.21781e+14
0
0
9.76469e+15
3.59758e+15
9.23928e+15
3.37086e+15
3.06462e+15
4.75567e+15
5.80393e+15
4.33619e+15
0
2.30813e+15
4.37388e+15
2.19976e+15
1.48631e+15
7.73464e+14
1.1225e+15
0
3.52203e+14
1.02204e+14
0
0
8.78139e+15
0
3.32356e+15
1.01047e+15
2.75602e+15
3.20758e+15
2.60974e+15
1.55982e+15
0
4.1514e+15
6.55572e+14
3.9565e+15
1.55941e+15
6.95576e+14
5.76835e+14
3.67668e+14
2.11158e+14
0
0
0
8.27051e+15
3.04708e+15
3.1302e+15
2.85506e+15
1.94676e+15
2.01398e+15
1.96633e+15
1.46907e+15
4.04918e+15
1.95494e+15
1.23486e+15
1.55263e+15
6.29438e+14
4.91332e+14
1.35819e+14
0
0
8.65645e+13
0
0
0
0
0
9.22474e+14
6.29001e+14
9.76081e+14
9.52986e+14
0
0
0
5.9848e+14
6.0199e+14
2.03372e+14
1.5875e+14
0
0
0
0
7.37057e+13
0
0
0
1.49479e+15
0
6.19768e+14
0
0
0
1.93364e+15
0
0
2.96577e+14
2.00387e+14
1.5642e+14
0
0
0
8.26758e+13
0
0
0
0
0
0
0
0
0
0
0
0
0
0
0
0
0
0
0
0
0
0
5.20583e+15
1.91797e+15
0
5.99034e+14
8.16919e+14
9.50768e+14
1.54712e+15
0
2.54874e+15
1.23053e+15
1.55456e+15
3.90919e+14
6.60328e+14
3.09267e+14
1.70981e+14
0
0
5.44876e+13
0
0
0
5.93612e+15
2.03268e+15
1.23601e+15
1.68558e+15
3.59655e+15
9.57668e+14
3.33893e+15
3.94417e+15
0
2.00473e+15
1.00825e+15
1.36248e+15
4.25414e+14
7.05583e+14
7.49551e+13
6.45719e+13
1.68639e+14
4.93785e+13
0
1.71073e+16
2.10093e+15
6.47474e+15
2.62471e+15
4.92167e+15
4.86018e+15
4.74518e+15
6.07746e+15
4.18781e+15
5.39165e+15
1.70285e+15
1.92695e+15
1.44664e+15
1.01631e+15
1.87292e+14
3.18341e+14
2.05682e+14
1.19371e+14
0
0
1.90229e+16
4.67237e+15
9.59966e+15
5.83724e+15
5.47277e+15
8.10659e+15
4.89963e+15
4.50532e+15
7.76123e+15
4.49654e+15
4.26045e+15
1.66656e+15
2.5738e+15
1.63238e+15
8.33056e+14
5.30981e+14
2.28713e+14
0
0
0
0
1.67021e+16
1.42981e+16
8.6942e+15
1.12637e+16
6.89958e+15
6.28724e+15
2.68416e+15
5.54874e+15
7.14381e+15
6.76872e+15
3.12052e+15
4.40855e+15
2.69316e+15
1.24079e+15
3.16345e+14
1.81682e+14
0
0
0
1.98606e+16
1.46344e+16
9.396e+15
7.99876e+15
3.11661e+15
7.2545e+15
8.85356e+15
4.40974e+15
2.4309e+15
0
6.6721e+15
3.72846e+15
3.27496e+15
2.75304e+15
6.52306e+14
6.92955e+14
0
1.03937e+14
9.13001e+13
0
1.48929e+16
1.09739e+16
1.12733e+16
8.56864e+15
1.05168e+16
1.08799e+16
9.73727e+15
3.96809e+15
1.4583e+16
1.40813e+16
1.00065e+16
5.03257e+15
6.04505e+15
2.65427e+15
7.3372e+14
6.23554e+14
1.79058e+14
3.11759e+14
0
0
0
1.91387e+16
4.9152e+15
8.96632e+15
8.15174e+15
4.74368e+15
9.26289e+15
2.30681e+15
6.35823e+15
1.2279e+16
7.75619e+15
3.90084e+15
3.9535e+15
3.6004e+15
0
7.24992e+14
0
0
0
0
4.56875e+16
0
0
5.25726e+15
1.07542e+16
1.94697e+16
2.71557e+15
8.11536e+15
1.11841e+16
0
1.02324e+16
3.43079e+15
5.79518e+15
4.52365e+15
2.25085e+15
1.27526e+15
0
0
0
0
4.56875e+16
1.68325e+16
1.72917e+16
1.05145e+16
1.07542e+16
1.39069e+16
1.62934e+16
1.2173e+16
0
0
1.02324e+16
3.43079e+15
2.31807e+15
3.61892e+15
7.50285e+14
6.37631e+14
0
4.78196e+14
0
0
2.59736e+16
9.56936e+15
2.4576e+16
2.39102e+16
8.15174e+15
1.58123e+16
1.38943e+16
9.22723e+15
6.35823e+15
1.84185e+16
7.75619e+15
5.85125e+15
2.63567e+15
1.02869e+15
3.41232e+15
1.08749e+15
6.24561e+14
5.43712e+14
0
0
4.46788e+16
1.09739e+16
1.12733e+16
5.14119e+15
7.01117e+15
1.26932e+16
1.15077e+16
7.93619e+15
1.09372e+16
1.0561e+16
3.33548e+15
7.26926e+15
3.77816e+15
2.35935e+15
4.64689e+15
6.23554e+14
1.79058e+14
0
0
0
1.98606e+16
1.8293e+16
7.5168e+15
4.57072e+15
1.0129e+16
1.26954e+16
9.4438e+15
6.17364e+15
7.29271e+15
1.17364e+16
3.70672e+15
6.33838e+15
5.0384e+15
4.12956e+15
1.30461e+15
8.31546e+14
1.07453e+15
1.03937e+14
0
0
1.51112e+16
5.56737e+15
1.57279e+16
1.13025e+16
1.0078e+16
8.73947e+15
8.0836e+15
6.7104e+15
3.69916e+15
5.35785e+15
3.38436e+15
3.40421e+15
3.25849e+15
2.39392e+15
1.11671e+15
3.16345e+14
2.72523e+14
2.37245e+14
6.94667e+13
0
1.90229e+16
1.16809e+16
7.19974e+15
5.10758e+15
5.47277e+15
4.63234e+15
7.53789e+15
6.75798e+15
7.76123e+15
0
4.73383e+15
3.09503e+15
1.2869e+15
1.00454e+15
5.2066e+14
4.42484e+14
3.04951e+14
1.32737e+14
0
0
0
6.3028e+15
3.23737e+15
4.59325e+15
3.57939e+15
3.81871e+15
2.37259e+15
2.02582e+15
5.58374e+15
1.34791e+15
4.25714e+15
1.49874e+15
1.30197e+15
7.90461e+14
7.49168e+14
0
6.85606e+13
1.19371e+14
0
0
0
3.95741e+15
0
6.18004e+14
2.52836e+15
2.28871e+15
3.19223e+15
1.43097e+15
1.31472e+15
1.2695e+15
2.00473e+15
2.41979e+15
1.22623e+15
3.1906e+14
1.76396e+14
1.4991e+14
1.29144e+14
5.62131e+13
4.93785e+13
0
1.04117e+16
0
9.85145e+14
5.99034e+14
1.22538e+15
6.33846e+14
1.54712e+15
9.24699e+14
0
0
1.16592e+15
9.77297e+14
1.32066e+14
7.21622e+14
0
0
0
0
0
0
0
1.88982e+15
9.70685e+14
0
4.02464e+14
6.24542e+14
3.04882e+14
0
2.51132e+15
1.21247e+15
3.82935e+14
1.9259e+14
2.60254e+14
2.03151e+14
1.68472e+14
0
0
0
0
0
0
0
0
0
0
0
0
0
0
0
0
0
0
0
0
0
0
0
0
0
4.24046e+15
0
8.02459e+14
9.75897e+14
3.65986e+15
1.03261e+15
7.56132e+14
1.50644e+15
0
0
9.4971e+14
9.55279e+14
6.45451e+14
5.03832e+14
6.96372e+13
5.91813e+13
0
4.43834e+13
0
0
4.37474e+15
0
1.65574e+15
5.034e+15
2.746e+15
2.66327e+15
2.86028e+15
1.16561e+15
2.14184e+15
0
9.79784e+14
1.97106e+15
1.10982e+15
7.7968e+14
5.74739e+14
3.66332e+14
5.25976e+13
4.57889e+13
0
0
9.28995e+15
3.42267e+15
3.51604e+15
6.41395e+15
5.4668e+15
6.78668e+15
4.14132e+15
4.53791e+15
4.54829e+15
5.48978e+15
4.16123e+15
2.96482e+15
3.1816e+15
2.1156e+15
1.22048e+15
2.59307e+14
1.11693e+14
4.86173e+13
4.27063e+13
0
0
1.33207e+16
6.84205e+15
9.50954e+15
6.48421e+15
8.17551e+15
7.06106e+15
7.3397e+15
8.85077e+15
8.54629e+15
5.39838e+15
5.43004e+15
3.40683e+15
1.94336e+15
8.48216e+14
7.92944e+14
3.105e+14
1.62184e+14
1.89953e+14
0
1.84634e+16
9.0699e+15
9.31732e+15
1.69967e+16
1.20723e+16
1.3863e+16
1.06085e+16
7.65242e+15
6.02637e+15
4.36429e+15
5.51352e+15
9.01201e+15
4.9962e+15
2.80311e+15
2.02139e+15
1.28841e+15
2.95981e+14
1.9325e+14
1.13169e+14
0
2.42665e+16
1.19206e+16
1.98994e+16
2.69926e+16
1.5232e+16
1.1326e+16
1.63466e+16
1.0776e+16
1.18807e+16
7.64798e+15
1.02658e+16
6.98521e+15
5.33529e+15
4.32485e+15
1.72686e+15
1.35469e+15
3.89009e+14
2.53989e+14
7.43693e+13
0
3.63936e+16
2.23473e+16
1.83655e+16
1.11675e+16
1.7133e+16
1.84632e+16
7.21053e+15
1.18516e+16
1.7818e+16
1.147e+16
9.0565e+15
1.00206e+16
7.38608e+15
4.56434e+15
1.99219e+15
1.52376e+15
5.83414e+14
5.07892e+14
0
0
2.1157e+16
3.11792e+16
1.20112e+16
1.94762e+16
1.99202e+16
1.93201e+16
1.25753e+16
7.51612e+15
5.17915e+15
1.0002e+16
7.89734e+15
1.11211e+16
7.51417e+15
3.3517e+15
1.73721e+15
1.77165e+15
5.08742e+14
0
0
0
0
1.37111e+16
7.04256e+15
8.56469e+15
1.75198e+16
1.35936e+16
8.84798e+15
9.91566e+15
0
0
1.11132e+16
9.78103e+15
6.60872e+15
5.1587e+15
1.83345e+15
5.19388e+14
8.94878e+14
0
0
0
0
1.37111e+16
3.52128e+16
1.71294e+16
8.75992e+15
1.35936e+16
1.106e+16
1.65261e+16
0
3.5187e+16
1.11132e+16
1.53702e+16
9.44103e+15
3.68478e+15
3.05576e+15
1.03878e+15
4.47439e+14
0
6.84319e+14
0
2.1157e+16
7.79481e+15
1.60149e+16
4.86906e+15
9.9601e+15
7.72802e+15
6.28764e+15
1.31532e+16
0
1.0002e+16
1.42152e+16
1.03267e+16
2.68363e+15
4.60859e+15
6.94884e+14
8.85823e+14
2.54371e+14
0
1.94519e+14
0
1.21312e+16
8.93892e+15
1.37741e+16
1.39593e+16
1.23739e+16
1.47705e+16
1.22579e+16
1.2929e+16
8.90901e+15
1.43375e+16
1.17734e+16
8.19865e+15
6.15506e+15
2.40229e+15
2.19141e+15
1.01584e+15
4.37561e+14
1.26973e+14
2.2307e+14
0
2.42665e+16
2.38411e+16
4.59216e+15
1.58233e+16
1.45973e+16
1.23109e+16
1.20196e+16
1.50864e+16
1.7821e+16
1.7208e+16
1.08696e+16
8.80744e+15
6.77172e+15
2.56287e+15
2.39104e+15
1.69336e+15
3.89009e+14
2.53989e+14
0
0
1.84634e+16
2.04073e+16
1.3976e+16
1.48721e+16
1.11065e+16
9.36686e+15
9.51104e+15
7.65242e+15
4.51978e+15
1.01833e+16
1.14865e+16
8.78094e+15
3.12263e+15
3.77811e+15
1.61711e+15
5.15364e+14
4.43972e+14
2.57667e+14
5.65847e+13
0
0
7.61185e+15
5.86462e+15
4.75477e+15
1.41842e+16
5.97441e+15
9.51708e+15
7.3397e+15
1.2644e+15
3.6627e+15
5.78398e+15
2.52109e+15
3.40683e+15
2.04564e+15
1.27232e+15
6.48773e+14
1.863e+14
1.08122e+14
0
0
1.39349e+16
3.42267e+15
3.51604e+15
5.34496e+15
6.19571e+15
5.09001e+15
6.07393e+15
5.36299e+15
2.27414e+15
6.58773e+15
2.08061e+15
3.48803e+15
2.23891e+15
2.1156e+15
1.22048e+15
6.48269e+14
2.23387e+14
9.72346e+13
0
0
4.37474e+15
4.83532e+15
3.31148e+15
6.04081e+15
1.373e+15
2.39694e+15
2.86028e+15
7.77074e+14
1.07092e+15
2.06816e+15
1.95957e+15
1.64255e+15
1.2208e+15
6.93049e+14
2.87369e+14
4.27388e+14
1.05195e+14
0
0
0
4.24046e+15
0
8.02459e+14
4.39154e+15
1.99629e+15
1.29076e+15
1.51226e+15
3.76611e+14
2.0761e+15
0
9.4971e+14
4.7764e+14
6.45451e+14
3.35888e+14
1.39274e+14
1.77544e+14
5.09831e+13
0
0
0
0
0
1.58136e+15
4.80786e+14
3.27831e+14
5.08726e+14
4.96689e+14
3.71083e+14
1.02281e+15
9.87625e+14
3.11923e+14
1.56876e+14
1.05996e+14
8.27394e+13
1.3723e+14
1.16625e+14
0
0
3.84148e+13
0
0
0
0
0
0
0
0
0
0
0
0
0
0
0
0
0
0
0
0
0
0
0
2.28661e+15
1.39041e+15
2.52819e+15
2.45202e+15
2.394e+14
2.86174e+15
9.85974e+14
9.52055e+14
6.01378e+14
4.53679e+14
7.1525e+14
1.59519e+14
2.64575e+14
0
1.93702e+14
4.21569e+13
0
0
1.66211e+16
1.22473e+16
3.14536e+15
4.30332e+15
4.89047e+15
4.30043e+15
2.71679e+15
4.79759e+15
2.03439e+15
3.92881e+15
2.48169e+15
2.34023e+15
2.00287e+15
1.15199e+15
4.0943e+14
4.6394e+14
1.49877e+14
1.30476e+14
0
0
0
6.50194e+15
7.51422e+15
6.59988e+15
9.00043e+15
8.86356e+15
5.24475e+15
6.26947e+15
9.72027e+15
6.25725e+15
7.24621e+15
4.30696e+15
3.022e+15
1.57263e+15
9.41896e+14
5.54173e+14
2.1218e+14
1.84714e+14
0
0
2.45299e+16
1.0845e+16
1.20692e+16
1.12906e+16
1.50124e+16
9.55739e+15
1.07893e+16
7.84294e+15
1.68135e+16
5.79826e+15
4.76131e+15
6.44704e+15
4.72943e+15
2.72023e+15
2.09473e+15
4.79287e+14
3.53909e+14
5.13492e+13
1.35318e+14
0
3.50744e+16
2.15373e+16
1.99123e+16
1.74893e+16
1.69707e+16
1.49469e+16
1.2856e+16
1.45371e+16
1.28791e+16
1.10543e+16
1.30923e+16
8.7794e+15
5.78366e+15
4.3989e+15
1.82398e+15
1.71329e+15
6.3255e+14
1.83556e+14
5.37461e+13
0
6.14644e+16
3.11371e+16
1.74472e+16
1.76817e+16
1.86876e+16
1.30965e+16
1.82666e+16
2.04708e+16
7.52312e+15
1.81608e+16
9.1772e+15
9.51949e+15
6.43201e+15
5.62933e+15
2.52343e+15
1.93009e+15
8.31361e+14
8.04158e+13
7.06385e+13
0
3.45678e+16
1.6981e+16
1.96247e+16
2.25404e+16
2.71226e+16
2.31488e+16
1.43825e+16
1.53505e+16
3.10276e+16
8.17097e+15
1.11828e+16
1.1681e+16
8.47712e+15
5.93261e+15
3.40606e+15
1.44732e+15
4.1561e+14
2.41206e+14
1.0594e+14
0
4.01913e+16
3.70189e+16
1.90144e+16
1.84992e+16
2.04976e+16
2.07976e+16
1.19444e+16
2.3202e+16
1.96773e+16
1.90004e+16
6.00093e+15
1.28268e+16
5.60782e+15
5.96918e+15
2.97011e+15
1.40231e+15
2.4161e+14
0
1.84761e+14
0
3.53483e+16
3.90698e+16
4.01356e+16
2.84726e+16
2.21879e+16
2.15195e+16
1.26062e+16
1.56971e+16
8.65312e+15
0
1.84724e+16
1.06176e+16
1.07609e+16
6.29988e+15
3.48295e+15
1.48e+15
1.27498e+15
0
3.24995e+14
0
0
3.90698e+16
1.33785e+16
8.13504e+15
5.54698e+15
1.29117e+16
1.68082e+16
1.56971e+16
8.65312e+15
8.35544e+15
7.91674e+15
5.30878e+15
1.16576e+16
6.29988e+15
2.32197e+15
1.97333e+15
8.49986e+14
3.69978e+14
0
0
6.02869e+16
7.40378e+15
3.0423e+16
1.84992e+16
2.20744e+16
2.93614e+16
1.91111e+16
2.49868e+16
9.83867e+15
0
1.05016e+16
1.05632e+16
5.09801e+15
6.76507e+15
1.65006e+15
1.68277e+15
1.69127e+15
2.10334e+14
0
0
2.30452e+16
3.3962e+16
1.96247e+16
1.98886e+16
2.0794e+16
2.31488e+16
2.05464e+16
1.33038e+16
1.97449e+16
2.72366e+16
1.72043e+16
1.12484e+16
9.06175e+15
2.50995e+15
2.2707e+15
9.64882e+14
4.1561e+14
1.20603e+14
1.0594e+14
0
1.53661e+16
2.26451e+16
1.89011e+16
2.12181e+16
2.773e+16
1.77738e+16
1.87232e+16
1.29648e+16
1.6927e+16
1.45286e+16
1.60601e+16
1.15388e+16
8.96583e+15
6.23791e+15
2.52343e+15
2.03732e+15
3.69494e+14
3.21663e+14
0
0
1.75372e+16
2.3691e+16
2.10185e+16
1.34533e+16
1.6512e+16
1.74381e+16
1.2161e+16
1.24603e+16
8.58608e+15
8.2907e+15
1.17831e+16
8.12095e+15
6.82175e+15
3.35705e+15
2.30398e+15
6.5268e+14
4.91983e+14
4.28296e+14
5.37461e+13
0
3.92479e+16
9.03749e+15
1.94964e+16
5.64531e+15
1.1548e+16
1.43361e+16
1.25389e+16
9.15009e+15
6.00483e+15
5.79826e+15
8.42386e+15
4.97343e+15
5.47619e+15
2.72023e+15
1.53076e+15
7.53166e+14
5.30863e+14
1.54048e+14
4.5106e+13
0
2.20598e+16
9.75291e+15
5.84439e+15
8.63061e+15
9.69277e+15
6.44623e+15
6.81818e+15
4.70211e+15
5.40015e+15
5.21438e+15
1.64687e+15
3.64435e+15
2.79815e+15
2.44631e+15
1.0868e+15
6.15748e+14
3.1827e+14
9.23568e+13
4.05639e+13
0
4.15528e+15
3.06183e+15
7.07706e+15
7.17221e+15
3.91237e+15
3.28857e+15
3.45774e+15
2.95237e+15
1.0172e+15
4.91102e+15
2.48169e+15
2.18421e+15
1.89746e+15
1.23428e+15
6.82383e+14
4.05948e+14
1.99836e+14
4.34918e+13
1.14612e+14
0
4.02773e+15
5.93571e+15
2.28661e+15
1.85388e+15
2.21216e+15
2.94242e+15
7.18201e+14
1.07315e+15
1.97195e+15
9.52055e+14
3.00689e+14
1.20981e+15
5.10893e+14
4.78557e+14
2.64575e+14
1.12425e+14
0
1.26471e+14
0
0
0
0
1.50203e+15
9.13335e+14
3.11385e+14
9.66411e+14
4.71772e+14
0
0
0
2.96275e+14
2.98013e+14
3.02036e+14
2.35766e+14
6.51729e+13
0
0
0
0
0
0
0
0
0
0
0
0
0
0
0
0
0
0
0
0
0
0
0
0
0
0
0
5.81765e+15
3.03216e+15
3.79045e+15
2.941e+15
1.82726e+15
2.3403e+15
1.07509e+15
3.11431e+15
2.9508e+15
8.24472e+14
8.9131e+14
5.2181e+14
1.44244e+14
1.22586e+14
5.28024e+13
0
0
0
0
1.1685e+16
3.42964e+15
6.77772e+15
5.33248e+15
4.68912e+15
4.30886e+15
4.82881e+15
2.21827e+15
3.21293e+15
2.36774e+15
2.04139e+15
1.14942e+15
1.34584e+15
9.67277e+14
3.1617e+14
1.08949e+14
4.74228e+13
0
0
1.44322e+16
1.41792e+16
1.72971e+16
7.19639e+15
1.47209e+16
8.78607e+15
8.57818e+15
8.54516e+15
7.06588e+15
4.54853e+15
6.46457e+15
6.14123e+15
3.29513e+15
2.28635e+15
8.69023e+14
6.71401e+14
3.47036e+14
1.51056e+14
0
0
5.3494e+15
3.74464e+16
1.41724e+16
1.662e+16
1.6789e+16
1.33522e+16
1.11285e+16
1.37779e+16
1.04761e+16
6.32232e+15
1.03833e+16
7.43144e+15
4.74977e+15
3.38982e+15
2.10836e+15
1.4185e+15
7.07476e+14
1.11981e+14
4.91828e+13
0
1.27482e+16
2.34838e+16
2.41245e+16
1.68697e+16
2.55062e+16
2.01783e+16
1.89431e+16
1.5851e+16
1.56035e+16
1.20534e+16
1.37998e+16
8.61562e+15
8.08513e+15
5.04893e+15
2.09351e+15
1.9571e+15
7.66357e+13
4.67007e+14
1.17208e+14
0
4.18873e+16
3.39513e+16
1.58534e+16
2.40998e+16
2.1034e+16
2.34603e+16
1.94196e+16
1.71128e+16
1.64062e+16
1.38615e+16
1.75117e+16
1.22671e+16
7.86345e+15
6.80171e+15
3.85211e+15
1.16919e+15
5.03612e+14
1.75368e+14
2.31069e+14
0
1.25641e+16
4.16605e+16
1.42656e+16
3.75893e+16
2.26734e+16
2.5241e+16
2.09099e+16
1.11586e+16
2.76807e+16
1.7819e+16
2.43871e+16
1.08499e+16
1.14744e+16
5.97122e+15
3.71391e+15
1.57814e+15
1.05741e+15
1.31504e+14
2.3103e+14
0
4.38239e+16
3.22918e+16
2.90261e+16
3.52996e+16
3.26658e+16
2.00094e+16
2.34432e+16
2.3353e+16
1.60919e+16
1.03589e+16
1.30866e+16
1.31634e+16
1.3897e+16
8.67825e+15
2.51888e+15
9.17432e+14
7.90343e+14
1.14672e+15
0
0
3.85431e+16
2.84007e+16
5.1057e+16
2.21758e+16
3.93142e+16
1.64251e+16
2.06183e+16
4.10779e+16
4.71761e+16
9.11063e+15
2.58968e+16
1.44715e+16
1.07557e+16
7.63253e+15
1.89888e+15
2.68961e+15
9.2681e+14
4.03418e+14
3.54369e+14
0
3.85431e+16
1.42003e+16
5.83508e+16
1.33055e+16
3.02417e+16
1.64251e+16
2.06183e+16
2.39621e+16
9.43522e+15
1.82213e+16
8.63228e+15
8.6829e+15
7.82233e+15
7.63253e+15
5.06367e+15
2.68961e+15
1.85362e+15
0
0
0
6.57358e+16
2.42189e+16
1.65863e+16
2.26926e+16
2.7508e+16
2.53453e+16
1.9536e+16
2.14069e+16
2.14558e+16
1.03589e+16
1.96299e+16
1.31634e+16
8.89406e+15
4.77304e+15
3.23856e+15
2.44648e+15
1.05379e+15
4.58689e+14
0
0
3.76922e+16
1.85158e+16
2.13985e+16
2.02404e+16
2.26734e+16
2.14166e+16
2.24035e+16
3.12441e+16
1.53782e+16
2.67285e+16
2.06352e+16
1.08499e+16
1.14744e+16
6.46882e+15
4.33289e+15
1.92883e+15
4.53174e+14
9.20526e+14
0
0
2.51324e+16
3.08648e+16
3.32921e+16
2.02438e+16
2.62925e+16
2.55003e+16
2.09134e+16
1.63687e+16
1.02539e+16
1.38615e+16
1.75117e+16
1.06944e+16
9.98871e+15
5.97223e+15
4.12726e+15
8.18431e+14
6.04334e+14
0
0
0
3.18704e+16
3.28774e+16
2.41245e+16
2.0537e+16
1.95048e+16
1.62978e+16
1.62911e+16
1.24543e+16
2.34053e+16
1.35601e+16
1.33239e+16
1.34021e+16
9.37875e+15
6.05871e+15
2.51222e+15
1.15647e+15
9.96265e+14
3.33576e+14
1.17208e+14
0
0
1.37961e+16
1.51847e+16
9.84887e+15
1.30114e+16
1.46548e+16
1.27183e+16
8.0767e+15
1.17856e+16
7.58678e+15
9.58459e+15
8.63654e+15
5.02118e+15
4.55507e+15
2.63545e+15
1.04521e+15
9.6474e+14
2.79952e+14
4.91828e+13
0
2.88643e+16
7.0896e+15
1.27452e+16
7.74996e+15
1.24561e+16
9.66467e+15
8.29224e+15
1.19632e+16
1.05988e+16
5.68567e+15
5.38714e+15
4.15436e+15
3.7833e+15
2.09582e+15
1.42204e+15
1.14138e+15
2.31358e+14
5.03521e+13
4.42301e+13
0
1.35925e+16
1.66929e+15
4.28706e+15
4.17091e+15
5.68798e+15
3.30997e+15
3.77026e+15
3.62161e+15
2.21827e+15
5.35489e+15
3.38249e+15
3.91267e+15
1.60919e+15
1.70472e+15
7.44059e+14
1.89702e+14
2.72372e+14
9.48455e+13
0
0
0
1.61805e+15
1.66219e+15
3.03216e+15
1.72293e+15
2.67364e+15
3.39349e+15
7.80099e+14
1.07509e+15
0
6.55732e+14
1.15426e+15
8.9131e+14
6.08778e+14
2.16366e+14
2.45172e+14
1.58407e+14
9.19343e+13
0
0
0
0
0
1.49383e+15
1.01859e+15
5.26879e+14
5.14412e+14
3.84324e+14
3.17792e+15
1.02287e+15
3.23053e+14
6.49896e+14
4.39113e+14
2.57075e+14
7.10634e+13
0
5.20273e+13
0
0
0
0
0
0
0
0
0
0
0
0
0
0
0
0
0
0
0
0
0
0
0
5.52303e+15
0
0
2.54214e+15
2.60009e+15
2.0174e+15
2.29794e+15
1.96208e+15
5.40807e+15
2.61101e+15
4.1232e+15
1.24421e+15
1.1209e+15
9.84332e+14
6.34898e+14
3.08325e+14
1.99211e+14
0
0
0
5.69793e+15
8.39709e+15
5.39134e+15
7.21226e+15
7.15313e+15
4.16257e+15
2.37071e+15
4.55449e+15
2.78966e+15
5.38739e+15
2.97764e+15
3.63691e+15
1.87914e+15
1.0155e+15
5.61431e+14
3.18089e+14
3.42532e+14
2.38553e+14
1.04774e+14
0
1.81497e+16
6.68684e+15
1.71731e+16
1.18347e+16
1.13925e+16
8.83939e+15
1.00686e+16
7.52239e+15
1.03669e+16
1.57305e+16
7.22645e+15
4.77017e+15
2.60913e+15
2.27627e+15
1.68898e+15
1.01321e+15
2.18214e+14
2.53289e+14
5.56232e+13
0
2.69093e+16
1.73497e+16
2.03692e+16
2.78681e+16
1.58352e+16
1.6382e+16
1.83935e+16
8.36472e+15
1.48214e+16
1.43116e+16
5.5245e+15
9.0931e+15
5.97325e+15
3.5969e+15
2.32001e+15
1.40834e+15
5.66181e+14
7.04127e+13
1.23703e+14
0
3.20638e+16
2.36264e+16
1.51693e+16
2.58271e+16
2.83026e+16
1.708e+16
2.28697e+16
1.9934e+16
9.81139e+15
1.13686e+16
1.97482e+16
1.38446e+16
8.54091e+15
4.12715e+15
3.42261e+15
1.6781e+15
5.78257e+14
8.39003e+13
1.47399e+14
0
4.21415e+16
3.10522e+16
1.79433e+16
2.30338e+16
2.89319e+16
2.05241e+16
1.69074e+16
1.96494e+16
1.03161e+16
7.4709e+15
1.65168e+16
1.50314e+16
1.09581e+16
7.71923e+15
3.28725e+15
1.91146e+15
3.80002e+14
1.1027e+14
9.68632e+13
0
3.16008e+16
1.16426e+16
3.88706e+16
2.54541e+16
3.71919e+16
2.21238e+16
3.00526e+16
2.10494e+16
2.32073e+16
1.12045e+16
1.41549e+16
1.42379e+16
1.00209e+16
7.19644e+15
3.37318e+15
1.76413e+15
1.70972e+15
3.30755e+14
0
0
0
2.03049e+16
2.08588e+16
1.90253e+16
2.81074e+16
2.68412e+16
2.62061e+16
1.95789e+16
2.02369e+16
1.30272e+16
1.64576e+16
1.34502e+16
1.32822e+16
1.0368e+16
6.78794e+15
1.53833e+15
3.31308e+14
2.88421e+14
0
0
1.93885e+17
1.78582e+16
3.66906e+16
4.46207e+16
3.80315e+16
2.65577e+16
2.59293e+16
2.15246e+16
2.37312e+16
2.29148e+16
1.80931e+16
5.45975e+15
1.59856e+16
5.75914e+15
3.98e+15
2.02945e+15
2.33109e+15
0
0
0
0
5.35745e+16
1.83453e+16
1.67328e+16
2.28189e+16
4.1312e+16
2.30483e+16
3.01344e+16
1.18656e+16
3.43722e+16
3.61861e+15
1.09195e+16
6.14829e+15
3.83943e+15
7.16401e+15
3.38241e+15
5.82772e+14
0
0
0
5.51123e+16
5.07622e+16
2.60735e+16
5.07341e+16
2.16211e+16
3.01963e+16
2.62061e+16
2.6921e+16
2.69826e+16
2.60543e+16
1.0286e+16
1.55194e+16
1.0486e+16
9.82229e+15
5.88289e+15
1.53833e+15
9.93925e+14
0
2.53354e+14
0
4.74012e+16
1.16426e+16
1.49502e+16
1.99996e+16
4.21508e+16
3.27047e+16
2.06612e+16
2.80658e+16
3.0943e+16
2.61437e+16
2.00527e+16
1.60176e+16
9.21924e+15
5.94488e+15
4.41108e+15
1.98464e+15
5.69906e+14
1.65377e+14
1.4527e+14
0
3.16061e+16
3.10522e+16
1.59496e+16
2.90953e+16
2.39722e+16
2.30896e+16
3.50673e+16
2.33922e+16
2.32112e+16
1.99224e+16
1.96629e+16
1.02847e+16
6.94901e+15
8.34511e+15
3.63327e+15
1.61739e+15
8.8667e+14
0
9.68632e+13
0
1.60319e+16
2.65797e+16
1.66862e+16
2.85943e+16
1.69816e+16
1.952e+16
2.23933e+16
1.77982e+16
1.96228e+16
1.70529e+16
1.79529e+16
1.35436e+16
8.94762e+15
5.55578e+15
3.68589e+15
1.78998e+15
9.63761e+14
2.51701e+14
2.21098e+14
0
3.36367e+16
2.47853e+16
2.54615e+16
1.85787e+16
1.79465e+16
1.47438e+16
9.59662e+15
7.76724e+15
1.64683e+16
1.43116e+16
6.02672e+15
7.57758e+15
6.48524e+15
4.52943e+15
2.8724e+15
1.12667e+15
6.47063e+14
4.22476e+14
6.18517e+13
0
6.0499e+15
8.91579e+15
1.71731e+16
1.04424e+16
1.28165e+16
1.17859e+16
8.27065e+15
1.18209e+16
1.03669e+16
4.29013e+15
7.6781e+15
5.22447e+15
3.53e+15
2.51587e+15
1.68898e+15
0
4.36428e+14
6.33222e+13
5.56232e+13
0
5.69793e+15
6.29782e+15
3.23481e+15
7.21226e+15
6.25898e+15
4.50945e+15
5.41877e+15
3.54238e+15
1.11587e+16
4.04054e+15
2.55226e+15
3.20904e+15
2.60189e+15
1.46684e+15
1.12286e+15
4.77134e+14
1.37013e+14
2.98191e+14
1.04774e+14
0
0
4.06967e+15
2.09034e+15
1.27107e+15
3.46678e+15
2.0174e+15
1.96967e+15
9.81042e+14
4.05605e+15
1.30551e+15
1.23696e+15
1.65895e+15
7.00562e+14
3.28111e+14
7.25598e+14
2.31244e+14
6.64036e+13
0
5.07792e+13
0
0
0
0
6.26205e+14
1.70795e+15
6.62596e+14
6.46918e+14
4.83321e+14
1.33217e+15
0
8.12536e+14
1.02163e+15
8.28335e+14
1.07765e+14
2.68105e+14
0
0
5.69591e+13
0
0
0
0
0
0
0
0
0
0
0
0
0
0
0
0
0
0
0
0
0
0
0
5.9941e+15
0
3.74424e+15
1.9148e+15
3.4666e+15
2.41756e+15
2.8899e+15
5.97405e+15
3.84569e+15
2.42918e+15
1.22171e+15
8.25471e+14
6.44354e+14
0
2.27062e+14
9.78039e+13
0
0
0
8.39232e+15
6.18392e+15
9.52891e+15
7.72562e+15
6.58477e+15
8.17458e+15
5.48705e+15
3.72677e+15
0
3.96747e+15
4.38568e+15
2.5208e+15
5.10967e+15
2.32665e+15
6.89097e+14
2.34252e+14
3.02703e+14
8.78395e+13
7.71597e+13
0
3.56429e+16
1.64148e+16
8.43127e+15
7.17749e+15
9.08898e+15
1.19344e+16
7.41489e+15
7.91395e+15
6.54394e+15
2.10627e+15
7.3175e+15
6.69128e+15
3.84292e+15
2.99974e+15
1.17066e+15
1.11925e+15
2.14268e+14
9.32655e+13
8.19259e+13
0
0
2.19034e+16
1.87507e+16
1.48222e+16
1.86586e+16
2.17157e+16
1.41346e+16
1.58402e+16
2.18301e+16
9.36849e+15
1.70135e+16
8.55662e+15
6.0328e+15
4.12049e+15
2.76621e+15
1.93601e+15
3.57391e+14
0
9.10996e+13
0
0
3.91485e+16
2.90452e+16
2.30957e+16
1.57481e+16
1.72502e+16
1.89473e+16
1.36315e+16
5.78037e+15
8.37227e+15
1.67468e+16
1.28554e+16
8.08693e+15
5.14357e+15
3.10219e+15
9.88652e+14
8.51698e+14
6.17872e+14
1.0855e+14
0
0
2.28679e+16
2.64282e+16
3.21403e+16
2.67853e+16
2.36167e+16
2.02909e+16
3.03192e+16
3.41871e+16
7.33579e+15
1.27428e+16
1.45654e+16
1.33842e+16
9.52574e+15
5.09652e+15
1.73252e+15
1.49252e+15
3.24828e+14
2.85334e+14
0
0
1.7148e+16
5.28475e+16
2.41011e+16
2.19116e+16
2.83352e+16
1.79821e+16
3.30699e+16
2.27876e+16
5.50091e+15
2.43231e+16
1.48542e+16
1.00365e+16
7.37352e+15
5.73261e+15
2.59833e+15
1.6788e+15
4.87159e+14
0
0
1.2176e+17
1.49532e+16
2.30417e+16
4.20327e+16
3.18451e+16
3.21211e+16
2.89487e+16
1.44186e+16
1.98709e+16
9.59368e+15
1.81799e+16
1.2191e+16
8.23707e+15
6.42977e+15
2.66607e+15
1.69933e+15
9.7595e+14
0
0
0
0
1.05211e+17
0
2.46452e+16
2.24062e+16
1.73849e+16
1.69736e+16
2.53624e+16
5.24296e+16
1.68753e+16
3.73083e+16
1.34025e+16
1.08668e+16
2.82749e+15
1.17241e+15
2.98912e+15
0
0
1.31277e+15
0
0
2.63028e+16
2.70203e+16
2.46452e+16
4.48125e+16
4.78086e+16
1.69736e+16
6.3406e+16
0
3.37506e+16
1.06595e+16
2.41245e+16
1.08668e+16
8.48248e+15
5.86204e+15
9.96373e+14
8.58349e+14
0
0
0
8.11734e+16
1.49532e+16
3.84029e+16
2.80218e+16
2.54761e+16
3.95336e+16
1.92991e+16
1.80233e+16
1.98709e+16
2.8781e+16
2.42399e+16
1.82865e+16
8.23707e+15
4.82233e+15
7.3317e+15
1.69933e+15
1.46392e+15
0
3.73157e+14
0
6.98159e+16
6.85922e+16
1.76158e+16
2.94569e+16
2.92154e+16
2.55017e+16
1.93653e+16
2.06687e+16
2.84845e+16
2.75045e+16
1.73736e+16
1.13591e+16
1.2398e+16
7.37352e+15
2.29305e+15
2.27354e+15
1.1192e+15
7.30739e+14
2.13964e+14
0
6.20691e+16
5.71698e+15
3.52376e+16
2.67835e+16
2.67853e+16
2.36167e+16
2.21356e+16
2.48066e+16
3.03886e+16
7.33579e+15
1.27428e+16
1.45654e+16
8.66039e+15
7.06748e+15
4.58687e+15
8.66258e+14
1.67908e+15
6.49656e+14
0
0
9.44519e+16
1.30495e+16
1.56397e+16
2.17371e+16
2.50117e+16
1.72502e+16
1.96491e+16
1.88744e+16
1.15607e+16
5.58151e+15
1.4984e+16
9.30907e+15
1.01835e+16
4.67598e+15
3.68386e+15
1.64775e+15
9.93648e+14
0
0
0
1.9817e+16
3.28551e+16
2.25009e+16
2.16632e+16
1.78811e+16
9.65142e+15
1.35456e+16
1.14401e+16
1.94045e+16
7.02637e+15
1.0356e+16
8.1846e+15
7.03826e+15
5.10156e+15
2.27806e+15
1.24458e+15
2.3826e+14
1.03709e+14
9.10996e+13
0
0
2.62636e+16
1.51763e+16
1.4355e+16
1.18856e+16
7.59459e+15
9.0038e+15
7.91395e+15
8.72525e+15
1.47439e+16
5.32182e+15
8.02954e+15
4.97319e+15
2.47037e+15
1.46333e+15
6.21806e+14
4.28536e+14
9.32655e+13
0
0
8.39232e+15
0
1.58815e+15
2.89711e+15
5.26782e+15
4.5982e+15
3.99058e+15
2.98141e+15
4.10882e+15
3.96747e+15
5.63873e+15
2.2057e+15
3.61935e+15
1.6619e+15
1.10256e+15
3.51378e+14
3.02703e+14
8.78395e+13
0
0
2.44042e+16
5.9941e+15
0
0
3.19133e+15
1.98091e+15
1.45053e+15
7.22475e+14
1.99135e+15
0
0
9.16284e+14
6.19103e+14
9.6653e+14
2.67178e+14
1.13531e+14
9.78039e+13
0
0
0
0
0
1.51681e+15
9.22321e+14
0
1.46388e+15
9.52828e+14
0
0
0
5.9838e+14
3.00945e+14
6.10016e+14
0
0
1.11864e+14
0
0
0
0
0
0
0
0
0
0
0
0
0
0
0
0
0
0
0
0
0
0
0
0
0
5.19723e+15
5.33901e+15
3.24647e+15
5.53413e+15
2.57635e+15
1.67693e+15
1.25285e+15
0
6.66886e+15
0
0
1.43146e+15
1.39673e+15
2.31659e+14
7.87503e+14
0
0
0
0
0
0
1.37702e+16
1.33971e+16
5.70938e+15
5.31587e+15
4.32508e+15
5.17011e+15
7.12516e+15
6.88004e+15
5.43234e+15
4.91778e+15
1.84599e+15
1.15277e+15
1.19497e+15
4.0622e+14
5.24922e+14
0
0
0
1.54522e+16
2.84651e+16
1.46208e+16
3.55617e+15
1.45489e+16
9.40706e+15
9.18448e+15
2.74474e+15
3.78264e+15
7.30503e+15
4.61432e+15
5.80173e+15
5.09605e+15
4.28391e+15
1.52255e+15
6.46969e+14
3.71565e+14
1.61733e+14
0
0
8.59124e+16
0
2.27611e+16
1.58175e+16
2.02225e+16
1.35985e+16
1.94045e+16
2.59427e+16
1.68248e+16
3.24921e+16
1.15448e+16
9.67706e+15
1.00257e+16
3.74283e+15
1.69303e+15
1.91844e+15
4.13171e+14
0
1.57977e+14
0
2.04738e+16
1.50862e+16
3.48699e+16
3.53387e+16
3.69475e+16
2.36818e+16
1.21692e+16
2.18202e+16
1.00238e+16
9.67898e+15
1.68131e+16
1.0762e+16
1.19461e+16
4.45977e+15
2.35356e+15
2.28592e+15
1.23078e+15
2.14292e+14
0
0
0
1.98278e+16
3.0553e+16
3.40602e+16
2.11131e+16
2.29342e+16
2.3991e+16
1.91189e+16
1.31743e+16
1.27211e+16
1.80798e+16
1.91961e+16
1.22875e+16
6.92721e+15
5.30277e+15
1.12664e+15
3.23524e+14
0
0
0
0
1.48683e+16
3.81848e+16
2.32189e+16
2.84978e+16
3.43955e+16
3.1183e+16
1.07526e+16
0
9.5392e+15
1.50639e+16
1.3637e+16
1.9452e+16
5.5941e+15
9.27827e+15
2.2529e+15
9.70408e+14
8.4479e+14
3.71039e+14
0
7.0382e+16
2.59306e+16
1.3319e+16
0
2.76115e+16
1.28542e+16
3.34669e+16
2.50035e+16
1.72292e+16
0
3.15261e+16
1.05703e+16
1.60695e+16
6.96872e+15
4.62328e+15
1.96455e+15
8.46204e+14
1.47333e+15
6.47097e+14
0
0
4.5612e+16
2.34281e+16
4.27376e+16
4.85687e+16
7.53687e+15
6.62269e+16
1.09953e+16
3.03063e+16
0
0
3.71864e+16
1.25628e+16
1.2258e+16
1.21985e+16
1.72782e+15
1.48848e+15
0
0
0
0
0
1.40569e+17
0
2.91412e+16
2.26106e+16
5.88683e+16
4.39813e+16
0
0
9.2424e+15
2.78898e+16
2.51256e+16
4.9032e+15
0
3.45565e+15
0
1.29579e+15
0
0
0
2.59306e+16
1.3319e+16
8.09884e+15
3.86561e+16
2.57084e+16
1.67334e+16
3.12544e+16
6.8917e+16
1.66365e+16
2.10174e+16
1.05703e+16
2.1426e+16
4.18123e+15
1.04024e+16
1.96455e+15
0
0
0
0
8.07125e+16
2.97367e+16
4.58218e+16
4.17941e+16
4.11636e+16
1.96546e+16
3.1183e+16
1.43368e+16
1.97581e+16
4.7696e+16
2.7115e+16
1.51523e+16
9.21409e+15
7.99158e+15
2.65094e+15
5.63226e+14
1.45561e+15
4.22395e+14
0
0
2.69087e+16
2.97417e+16
2.54609e+16
4.33493e+16
1.90018e+16
1.47434e+16
1.91928e+16
2.15088e+16
1.31743e+16
1.90816e+16
8.03545e+15
1.81858e+16
7.50905e+15
5.86148e+15
3.53518e+15
3.00438e+15
1.2941e+15
8.44933e+14
0
0
2.04738e+16
6.03448e+16
1.54977e+16
3.06269e+16
1.28513e+16
1.74498e+16
1.4603e+16
1.81835e+16
1.00238e+16
0
1.52846e+16
1.30681e+16
8.82971e+15
6.89238e+15
4.37089e+15
1.4287e+15
4.92314e+14
2.14292e+14
0
0
3.4365e+16
3.16525e+16
1.6258e+16
1.58175e+16
1.48299e+16
1.46446e+16
2.04258e+16
9.15624e+15
2.94435e+16
8.12301e+15
1.28275e+16
1.09673e+16
6.53847e+15
2.3818e+15
2.82172e+15
1.67863e+15
8.26342e+14
1.79843e+14
0
0
0
1.1386e+16
1.46208e+16
1.77808e+16
1.21241e+16
1.50513e+16
1.10214e+16
9.60658e+15
1.13479e+16
3.65252e+15
6.92148e+15
5.22155e+15
3.13603e+15
3.97792e+15
7.61273e+14
1.94091e+15
0
1.61733e+14
0
0
2.91065e+16
5.36181e+15
5.50807e+15
3.34928e+15
5.70938e+15
2.65793e+15
6.92012e+15
9.04769e+15
3.56258e+15
3.44002e+15
7.60527e+15
3.82494e+15
2.58438e+15
2.01734e+15
1.43397e+15
2.0311e+14
0
1.52324e+14
0
0
0
5.19723e+15
0
1.62324e+15
3.32048e+15
5.1527e+15
2.51539e+15
5.01141e+15
3.45323e+15
3.33443e+15
1.05312e+15
1.58894e+15
7.15731e+14
1.67607e+15
2.31659e+14
1.96876e+14
0
0
0
0
0
0
0
1.59941e+15
0
8.46177e+14
8.26156e+14
0
0
0
0
5.21873e+14
7.05225e+14
0
0
0
1.67114e+14
0
0
0
0
0
0
0
0
0
0
0
0
0
0
0
0
0
0
0
0
0
0
0
0
0
0
2.85164e+15
0
1.50868e+15
5.89193e+15
0
0
0
3.70016e+15
1.86093e+15
6.28685e+14
9.81489e+14
4.0697e+14
0
0
2.59383e+14
0
0
0
0
9.67639e+15
2.94194e+15
4.01201e+15
7.78227e+15
3.03925e+15
4.54133e+15
6.25861e+15
0
9.54333e+15
1.91986e+15
1.94578e+15
0
1.25957e+15
7.13633e+14
3.07388e+14
0
0
0
8.14377e+16
1.00013e+16
2.05482e+16
9.37102e+15
2.34291e+16
1.32208e+16
6.45399e+15
1.20546e+16
1.32904e+16
0
1.21594e+16
5.09613e+15
4.8206e+15
2.68779e+15
1.78317e+15
0
9.79127e+14
0
2.49582e+14
0
9.05567e+16
2.22424e+16
1.14246e+16
0
2.13157e+16
2.02141e+16
1.61475e+16
2.4128e+16
7.38931e+15
2.14053e+16
1.57744e+16
1.36002e+16
4.59462e+15
5.97752e+15
3.96568e+15
1.26384e+15
7.25843e+14
0
0
0
7.19352e+16
2.65029e+16
3.40323e+16
8.27757e+15
1.69325e+16
2.84655e+16
1.49649e+16
2.55553e+16
2.64142e+16
1.70037e+16
1.34258e+16
9.45314e+15
6.38718e+15
5.69801e+15
5.31597e+15
1.00395e+15
8.64879e+14
0
0
0
0
0
1.78915e+16
1.08792e+16
2.22544e+16
2.59007e+16
1.96684e+16
2.09921e+16
4.62883e+16
0
1.05873e+16
1.59741e+16
9.59391e+15
2.80834e+15
2.32893e+15
2.63899e+15
1.13671e+15
0
4.34625e+14
0
7.08964e+16
0
2.68327e+16
3.26321e+16
7.78773e+16
2.15803e+16
1.26418e+16
1.25931e+16
1.73552e+16
3.35163e+16
0
1.33095e+16
1.07913e+16
4.21179e+15
5.82133e+15
9.89455e+14
0
0
0
0
0
0
0
1.42277e+16
1.94028e+16
0
1.46984e+16
3.2944e+16
0
0
2.76919e+16
4.64238e+15
9.41012e+15
7.34544e+15
2.0305e+15
3.45125e+15
0
2.58829e+15
0
0
0
0
8.23154e+16
0
5.11943e+16
1.32405e+16
1.29272e+16
5.79485e+16
5.3241e+16
5.14094e+16
1.62367e+16
0
2.20699e+16
1.29206e+16
3.57166e+15
0
0
0
0
0
0
0
4.11577e+16
5.00533e+16
1.70648e+16
1.32405e+16
1.29272e+16
5.79485e+16
5.3241e+16
0
0
8.16597e+15
0
4.30688e+15
1.0715e+16
0
2.6149e+15
0
0
0
0
0
7.0195e+16
2.84555e+16
1.94028e+16
5.26909e+16
1.46984e+16
2.19627e+16
0
5.84529e+16
2.76919e+16
9.28477e+15
9.41012e+15
4.89696e+15
0
0
1.48658e+15
0
0
0
7.08964e+16
0
2.68327e+16
3.26321e+16
2.78133e+16
3.88445e+16
2.10697e+16
2.51863e+16
1.73552e+16
3.35163e+16
1.05855e+16
1.59714e+16
7.19421e+15
8.42359e+15
2.32853e+15
9.89455e+14
2.55717e+15
7.42048e+14
6.51827e+14
0
9.45445e+16
3.48328e+16
2.68372e+16
2.71981e+16
3.33816e+16
2.87786e+16
1.40488e+16
2.9389e+16
0
4.46959e+16
1.76455e+16
1.24243e+16
1.07932e+16
1.12334e+16
7.76309e+14
1.3195e+15
5.68356e+14
4.94782e+14
0
0
3.59676e+16
0
2.72259e+16
1.24164e+16
1.41104e+16
2.18965e+16
1.28271e+16
1.91665e+16
1.76095e+16
8.50184e+15
1.61109e+16
9.45314e+15
1.55117e+16
4.27351e+15
1.18133e+15
2.00791e+15
8.64879e+14
7.52921e+14
0
0
0
0
2.28491e+16
2.43141e+16
2.60526e+16
1.10259e+16
1.0765e+16
1.07236e+16
7.38931e+15
0
1.12675e+16
9.06683e+15
8.42347e+15
4.78201e+15
9.9142e+14
4.2128e+14
1.08877e+15
3.15942e+14
0
0
0
1.00013e+16
2.05482e+16
1.56184e+16
1.27795e+16
1.48734e+16
1.2908e+16
1.68765e+16
6.64521e+15
0
1.01328e+16
5.09613e+15
6.19792e+15
3.76291e+15
1.33738e+15
7.57715e+14
6.52752e+14
2.84127e+14
0
0
2.55666e+16
1.88389e+16
9.67639e+15
2.64775e+16
4.01201e+15
4.66936e+15
9.11776e+15
6.812e+15
6.25861e+15
1.20866e+16
1.90867e+15
9.5993e+14
1.29719e+15
1.01257e+15
8.39714e+14
0
0
0
0
0
0
0
0
5.70329e+15
3.88886e+15
1.50868e+15
2.94596e+15
2.20097e+15
6.0665e+15
0
1.85008e+15
9.30465e+14
6.28685e+14
4.90744e+14
8.13939e+14
3.45864e+14
0
0
0
0
0
8.99628e+15
9.24169e+15
0
0
0
0
0
0
0
0
0
0
0
0
0
0
0
0
0
0
0
0
0
0
0
0
0
0
0
0
0
0
0
0
0
0
0
0
0
0
0
4.68969e+15
0
1.94443e+15
0
1.47298e+15
0
6.0665e+15
0
1.85008e+15
9.30465e+14
2.51474e+15
0
0
0
2.97953e+14
0
0
0
0
0
9.67639e+15
1.47097e+16
8.02402e+15
6.22582e+15
6.07851e+15
4.54133e+15
0
6.0433e+15
0
2.87979e+15
6.48593e+14
2.02514e+15
4.19857e+14
1.42727e+15
3.07388e+14
0
0
0
2.71459e+16
2.00026e+16
5.13705e+15
9.37102e+15
1.27795e+16
9.91559e+15
8.06748e+15
1.20546e+16
6.64521e+15
6.41661e+15
4.05314e+15
6.11536e+15
3.44329e+15
4.30047e+15
2.67475e+15
1.13657e+15
3.26376e+14
5.68253e+14
0
0
3.01856e+16
0
1.71368e+16
2.77876e+16
1.42105e+16
2.20518e+16
1.43533e+16
2.14471e+16
7.38931e+15
7.13511e+15
6.76048e+15
5.66677e+15
6.89193e+15
2.98876e+15
4.46139e+15
4.2128e+14
3.62922e+14
3.15942e+14
0
0
3.59676e+16
1.32514e+16
1.36129e+16
2.06939e+16
2.53988e+16
6.56895e+15
1.06892e+16
1.59721e+16
2.64142e+16
2.55055e+16
1.34258e+16
1.48549e+16
8.21209e+15
6.41026e+15
2.36265e+15
5.01977e+14
8.64879e+14
0
0
0
0
1.74164e+16
4.47287e+16
3.26377e+16
2.22544e+16
2.0145e+16
3.6527e+16
8.39685e+15
1.15721e+16
1.1174e+16
2.82328e+16
2.48485e+16
1.43909e+16
1.21695e+16
1.55262e+15
1.97924e+15
1.13671e+15
9.89565e+14
8.6925e+14
0
0
0
1.34163e+16
4.89482e+16
5.0064e+16
3.45285e+16
1.68557e+16
2.51863e+16
3.47103e+16
1.67581e+16
5.29275e+15
7.98568e+15
1.07913e+16
9.82752e+15
5.82133e+15
4.94727e+15
0
7.42048e+14
0
0
0
4.5554e+16
4.67967e+16
0
3.88055e+16
3.01091e+16
1.46984e+16
1.09813e+16
3.02677e+16
5.84529e+16
1.84613e+16
1.85695e+16
0
4.89696e+15
6.0915e+15
5.17688e+15
0
0
0
0
0
0
0
0
1.70648e+16
2.6481e+16
3.87817e+16
3.86324e+16
0
5.14094e+16
6.49469e+16
0
1.1035e+16
0
0
0
0
0
0
0
0
0
8.23154e+16
5.00533e+16
6.8259e+16
1.32405e+16
3.87817e+16
3.86324e+16
0
1.02819e+17
1.62367e+16
0
5.51748e+15
4.30688e+15
1.0715e+16
0
0
0
1.99963e+15
0
0
4.5554e+16
0
5.6911e+16
3.88055e+16
3.01091e+16
2.20475e+16
1.09813e+16
0
5.84529e+16
9.23064e+15
1.85695e+16
1.56835e+16
9.79392e+15
6.0915e+15
1.72563e+15
1.48658e+15
0
0
0
0
0
6.70817e+16
3.26321e+16
1.11253e+16
3.45285e+16
1.68557e+16
1.88897e+16
1.73552e+16
1.67581e+16
2.1171e+16
2.92808e+16
1.25899e+16
8.42359e+15
5.82133e+15
9.89455e+14
0
0
0
0
0
3.48328e+16
1.78915e+16
2.71981e+16
4.07998e+16
3.45343e+16
2.80977e+16
2.9389e+16
0
0
3.5291e+16
1.7749e+16
1.07932e+16
3.74445e+15
2.32893e+15
1.3195e+15
0
0
4.34625e+14
0
7.19352e+16
2.65029e+16
2.72259e+16
3.31103e+16
1.69325e+16
2.62758e+16
2.99298e+16
2.23609e+16
1.76095e+16
8.50184e+15
1.87961e+16
1.75558e+16
1.0037e+16
5.69801e+15
2.95332e+15
4.51779e+15
1.29732e+15
0
0
0
0
0
3.42737e+16
1.38938e+16
1.65789e+16
1.65388e+16
7.17667e+15
1.34045e+16
3.69466e+16
1.42702e+16
6.76048e+15
1.36002e+16
6.89193e+15
5.37977e+15
2.47855e+15
2.1064e+15
7.25843e+14
3.15942e+14
2.77528e+14
0
2.71459e+16
1.00013e+16
5.13705e+15
1.56184e+16
1.91693e+16
6.61039e+15
6.45399e+15
9.64371e+15
1.32904e+16
1.92498e+16
2.02657e+15
4.0769e+15
4.13195e+15
2.15023e+15
4.45792e+14
0
3.26376e+14
2.84127e+14
0
0
2.55666e+16
1.88389e+16
4.83819e+15
0
2.006e+15
4.66936e+15
6.07851e+15
0
6.25861e+15
6.0433e+15
5.726e+15
2.87979e+15
6.48593e+14
1.51885e+15
4.19857e+14
3.56816e+14
0
0
0
0
0
0
4.68969e+15
0
5.83329e+15
3.01736e+15
1.47298e+15
2.20097e+15
1.2133e+16
0
1.85008e+15
2.7914e+15
1.88605e+15
4.90744e+14
4.0697e+14
3.45864e+14
2.97953e+14
0
0
0
0
0
0
0
3.83178e+15
1.48653e+15
0
0
0
0
0
9.16807e+14
6.19456e+14
9.67082e+14
0
0
0
0
0
0
0
0
0
0
0
0
0
0
0
0
0
0
0
0
0
0
0
0
0
0
1.41065e+16
0
0
3.24647e+15
2.21365e+15
2.57635e+15
3.35385e+15
5.01141e+15
3.45323e+15
6.66886e+15
2.10624e+15
1.05929e+15
1.78933e+15
5.58691e+14
6.94976e+14
1.96876e+14
0
0
0
0
0
1.07236e+16
8.26211e+15
5.02392e+15
9.135e+15
2.65793e+15
2.59505e+15
2.58506e+15
3.56258e+15
3.44002e+15
5.43234e+15
2.7321e+15
3.32278e+15
2.30553e+15
7.16984e+14
4.0622e+14
3.49948e+14
0
0
0
3.09044e+16
1.7079e+16
1.16966e+16
1.24466e+16
1.21241e+16
8.46636e+15
1.19398e+16
1.50961e+16
7.56529e+15
1.09575e+16
1.15358e+16
8.12242e+15
5.09605e+15
3.67192e+15
2.53758e+14
6.46969e+14
0
1.61733e+14
1.42069e+14
0
3.4365e+16
2.5322e+16
2.60127e+16
2.37262e+16
8.08902e+15
2.19669e+16
1.22555e+16
4.57812e+15
1.26186e+16
1.6246e+16
6.41376e+15
1.4193e+16
9.15386e+15
4.08309e+15
4.23258e+15
2.15824e+15
6.19756e+14
1.79843e+14
0
0
0
3.01724e+16
1.16233e+16
2.35592e+16
1.9277e+16
2.74211e+16
1.70369e+16
2.00019e+16
1.00238e+16
2.41975e+16
1.06993e+16
1.30681e+16
9.8685e+15
5.67607e+15
2.68978e+15
8.57218e+14
2.46157e+14
4.28584e+14
0
0
1.07635e+17
9.91391e+15
2.54609e+16
4.0253e+16
2.11131e+16
1.96579e+16
1.11958e+16
1.19493e+16
6.58716e+15
6.36055e+15
1.80798e+16
1.11135e+16
1.09223e+16
9.05865e+15
5.74467e+15
1.12664e+15
3.23524e+14
2.81644e+14
2.47401e+14
0
8.07125e+16
0
1.52739e+16
9.28757e+15
3.48307e+16
2.94819e+16
1.91895e+16
2.86735e+16
0
3.81568e+16
1.20511e+16
2.12132e+16
9.21409e+15
3.99579e+15
4.63914e+15
1.68968e+15
0
8.4479e+14
0
0
0
2.59306e+16
5.3276e+16
2.42965e+16
3.31338e+16
4.71322e+16
1.25501e+16
1.25018e+16
6.8917e+16
1.66365e+16
3.15261e+16
1.8498e+16
1.0713e+16
1.115e+16
6.93491e+15
3.9291e+15
0
1.47333e+15
0
0
0
9.12241e+16
2.34281e+16
0
9.71374e+15
3.76844e+16
2.94342e+16
3.2986e+16
9.09188e+16
2.92637e+16
2.77272e+16
2.32415e+16
1.88442e+16
2.4516e+15
6.09926e+15
3.45565e+15
0
0
0
0
0
0
0
1.42459e+16
2.91412e+16
7.53687e+15
3.67927e+16
1.09953e+16
3.03063e+16
5.85274e+16
1.84848e+16
1.39449e+16
1.25628e+16
1.2258e+16
2.03309e+15
3.45565e+15
0
0
0
0
0
2.59306e+16
1.3319e+16
8.09884e+15
3.31338e+16
2.14237e+16
2.51002e+16
1.25018e+16
3.44585e+16
1.66365e+16
5.25434e+15
1.58555e+16
1.96405e+16
6.96872e+15
3.46746e+15
9.82275e+14
1.69241e+15
1.47333e+15
6.47097e+14
0
4.03562e+16
4.4605e+16
1.52739e+16
3.71503e+16
2.2165e+16
1.96546e+16
2.63856e+16
1.79209e+16
9.87906e+15
9.5392e+15
1.80767e+16
1.96979e+16
1.4333e+16
1.19874e+16
7.29007e+15
1.12645e+15
0
0
3.71039e+14
0
2.69087e+16
9.91391e+15
1.01843e+16
2.78674e+16
3.3781e+16
3.27632e+16
1.91928e+16
1.43392e+16
1.31743e+16
6.36055e+15
4.01772e+15
1.01032e+16
7.50905e+15
4.79576e+15
2.65138e+15
2.62883e+15
6.47049e+14
0
0
0
4.09476e+16
2.26293e+16
1.16233e+16
2.35592e+16
1.60641e+16
1.99426e+16
1.21692e+16
9.09177e+15
5.01191e+15
4.83949e+15
6.11386e+15
9.22457e+15
1.09073e+16
6.08151e+15
4.03467e+15
1.71444e+15
4.92314e+14
2.14292e+14
1.88238e+14
0
1.71825e+16
1.89915e+16
1.6258e+16
1.77947e+16
1.6178e+16
1.56906e+16
1.53194e+16
1.83125e+16
2.94435e+16
2.03075e+16
1.15448e+16
8.38679e+15
5.66668e+15
2.72206e+15
2.25738e+15
1.19902e+15
6.19756e+14
3.59686e+14
3.15954e+14
0
0
1.7079e+16
2.92416e+16
7.11233e+15
9.69928e+15
1.69327e+16
1.01029e+16
1.23513e+16
1.13479e+16
7.30503e+15
5.7679e+15
4.64138e+15
6.27206e+15
4.28391e+15
1.26879e+15
6.46969e+14
3.71565e+14
0
1.42069e+14
0
1.45532e+16
5.36181e+15
0
1.33971e+16
6.85125e+15
8.85978e+15
6.05511e+15
5.17011e+15
0
3.44002e+15
5.43234e+15
2.7321e+15
1.84599e+15
1.44096e+15
2.38995e+14
2.0311e+14
1.74974e+14
0
1.33804e+14
0
0
5.19723e+15
5.33901e+15
0
2.21365e+15
6.87027e+15
1.67693e+15
0
3.45323e+15
3.33443e+15
0
3.17788e+15
1.0736e+15
0
4.63317e+14
3.93751e+14
0
1.47648e+14
0
0
0
0
0
0
2.18116e+15
8.46177e+14
0
0
3.40254e+15
0
1.03766e+15
1.04375e+15
3.52612e+14
0
2.28258e+14
0
0
0
0
0
0
0
0
0
0
0
0
0
0
0
0
0
0
0
0
0
0
0
0
0
0
8.99116e+15
1.5394e+15
1.87212e+15
3.19133e+15
1.48569e+15
2.90107e+15
2.16742e+15
0
7.69138e+15
0
1.83257e+15
1.23821e+15
6.44354e+14
4.00767e+14
0
0
0
0
0
0
6.18392e+15
3.1763e+15
9.65703e+15
5.26782e+15
5.10911e+15
6.98351e+15
3.72677e+15
0
7.93494e+15
1.87958e+15
3.4661e+15
2.76774e+15
2.16046e+15
4.13458e+14
5.85631e+14
1.00901e+14
8.78395e+13
7.71597e+13
0
2.67322e+16
1.31318e+16
8.43127e+15
1.64057e+16
1.53814e+16
9.76447e+15
1.05927e+16
3.95697e+15
8.72525e+15
1.05314e+16
1.06436e+16
6.02216e+15
3.16476e+15
2.11746e+15
1.60966e+15
3.73084e+14
7.49937e+14
9.32655e+13
8.19259e+13
0
9.9085e+15
4.74573e+16
1.31255e+16
2.62239e+16
2.33232e+16
1.80964e+16
1.76682e+16
1.23202e+16
7.2767e+15
1.17106e+16
9.61631e+15
1.22769e+16
7.541e+15
4.31671e+15
1.95262e+15
1.52115e+15
2.3826e+14
2.07418e+14
9.10996e+13
0
3.54195e+16
1.30495e+16
2.68109e+16
2.17371e+16
2.68644e+16
2.58754e+16
2.24561e+16
1.67772e+16
1.15607e+16
1.1163e+16
1.76282e+16
1.10822e+16
7.4879e+15
7.01396e+15
2.71442e+15
2.63641e+15
7.09748e+14
1.23574e+14
1.0855e+14
0
3.10345e+16
5.14529e+16
2.34918e+16
2.32124e+16
2.43503e+16
2.64507e+16
2.76694e+16
2.20503e+16
1.13957e+16
1.83395e+16
1.39012e+16
1.63132e+16
8.66039e+15
6.45292e+15
4.07722e+15
1.73252e+15
1.30595e+15
3.24828e+14
1.42667e+14
0
2.3272e+16
3.42961e+16
2.64237e+16
3.21348e+16
2.19116e+16
1.98346e+16
2.3515e+16
3.92705e+16
2.27876e+16
2.20036e+16
1.04242e+16
1.04853e+16
1.00365e+16
5.99098e+15
3.82174e+15
2.59833e+15
5.59599e+14
4.87159e+14
0
0
4.05867e+16
2.99065e+16
5.3764e+16
2.80218e+16
2.22916e+16
2.47085e+16
2.17115e+16
1.0814e+16
1.98709e+16
1.91874e+16
1.81799e+16
1.82865e+16
6.17781e+15
8.84093e+15
3.99911e+15
6.23086e+15
4.87975e+14
0
3.73157e+14
0
0
2.63028e+16
1.35102e+16
4.92905e+16
5.60156e+15
3.91161e+16
2.54604e+16
3.1703e+16
1.74765e+16
0
2.1319e+16
1.87635e+16
1.4489e+16
8.48248e+15
3.51722e+15
0
8.58349e+14
7.47236e+14
0
0
1.42784e+17
2.63028e+16
2.70203e+16
8.21508e+15
5.0414e+16
2.60774e+16
2.54604e+16
2.53624e+16
1.74765e+16
6.75012e+16
1.59893e+16
1.0722e+16
9.05565e+15
9.89623e+15
2.34481e+15
2.98912e+15
8.58349e+14
0
0
0
4.05867e+16
2.99065e+16
2.30417e+16
9.34061e+15
2.54761e+16
2.71794e+16
4.3423e+16
1.44186e+16
1.98709e+16
4.79684e+16
9.08996e+15
1.82865e+16
9.26671e+15
8.03721e+15
4.66563e+15
1.13288e+15
9.7595e+14
2.12403e+15
0
0
6.98159e+16
3.42961e+16
8.80791e+15
1.87453e+16
1.09558e+16
2.55017e+16
2.21318e+16
1.86018e+16
2.84845e+16
2.20036e+16
1.21615e+16
1.04853e+16
1.59403e+16
5.99098e+15
3.43957e+15
2.59833e+15
5.59599e+14
0
0
0
6.20691e+16
4.00189e+16
1.76188e+16
2.32124e+16
2.67853e+16
2.45613e+16
2.21356e+16
1.79159e+16
1.51943e+16
1.83395e+16
2.08519e+16
9.90446e+15
1.29906e+16
5.83836e+15
3.56756e+15
3.6816e+15
7.46258e+14
3.24828e+14
1.42667e+14
0
1.18065e+16
2.6099e+16
1.7874e+16
2.03786e+16
2.40853e+16
1.72502e+16
2.03508e+16
1.46801e+16
1.15607e+16
1.39538e+16
1.4984e+16
1.72883e+16
8.68596e+15
5.61117e+15
2.52053e+15
1.15343e+15
2.83899e+14
6.17872e+14
0
0
1.9817e+16
2.19034e+16
1.87507e+16
2.05231e+16
1.78811e+16
1.93028e+16
1.0012e+16
1.05601e+16
7.2767e+15
1.17106e+16
6.65745e+15
1.04168e+16
6.7869e+15
5.49399e+15
2.11534e+15
1.93601e+15
7.14781e+14
1.03709e+14
9.10996e+13
0
8.91072e+15
2.29807e+16
2.36076e+16
1.33296e+16
1.25847e+16
1.19344e+16
1.05927e+16
1.10795e+16
1.30879e+16
1.05314e+16
5.98705e+15
7.36041e+15
4.52108e+15
2.64683e+15
1.31699e+15
1.49233e+15
7.49937e+14
9.32655e+13
1.63852e+14
0
8.39232e+15
6.18392e+15
9.52891e+15
7.72562e+15
8.56021e+15
6.64184e+15
7.98116e+15
5.21747e+15
8.21764e+15
3.96747e+15
3.75916e+15
2.8359e+15
2.34193e+15
9.97137e+14
6.89097e+14
4.68505e+14
0
0
1.54319e+14
0
0
5.9941e+15
4.61821e+15
9.36061e+14
6.38266e+14
2.47614e+15
1.93404e+15
7.22475e+14
1.99135e+15
5.76853e+15
1.82188e+15
9.16284e+14
1.85731e+15
1.61088e+14
2.67178e+14
1.13531e+14
9.78039e+13
8.51433e+13
0
0
0
0
3.03362e+15
9.22321e+14
0
1.95184e+15
4.76414e+14
7.1187e+14
0
0
0
1.20378e+15
6.10016e+14
3.17448e+14
0
1.11864e+14
0
0
0
0
0
0
0
0
0
0
0
0
0
0
0
0
0
0
0
0
0
0
0
0
0
0
2.09034e+15
3.17767e+15
3.46678e+15
2.35363e+15
1.96967e+15
1.96208e+15
0
1.30551e+15
2.0616e+15
8.29476e+14
1.40112e+15
6.56222e+14
4.53499e+14
0
2.65614e+14
0
0
0
5.69793e+15
2.09927e+15
7.54788e+15
7.21226e+15
4.91777e+15
4.85633e+15
5.41877e+15
3.03633e+15
5.57933e+15
6.73424e+15
4.25377e+15
1.92542e+15
2.89099e+15
1.354e+15
9.35719e+14
2.38567e+14
4.11038e+14
5.96382e+13
1.04774e+14
0
6.0499e+15
1.56026e+16
1.48834e+16
8.35393e+15
1.13925e+16
9.2077e+15
1.22262e+16
5.91045e+15
7.40496e+15
4.29013e+15
9.48472e+15
7.04168e+15
3.99044e+15
2.75548e+15
1.49028e+15
6.75476e+14
4.36428e+14
1.26644e+14
1.11246e+14
0
4.70913e+16
9.91413e+15
1.65499e+16
2.63199e+16
1.74187e+16
1.06483e+16
1.31953e+16
1.25471e+16
9.88096e+15
1.27214e+16
1.15512e+16
5.80948e+15
5.46125e+15
4.12978e+15
1.54668e+15
1.50222e+15
3.23532e+14
1.40825e+14
1.23703e+14
0
8.01596e+15
3.24863e+16
1.21354e+16
2.67495e+16
2.32711e+16
1.952e+16
1.52465e+16
7.8312e+15
1.37359e+16
9.47386e+15
1.85513e+16
9.93198e+15
8.33756e+15
5.23831e+15
3.29097e+15
1.90185e+15
1.73477e+15
1.67801e+14
7.36994e+13
0
1.05354e+16
2.71707e+16
3.18992e+16
2.7883e+16
2.6452e+16
3.01447e+16
2.06647e+16
2.15208e+16
1.54741e+16
2.4903e+16
1.10112e+16
1.2658e+16
8.8199e+15
6.25883e+15
3.28725e+15
2.20553e+15
6.33336e+14
7.71891e+14
0
0
1.58004e+16
2.91065e+16
3.58806e+16
4.36356e+16
3.71919e+16
3.17428e+16
1.59654e+16
2.24527e+16
1.54715e+16
1.49393e+16
2.35915e+16
1.72041e+16
6.81422e+15
5.31911e+15
4.41108e+15
2.42567e+15
1.89969e+14
1.65377e+14
0
0
2.75562e+16
1.01524e+16
2.60735e+16
3.80506e+16
2.16211e+16
2.01309e+16
2.7844e+16
1.95789e+16
2.02369e+16
1.30272e+16
1.44004e+16
1.24156e+16
1.46804e+16
2.72841e+15
3.62024e+15
3.07667e+15
1.98785e+15
5.76841e+14
2.53354e+14
0
9.69427e+16
0
2.7518e+16
1.67328e+16
4.18347e+16
2.95086e+16
3.16914e+16
2.58295e+16
3.55968e+16
0
1.80931e+16
1.27394e+16
1.22966e+16
9.59857e+15
7.96001e+14
6.76483e+14
0
5.07333e+14
4.45649e+14
0
0
0
9.17266e+15
2.78879e+16
3.80315e+16
3.24594e+16
2.59293e+16
1.72197e+16
1.18656e+16
1.14574e+16
1.44744e+16
1.63792e+16
8.60761e+15
6.719e+15
1.592e+15
2.02945e+15
5.82772e+14
0
0
0
1.10225e+17
1.01524e+16
2.60735e+16
4.43923e+16
2.37832e+16
3.35515e+16
2.7844e+16
1.71316e+16
1.34913e+16
1.95408e+16
2.26292e+16
1.9658e+16
9.08785e+15
3.81978e+15
4.5253e+15
2.3075e+15
3.31308e+14
2.88421e+14
0
0
1.58004e+16
1.74639e+16
1.79403e+16
2.90904e+16
3.09932e+16
2.02e+16
2.44177e+16
1.82428e+16
1.93394e+16
1.12045e+16
1.53345e+16
1.48311e+16
1.16243e+16
5.31911e+15
2.59476e+15
1.76413e+15
1.32978e+15
1.65377e+14
0
0
1.05354e+16
3.10522e+16
2.19307e+16
2.30338e+16
2.31455e+16
2.95034e+16
1.50288e+16
1.7778e+16
1.80532e+16
1.99224e+16
1.33708e+16
1.46359e+16
9.08717e+15
5.84158e+15
2.07616e+15
2.0585e+15
1.14e+15
3.30811e+14
1.93726e+14
0
4.00798e+16
2.65797e+16
2.1237e+16
1.75255e+16
1.88684e+16
1.5128e+16
2.0011e+16
1.56624e+16
1.56982e+16
1.70529e+16
1.6756e+16
1.53494e+16
1.11845e+16
5.39705e+15
2.63278e+15
1.23061e+15
2.89128e+14
4.19501e+14
1.47399e+14
0
6.0546e+16
2.47853e+15
1.01846e+16
1.62564e+16
2.37528e+16
1.59724e+16
1.55945e+16
1.31446e+16
1.31746e+16
7.95087e+15
1.30579e+16
1.06086e+16
7.50922e+15
4.66265e+15
2.20954e+15
1.69e+15
5.66181e+14
2.81651e+14
6.18517e+13
0
6.0499e+15
1.33737e+16
1.14488e+16
1.39232e+16
9.96842e+15
9.57601e+15
8.27065e+15
1.0209e+16
1.03669e+16
7.15022e+15
9.93637e+15
4.99732e+15
4.60435e+15
2.51587e+15
1.88769e+15
6.75476e+14
1.45476e+14
1.26644e+14
0
0
1.13959e+16
8.39709e+15
9.70442e+15
4.58962e+15
6.70605e+15
5.55009e+15
4.40275e+15
3.54238e+15
1.39483e+15
5.38739e+15
4.25377e+15
2.78117e+15
1.73459e+15
1.91817e+15
8.42147e+14
4.77134e+14
2.05519e+14
1.19276e+14
1.04774e+14
0
0
0
5.22586e+15
3.17767e+15
3.03343e+15
2.0174e+15
1.64139e+15
2.94313e+15
2.70404e+15
0
2.88624e+15
2.07369e+15
4.20337e+14
4.37481e+14
2.72099e+14
3.08325e+14
1.32807e+14
0
5.07792e+13
0
0
0
0
1.25241e+15
1.28096e+15
1.65649e+15
6.46918e+14
9.66642e+14
1.33217e+15
0
8.12536e+14
2.04325e+14
4.14167e+14
0
1.78737e+14
7.59499e+13
6.54288e+13
0
0
0
0
0
0
0
0
0
0
0
0
0
0
0
0
0
0
0
0
0
0
0
4.39177e+15
1.61805e+15
8.31093e+14
2.02144e+15
2.06752e+15
1.06946e+15
2.0883e+15
7.80099e+14
0
3.11431e+15
2.62293e+15
1.48405e+15
1.44838e+15
5.2181e+14
2.88488e+14
6.12931e+13
1.05605e+14
0
0
0
4.53084e+15
6.67714e+15
2.57223e+15
4.69227e+15
6.75447e+15
6.89576e+15
6.4633e+15
3.21921e+15
4.43653e+15
2.14196e+15
2.02949e+15
1.36093e+15
2.41378e+15
8.97224e+14
5.95247e+14
1.89702e+14
1.08949e+14
9.48455e+13
0
0
9.62144e+15
1.06344e+16
1.91179e+16
6.64282e+15
1.13237e+16
7.61459e+15
7.43442e+15
1.02542e+16
8.24352e+15
6.8228e+15
5.028e+15
6.50248e+15
3.53922e+15
2.76267e+15
1.18503e+15
9.39961e+14
2.31358e+14
2.51761e+14
4.42301e+13
0
2.6747e+16
1.97086e+16
9.11082e+15
1.41578e+16
1.30114e+16
1.49805e+16
1.11285e+16
9.0269e+15
1.57142e+16
1.13802e+16
1.03833e+16
8.03399e+15
7.19251e+15
3.28389e+15
2.45975e+15
1.56782e+15
7.71792e+14
3.35942e+14
4.91828e+13
0
1.27482e+16
1.40903e+16
3.13618e+16
1.83366e+16
2.0505e+16
2.05663e+16
1.25025e+16
1.52849e+16
7.80176e+15
1.50667e+16
1.76066e+16
1.12482e+16
7.92343e+15
5.80627e+15
2.51222e+15
9.78548e+14
7.66357e+14
1.33431e+14
2.34415e+14
0
3.35098e+16
1.23459e+16
1.90241e+16
2.21718e+16
2.89217e+16
2.95804e+16
1.89217e+16
1.93449e+16
1.84569e+16
2.37627e+16
1.501e+16
8.80718e+15
8.28851e+15
4.81096e+15
3.85211e+15
1.51994e+15
1.61156e+15
0
0
0
3.76922e+16
3.70315e+16
3.56641e+16
2.89149e+16
2.4645e+16
2.14166e+16
1.79228e+16
1.89696e+16
1.53782e+16
3.86078e+16
1.40695e+16
1.36803e+16
7.96837e+15
4.72721e+15
3.92023e+15
2.10418e+15
9.06348e+14
2.63007e+14
1.15515e+14
0
0
2.42189e+16
1.65863e+16
3.7821e+16
1.3754e+16
3.33491e+16
1.82336e+16
1.55686e+16
5.36396e+15
1.55383e+16
1.63583e+16
1.15179e+16
8.89406e+15
6.50869e+15
5.03776e+15
1.52905e+15
7.90343e+14
0
0
0
0
2.84007e+16
4.37631e+16
2.66109e+16
1.20967e+16
2.81573e+16
1.83274e+16
1.36926e+16
1.88704e+16
0
1.72646e+16
1.30243e+16
8.80013e+15
6.86928e+15
2.53184e+15
3.22753e+15
9.2681e+14
0
0
0
0
0
4.37631e+16
2.66109e+16
3.32658e+16
2.58109e+16
2.52002e+16
2.0539e+16
9.43522e+15
1.82213e+16
1.72646e+16
1.59186e+16
1.27113e+16
5.34277e+15
4.43071e+15
2.15169e+15
1.39022e+15
0
0
0
0
2.42189e+16
3.31727e+16
2.5214e+16
2.40695e+16
3.20151e+16
2.6048e+16
1.75147e+16
1.60919e+16
3.10766e+16
1.96299e+16
1.72769e+16
1.00058e+16
5.20695e+15
2.15904e+15
1.52905e+15
1.05379e+15
2.29345e+14
2.0146e+14
0
7.53844e+16
2.77736e+16
2.61537e+16
2.89149e+16
2.66166e+16
2.37113e+16
1.86696e+16
2.23172e+16
2.46051e+16
1.48491e+16
2.43871e+16
1.50955e+16
1.05182e+16
3.73201e+15
4.95187e+15
1.75348e+15
1.20846e+15
2.63007e+14
1.15515e+14
0
8.37746e+15
2.46919e+16
2.21948e+16
2.50638e+16
2.56351e+16
1.98902e+16
1.79258e+16
2.1577e+16
2.46093e+16
1.38615e+16
2.18896e+16
8.80718e+15
9.35113e+15
5.80633e+15
1.92606e+15
1.75378e+15
1.00722e+15
4.3842e+14
7.7023e+13
0
3.18704e+16
1.40903e+16
2.1712e+16
1.90701e+16
1.90047e+16
1.82381e+16
1.66699e+16
1.30204e+16
1.24828e+16
1.50667e+16
1.28481e+16
1.34021e+16
1.01873e+16
5.17515e+15
3.24495e+15
2.13501e+15
6.13086e+14
4.00292e+14
1.17208e+14
0
2.6747e+16
7.88346e+15
1.51847e+16
1.41578e+16
1.72087e+16
2.11681e+16
1.43081e+16
1.28277e+16
1.04761e+16
8.85125e+15
7.5878e+15
8.63654e+15
5.97114e+15
4.13134e+15
2.02051e+15
1.49316e+15
5.14528e+14
2.79952e+14
9.83656e+13
0
9.62144e+15
7.0896e+15
1.27452e+16
6.64282e+15
1.13237e+16
9.3718e+15
9.436e+15
6.83613e+15
9.42117e+15
9.09707e+15
5.38714e+15
4.87686e+15
2.80697e+15
2.66741e+15
1.42204e+15
7.38541e+14
4.04876e+14
2.01409e+14
8.84603e+13
0
1.35925e+16
6.67714e+15
9.43152e+15
5.21363e+15
7.82097e+15
3.03414e+15
5.65539e+15
4.42641e+15
6.6548e+15
5.35489e+15
2.36774e+15
2.89197e+15
2.1839e+15
1.79445e+15
1.11609e+15
6.3234e+14
2.17898e+14
0
0
0
8.78354e+15
3.23609e+15
3.32437e+15
3.03216e+15
2.06752e+15
2.941e+15
2.34934e+15
1.17015e+15
3.22527e+15
0
1.63933e+15
1.48405e+15
4.45655e+14
2.60905e+14
3.6061e+14
2.45172e+14
5.28024e+13
0
0
0
0
0
8.18894e+14
9.95884e+14
6.79057e+14
7.90318e+14
2.57206e+14
0
0
1.02287e+15
3.23053e+14
0
1.09778e+14
0
0
0
5.20273e+13
4.52924e+13
0
0
0
0
0
0
0
0
0
0
0
0
0
0
0
0
0
0
0
0
0
0
0
0
3.04881e+15
1.39041e+15
3.16024e+14
1.47121e+15
9.57601e+14
2.14631e+15
2.95792e+15
1.90411e+15
3.00689e+14
9.07357e+14
8.17429e+14
4.78557e+14
3.30719e+14
3.93487e+14
4.84255e+13
4.21569e+13
3.70313e+13
0
8.31056e+15
7.65459e+15
6.29072e+15
4.78147e+15
5.86856e+15
5.56527e+15
2.96377e+15
2.58332e+15
5.08598e+15
1.96441e+15
2.48169e+15
1.56015e+15
1.37039e+15
9.05137e+14
6.14145e+14
2.89963e+14
1.99836e+14
4.34918e+13
0
0
8.82391e+15
6.50194e+15
7.51422e+15
9.64597e+15
9.00043e+15
6.98341e+15
8.3916e+15
5.09395e+15
3.24009e+15
7.30013e+15
4.61122e+15
4.14131e+15
3.022e+15
1.48526e+15
1.37662e+15
4.31023e+14
2.1218e+14
9.23568e+13
8.11277e+13
0
1.4718e+16
1.26525e+16
1.3926e+16
7.3389e+15
1.07781e+16
1.43361e+16
1.28305e+16
1.04572e+16
1.20097e+16
1.50755e+16
1.06214e+16
7.18385e+15
4.35606e+15
3.20599e+15
1.61133e+15
1.16398e+15
2.35939e+14
1.02698e+14
4.5106e+13
0
2.92286e+16
2.15373e+16
1.32749e+16
1.34533e+16
2.064e+16
1.92174e+16
1.00763e+16
1.24603e+16
1.00171e+16
4.14535e+15
1.22195e+16
6.58455e+15
6.67345e+15
4.86194e+15
2.11198e+15
1.14219e+15
8.434e+14
4.28296e+14
5.37461e+13
0
1.53661e+16
1.41532e+16
2.76247e+16
2.21022e+16
1.68791e+16
1.59029e+16
1.14166e+16
1.43296e+16
1.12847e+16
1.45286e+16
1.37658e+16
7.78867e+15
6.04219e+15
5.62933e+15
2.6496e+15
7.50591e+14
7.38988e+14
2.41247e+14
7.06385e+13
0
5.76131e+16
8.49049e+15
1.52637e+16
1.72368e+16
2.80267e+16
1.40296e+16
1.50674e+16
1.73972e+16
1.97449e+16
1.08946e+16
1.11828e+16
9.51788e+15
6.72323e+15
6.38897e+15
2.64916e+15
2.73383e+15
8.3122e+14
4.82413e+14
2.1188e+14
0
2.00956e+16
2.22113e+16
3.42259e+16
2.54364e+16
1.41907e+16
1.83509e+16
2.38889e+16
1.24934e+16
1.96773e+16
9.50021e+15
1.9503e+16
8.29967e+15
8.15682e+15
3.58151e+15
2.97011e+15
2.80462e+15
7.24831e+14
0
1.84761e+14
0
3.53483e+16
2.60465e+16
1.33785e+16
2.03376e+16
3.05084e+16
2.36714e+16
2.31113e+16
9.41823e+15
1.73062e+16
0
2.37502e+16
1.45991e+16
7.17393e+15
6.99987e+15
4.64394e+15
1.48e+15
8.49986e+14
3.69978e+14
0
0
0
0
4.01356e+16
2.84726e+16
2.21879e+16
2.36714e+16
1.89093e+16
6.27882e+15
1.73062e+16
1.67109e+16
2.11113e+16
1.45991e+16
8.07068e+15
2.79995e+15
2.32197e+15
1.48e+15
1.69997e+15
7.39956e+14
0
0
2.00956e+16
1.48076e+16
1.14086e+16
3.23736e+16
1.26139e+16
1.71275e+16
1.91111e+16
1.96324e+16
1.4758e+16
1.42503e+16
9.0014e+15
5.28161e+15
1.17254e+16
5.57123e+15
1.65006e+15
1.68277e+15
1.20805e+15
4.20668e+14
1.84761e+14
0
2.30452e+16
1.27357e+16
2.61663e+16
1.72368e+16
1.71776e+16
2.59547e+16
1.64371e+16
2.25141e+16
1.69242e+16
8.17097e+15
1.29033e+16
7.78736e+15
7.89249e+15
4.33537e+15
3.02761e+15
1.60814e+15
6.92684e+14
2.41206e+14
3.1782e+14
0
2.30491e+16
2.54758e+16
7.26965e+15
1.59136e+16
1.98933e+16
2.15156e+16
1.46133e+16
8.87068e+15
1.50462e+16
1.45286e+16
1.31922e+16
1.29811e+16
7.60147e+15
5.47719e+15
3.15429e+15
1.39395e+15
4.61867e+14
8.04158e+13
7.06385e+13
0
2.33829e+16
1.72298e+16
1.76998e+16
1.2108e+16
1.60533e+16
1.60145e+16
1.45932e+16
1.09028e+16
1.43101e+16
1.38178e+16
8.29181e+15
1.16327e+16
6.08026e+15
4.28314e+15
2.59197e+15
1.79487e+15
7.02833e+14
3.05926e+14
1.61238e+14
0
9.81197e+15
1.0845e+16
1.3926e+16
1.52423e+16
1.30877e+16
1.25441e+16
1.04977e+16
5.22862e+15
8.40677e+15
9.27721e+15
8.42386e+15
5.89444e+15
4.60497e+15
3.30314e+15
2.33643e+15
9.58575e+14
5.89848e+14
0
4.5106e+13
0
2.20598e+16
9.75291e+15
8.34913e+15
6.59988e+15
9.00043e+15
8.05778e+15
5.24475e+15
8.22868e+15
4.32012e+15
1.04288e+16
6.25809e+15
5.30087e+15
2.57429e+15
2.27157e+15
1.23171e+15
8.00472e+14
2.65225e+14
4.61784e+13
4.05639e+13
0
0
1.53092e+15
1.57268e+15
2.86888e+15
4.56443e+15
4.80637e+15
3.70472e+15
5.90473e+15
4.06879e+15
2.94661e+15
3.72253e+15
2.0282e+15
1.79204e+15
9.87422e+14
8.87098e+14
5.79925e+13
1.99836e+14
1.30476e+14
0
0
8.05547e+15
2.96785e+15
7.62203e+14
9.26941e+14
2.21216e+15
9.80808e+14
1.197e+15
1.78859e+15
0
9.52055e+14
1.20276e+15
6.04905e+14
1.12396e+15
2.39278e+14
4.63006e+14
1.68637e+14
0
0
0
0
0
1.46214e+15
1.50203e+15
4.56667e+14
3.11385e+14
1.44962e+15
7.07658e+14
7.04934e+14
0
0
5.92551e+14
2.98013e+14
1.00679e+14
1.57177e+14
0
5.53873e+13
0
0
0
0
0
0
0
0
0
0
0
0
0
0
0
0
0
0
0
0
0
0
0
0
0
1.5623e+15
1.60492e+15
1.46385e+15
9.98143e+14
1.80707e+15
2.2684e+15
7.53222e+14
0
0
9.4971e+14
4.7764e+14
6.45451e+14
7.55748e+14
6.96372e+13
1.77544e+14
0
0
3.89871e+13
0
4.37474e+15
1.61177e+15
4.13935e+15
3.0204e+15
3.08925e+15
3.46225e+15
2.86028e+15
5.05098e+15
5.3546e+15
1.03408e+15
3.26595e+15
1.4783e+15
1.33178e+15
9.52942e+14
5.74739e+14
3.05277e+14
1.05195e+14
4.57889e+13
0
0
9.28995e+15
5.134e+15
3.51604e+15
5.34496e+15
7.28907e+15
7.35224e+15
5.79784e+15
3.71284e+15
3.41122e+15
9.8816e+15
1.38708e+15
4.70883e+15
2.59242e+15
1.10379e+15
9.91642e+14
5.18615e+14
3.3508e+14
1.94469e+14
4.27063e+13
0
2.06604e+16
3.80592e+15
1.07518e+16
7.7265e+15
8.91579e+15
8.48995e+15
6.75406e+15
7.79843e+15
5.05758e+15
3.6627e+15
6.16957e+15
6.01183e+15
4.06199e+15
2.25021e+15
1.44197e+15
3.60429e+14
2.484e+14
5.40612e+13
0
0
1.84634e+16
2.04073e+16
1.63053e+16
1.55803e+16
1.11065e+16
1.76097e+16
9.14523e+15
1.20252e+16
1.65725e+16
8.72858e+15
9.1892e+15
5.77693e+15
6.71365e+15
2.19374e+15
1.61711e+15
1.20252e+15
2.95981e+14
1.28833e+14
5.65847e+13
0
4.04441e+16
1.49007e+16
1.37765e+16
1.95464e+16
1.39626e+16
1.52655e+16
1.34619e+16
9.33918e+15
7.92046e+15
7.64798e+15
1.26812e+16
7.59262e+15
5.5405e+15
3.36377e+15
3.18805e+15
1.46758e+15
2.91757e+14
2.53989e+14
0
0
3.63936e+16
1.78778e+16
1.37741e+16
1.67512e+16
1.80849e+16
8.86233e+15
7.21053e+15
1.07742e+16
1.18787e+16
2.00726e+16
9.0565e+15
6.37672e+15
6.15506e+15
2.16206e+15
1.79297e+15
1.35446e+15
4.37561e+14
2.53946e+14
1.11535e+14
0
0
3.11792e+16
8.00744e+15
1.46072e+16
2.15802e+16
1.6744e+16
8.8027e+15
1.12742e+16
5.17915e+15
1.50029e+16
9.47681e+15
1.03267e+16
5.90399e+15
2.93274e+15
1.73721e+15
1.1811e+15
0
0
0
0
0
4.11333e+16
2.11277e+16
1.71294e+16
2.33598e+16
2.2656e+16
8.84798e+15
1.65261e+16
9.11014e+15
0
5.55658e+15
1.25756e+16
4.72052e+15
5.1587e+15
1.83345e+15
1.55816e+15
0
7.79037e+14
0
0
3.72152e+16
2.74222e+16
0
1.71294e+16
1.45999e+16
1.1328e+16
6.63599e+15
1.65261e+16
0
1.75935e+16
1.66697e+16
1.39729e+16
9.44103e+15
5.89565e+15
2.4446e+15
2.59694e+15
4.47439e+14
3.89518e+14
0
0
6.3471e+16
0
2.00186e+16
1.70417e+16
1.32801e+16
1.6744e+16
7.54517e+15
9.39515e+15
1.03583e+16
1.0002e+16
1.26357e+16
6.35492e+15
5.90399e+15
3.77067e+15
3.47442e+15
5.90549e+14
5.08742e+14
0
1.94519e+14
0
1.21312e+16
1.78778e+16
2.52526e+16
1.81471e+16
1.61812e+16
1.32935e+16
1.37e+16
1.2929e+16
2.07877e+16
5.73502e+15
6.33955e+15
1.0476e+16
4.30854e+15
5.0448e+15
1.99219e+15
1.86238e+15
2.91707e+14
1.26973e+14
0
0
8.08883e+15
8.94043e+15
1.0715e+16
1.21001e+16
1.5232e+16
1.32957e+16
1.20196e+16
1.0776e+16
5.94034e+15
3.82399e+15
7.85029e+15
5.46669e+15
4.51448e+15
4.48503e+15
2.12537e+15
9.03124e+14
5.83513e+14
0
7.43693e+13
0
6.15447e+15
6.80242e+15
1.28113e+16
1.41639e+16
1.11065e+16
1.42376e+16
9.51104e+15
9.29223e+15
1.20527e+16
8.72858e+15
8.27028e+15
6.93232e+15
5.30847e+15
3.29061e+15
1.92032e+15
6.01258e+14
2.95981e+14
2.57667e+14
0
0
5.16509e+15
5.70888e+15
1.27067e+16
1.06982e+16
1.01316e+16
1.16344e+16
6.44706e+15
5.96351e+15
8.85077e+15
7.32539e+15
3.85598e+15
3.8786e+15
4.06199e+15
2.25021e+15
1.27232e+15
7.92944e+14
1.242e+14
1.08122e+14
0
0
4.64497e+15
5.134e+15
4.39504e+15
3.74147e+15
7.28907e+15
3.11056e+15
6.62611e+15
3.71284e+15
3.41122e+15
6.58773e+15
3.46769e+15
3.48803e+15
1.8854e+15
1.5637e+15
1.29676e+15
3.88961e+14
1.11693e+14
9.72346e+13
4.27063e+13
0
4.37474e+15
1.61177e+15
2.48361e+15
5.034e+15
3.08925e+15
2.13062e+15
4.16041e+15
1.55415e+15
2.14184e+15
0
1.63297e+15
1.4783e+15
1.44276e+15
1.21284e+15
3.59212e+14
0
2.62988e+14
1.37367e+14
0
0
0
0
8.02459e+14
9.75897e+14
9.98143e+14
1.03261e+15
2.52044e+14
7.53222e+14
0
3.00701e+15
0
6.36853e+14
7.53026e+14
2.51916e+14
3.48186e+14
2.36725e+14
1.52949e+14
0
0
0
4.17821e+15
0
7.9068e+14
4.80786e+14
1.96698e+15
5.08726e+14
4.96689e+14
0
1.02281e+15
0
0
1.56876e+14
0
8.27394e+13
6.8615e+13
0
1.0047e+14
0
0
0
0
0
0
0
0
0
0
0
0
0
0
0
0
0
0
0
0
0
0
0
0
0
1.97029e+15
0
1.22538e+15
3.16923e+14
0
4.62349e+14
1.27437e+15
1.23053e+15
3.8864e+14
9.77297e+14
1.32066e+14
3.09267e+14
8.54907e+13
7.26544e+13
0
5.44876e+13
0
0
5.37069e+15
3.95741e+15
3.04903e+15
4.94403e+15
2.10697e+15
3.26959e+15
1.27689e+15
9.53981e+14
0
1.2695e+15
1.60379e+15
1.61319e+15
1.63497e+15
8.50827e+14
2.64594e+14
1.4991e+14
6.45719e+13
0
4.93785e+13
0
0
6.3028e+15
8.63298e+15
5.24943e+15
6.26394e+15
2.43009e+15
5.08412e+15
2.02582e+15
4.18781e+15
9.4354e+15
3.40571e+15
2.35516e+15
1.44664e+15
1.12923e+15
6.55522e+14
3.97926e+14
3.42803e+14
5.96855e+13
5.24287e+13
0
1.26819e+16
1.16809e+16
5.99979e+15
3.64827e+15
8.95544e+15
3.86028e+15
8.29168e+15
3.94216e+15
6.20898e+15
1.49885e+15
6.62736e+15
2.85696e+15
2.09121e+15
1.88351e+15
1.35372e+15
7.07974e+14
3.04951e+14
1.99106e+14
1.16599e+14
0
0
2.22695e+16
5.71924e+15
7.82478e+15
1.24493e+16
7.81953e+15
8.0836e+15
5.36832e+15
1.84958e+15
1.78595e+15
3.94842e+15
3.68789e+15
3.25849e+15
2.2443e+15
1.36486e+15
1.05448e+14
9.0841e+13
1.58163e+14
6.94667e+13
0
9.93031e+15
7.3172e+15
5.6376e+15
7.99876e+15
1.63622e+16
7.85904e+15
7.08285e+15
1.05834e+16
1.94472e+16
7.04183e+15
2.96538e+15
8.57546e+15
4.28264e+15
2.5564e+15
1.95692e+15
9.70136e+14
2.38785e+14
2.07874e+14
0
0
0
1.64609e+16
1.12733e+16
8.56864e+15
5.84265e+15
1.35999e+16
1.15077e+16
7.93619e+15
1.4583e+16
1.0561e+16
4.44731e+15
8.38761e+15
4.15597e+15
2.94919e+15
2.44573e+15
1.24711e+15
5.37175e+14
1.55879e+14
0
0
2.59736e+16
2.87081e+16
1.47456e+16
1.19551e+16
1.01897e+16
1.73935e+16
7.71907e+15
2.30681e+16
6.35823e+15
6.1395e+15
1.93905e+15
1.95042e+15
4.61242e+15
3.6004e+15
2.1327e+15
7.24992e+14
6.24561e+14
2.71856e+14
2.38803e+14
0
0
5.04976e+16
3.45834e+16
1.57718e+16
7.16946e+15
8.34415e+15
5.43115e+15
8.11536e+15
0
0
3.41079e+15
3.43079e+15
5.79518e+15
2.71419e+15
7.50285e+14
0
0
0
0
0
0
1.68325e+16
1.72917e+16
0
7.16946e+15
1.11255e+16
1.62934e+16
8.11536e+15
0
1.07994e+16
6.82158e+15
8.57698e+15
4.63615e+15
1.80946e+15
7.50285e+14
6.37631e+14
0
4.78196e+14
0
0
0
0
9.8304e+15
2.98877e+15
6.1138e+15
7.90614e+15
1.38943e+16
1.1534e+16
6.35823e+15
1.2279e+16
5.81714e+15
8.77688e+15
3.9535e+15
1.02869e+15
1.27962e+15
7.24992e+14
6.24561e+14
2.71856e+14
0
0
4.46788e+16
5.48697e+15
5.63665e+15
2.39922e+16
8.1797e+15
1.08799e+16
1.06225e+16
5.29079e+15
1.09372e+16
3.52032e+15
8.89463e+15
2.2367e+15
5.66724e+15
3.24411e+15
1.95659e+15
4.15702e+14
5.37175e+14
1.55879e+14
1.36927e+14
0
3.97213e+16
1.8293e+16
1.31544e+16
1.14268e+16
8.57066e+15
1.20908e+16
1.06243e+16
6.17364e+15
2.4309e+15
4.69455e+15
5.93076e+15
6.33838e+15
4.53456e+15
1.96646e+15
8.15383e+14
9.70136e+14
3.58177e+14
0
1.826e+14
0
0
1.39184e+16
1.28683e+16
8.6942e+15
6.52108e+15
9.65941e+15
8.98177e+15
4.69728e+15
1.29471e+16
1.78595e+15
1.01531e+16
5.67368e+15
3.25849e+15
1.34658e+15
1.11671e+15
6.3269e+14
2.72523e+14
0
6.94667e+13
0
1.90229e+16
1.40171e+16
3.59987e+15
5.83724e+15
6.96534e+15
8.10659e+15
5.65342e+15
6.19482e+15
3.10449e+15
1.49885e+15
5.6806e+15
3.80927e+15
3.21725e+15
2.51135e+15
1.04132e+15
5.30981e+14
7.62377e+13
0
5.82994e+13
0
1.14049e+16
6.3028e+15
6.47474e+15
7.21797e+15
5.81652e+15
4.86018e+15
2.37259e+15
7.09037e+15
2.79187e+15
0
2.12857e+15
3.42568e+15
1.5913e+15
7.90461e+14
6.55522e+14
2.38756e+14
6.85606e+13
1.79056e+14
5.24287e+13
0
0
1.97871e+15
3.04903e+15
1.23601e+15
2.94976e+15
1.63479e+15
2.23456e+15
1.90796e+15
1.31472e+15
0
3.60852e+15
2.01649e+15
1.36248e+15
5.31767e+14
3.52791e+14
7.49551e+13
1.29144e+14
5.62131e+13
0
0
0
0
0
1.19807e+15
0
0
6.18848e+14
0
0
2.46106e+15
3.8864e+14
5.86378e+14
3.96197e+14
3.09267e+14
8.54907e+13
7.26544e+13
0
0
0
0
0
1.88982e+15
9.70685e+14
0
4.02464e+14
0
3.04882e+14
4.55563e+14
0
0
3.82935e+14
3.85181e+14
3.90381e+14
0
1.68472e+14
0
0
0
0
0
0
0
0
0
0
0
0
0
0
0
0
0
0
0
0
0
0
0
0
0
0
0
0
0
0
1.46412e+15
0
7.11988e+14
0
0
5.9848e+14
0
8.1349e+14
4.76251e+14
0
0
0
0
0
0
0
3.04708e+15
1.5651e+15
9.51686e+14
3.89352e+15
1.00699e+15
2.45791e+15
1.46907e+15
0
0
1.23486e+15
1.24211e+15
8.3925e+14
4.91332e+14
0
1.15426e+14
0
0
0
0
0
3.2353e+15
1.66178e+15
2.02095e+15
4.13403e+15
3.74218e+15
4.17558e+15
3.89954e+15
0
2.0757e+15
1.31114e+15
3.29708e+14
1.55941e+15
8.6947e+14
2.88417e+14
3.67668e+14
1.05579e+14
0
0
0
0
3.59758e+15
5.54357e+15
1.12362e+15
4.59693e+15
5.94458e+15
2.90196e+15
1.73448e+15
4.78072e+15
4.61625e+15
2.18694e+15
2.93302e+15
9.90872e+14
5.80098e+14
6.41426e+14
1.36279e+14
2.34802e+14
0
0
0
1.16351e+16
8.57339e+15
4.40363e+15
5.3554e+15
8.21622e+15
4.24996e+15
5.53254e+15
7.23351e+15
5.69647e+15
1.37512e+16
5.2117e+15
3.93169e+15
2.36135e+15
1.61284e+15
5.73219e+14
4.87151e+14
2.79779e+14
0
1.06974e+14
0
3.05841e+16
1.1268e+16
8.68154e+15
3.51931e+15
8.3989e+15
4.65478e+15
3.63571e+15
6.79072e+15
3.74344e+15
0
2.28324e+15
3.44495e+15
5.04322e+15
1.21129e+15
1.00451e+15
8.53684e+14
0
1.60056e+14
0
0
2.29342e+16
0
0
5.27806e+15
3.59892e+15
4.18859e+15
8.17896e+15
1.22212e+16
5.6142e+15
1.08421e+16
5.13643e+15
4.30546e+15
1.16362e+15
2.72493e+15
1.12988e+15
3.20077e+14
0
2.40044e+14
0
0
3.99976e+16
0
7.56909e+15
9.20503e+15
3.13829e+15
9.73996e+15
4.75475e+15
7.10467e+15
0
0
0
1.50176e+15
3.04407e+15
1.58411e+15
2.62738e+15
0
0
0
0
0
0
0
0
0
1.65608e+16
8.5663e+15
0
0
1.72229e+16
0
0
2.6416e+15
1.78484e+15
4.17968e+15
2.31078e+15
0
0
0
6.46857e+14
0
0
0
1.33141e+16
1.61917e+16
1.10405e+16
4.28315e+15
4.18181e+15
6.24857e+15
0
0
1.05048e+16
5.2832e+15
5.35452e+15
0
1.15539e+15
0
8.4589e+14
7.3639e+14
0
0
0
0
2.27073e+16
0
1.88297e+16
4.86998e+15
4.75475e+15
0
0
0
5.97201e+15
6.00704e+15
3.04407e+15
3.16822e+15
6.56844e+14
0
4.80892e+14
0
0
0
0
2.53487e+16
8.68007e+15
7.9171e+15
5.39838e+15
8.37718e+15
1.09053e+16
8.14748e+15
0
0
5.13643e+15
4.30546e+15
5.81812e+15
1.36247e+15
7.53254e+14
3.20077e+14
8.27215e+14
2.40044e+14
0
0
0
5.634e+15
2.89385e+15
7.03861e+15
3.59953e+15
6.51669e+15
4.54464e+15
2.71629e+15
3.74344e+15
0
3.42487e+15
3.44495e+15
3.8794e+15
2.42257e+15
1.75789e+15
4.26842e+14
0
0
1.40596e+14
0
2.32702e+16
0
6.60545e+15
5.3554e+15
1.0955e+16
2.83331e+15
2.76627e+15
3.10007e+15
5.69647e+15
2.75025e+15
6.08031e+15
2.18427e+15
2.06618e+15
2.30405e+15
5.73219e+14
3.24767e+14
1.39889e+14
2.43561e+14
1.06974e+14
0
9.76469e+15
7.19515e+15
0
3.37086e+15
6.12925e+15
5.35013e+15
4.06275e+15
3.46895e+15
4.78072e+15
2.30813e+15
2.18694e+15
1.83314e+15
3.46805e+15
7.73464e+14
9.62139e+14
2.72559e+14
2.34802e+14
2.04407e+14
0
0
2.63442e+16
0
0
1.01047e+15
3.44502e+15
1.06919e+15
3.13169e+15
3.11963e+15
2.14965e+15
0
1.96671e+15
1.97825e+15
8.91092e+14
3.47788e+14
2.88417e+14
4.90224e+14
2.11158e+14
0
1.61474e+14
0
8.27051e+15
3.04708e+15
0
0
1.29784e+15
3.02097e+15
1.47475e+15
7.34535e+14
0
0
0
6.21053e+14
1.04906e+15
4.91332e+14
0
1.15426e+14
9.94365e+13
0
0
0
0
0
0
0
0
0
2.38247e+15
7.11988e+14
1.96245e+15
0
5.9848e+14
3.00995e+14
0
3.175e+14
0
1.11883e+14
0
0
0
0
0
0
0
0
6.19768e+14
4.80877e+14
0
0
0
0
0
2.96577e+14
2.00387e+14
0
0
0
0
0
0
0
0
0
0
0
0
0
0
0
0
0
0
0
0
0
0
0
0
0
0
0
0
0
0
0
1.81487e+15
2.8163e+15
1.37483e+15
2.05431e+15
0
0
0
0
1.17359e+15
0
3.79852e+14
3.22818e+14
0
0
0
0
0
0
0
5.49183e+15
0
2.90549e+15
2.83674e+15
0
0
0
1.78149e+15
8.95967e+14
0
0
0
3.33041e+14
0
0
0
0
0
0
9.58952e+15
0
5.96399e+15
4.62745e+15
7.52993e+15
4.50056e+15
6.20243e+15
5.98905e+15
0
1.90263e+15
1.92831e+15
1.50522e+15
0
3.53613e+14
3.04629e+14
0
0
0
2.81742e+16
0
5.33165e+15
3.242e+15
4.42121e+15
3.4304e+15
1.17223e+16
7.50677e+15
0
0
6.31001e+15
1.05784e+15
2.14424e+15
5.57922e+14
1.38804e+15
7.86418e+14
0
0
0
0
0
1.23685e+16
1.27059e+16
0
2.63405e+15
6.13125e+15
7.98157e+15
5.96313e+15
8.21806e+15
7.93534e+15
7.5187e+15
3.7814e+15
4.25827e+15
6.64792e+14
5.51306e+14
0
0
3.51376e+14
0
0
0
0
0
1.01543e+16
3.46193e+15
8.0583e+15
5.24509e+15
0
0
1.04294e+16
3.29394e+15
3.31326e+15
1.11933e+15
1.74747e+15
1.44916e+15
0
0
0
0
0
0
2.43797e+16
1.25224e+16
1.52289e+16
1.0384e+16
1.20854e+16
7.8663e+15
0
0
0
9.88016e+15
0
3.35742e+15
3.93115e+15
1.08669e+15
9.23525e+14
0
0
0
0
0
0
2.18392e+16
0
0
0
1.3719e+16
0
0
0
0
0
0
6.85599e+15
0
0
0
0
0
0
0
0
3.84153e+16
2.33591e+16
1.59277e+16
0
0
0
0
0
0
0
5.14983e+15
8.03981e+15
3.33367e+15
0
2.44066e+15
0
0
0
0
0
0
0
1.59277e+16
2.47165e+16
0
1.80291e+16
0
0
0
0
0
4.0199e+15
3.33367e+15
0
0
0
0
0
0
0
0
0
0
0
6.85948e+15
0
0
0
0
0
0
0
0
0
0
0
1.06105e+15
0
0
2.43797e+16
1.25224e+16
7.61444e+15
2.59601e+16
4.02847e+15
3.93315e+15
0
0
0
0
1.24226e+16
1.1751e+16
1.31038e+15
1.08669e+15
0
0
0
6.08394e+14
0
0
0
1.66993e+16
0
0
5.3722e+15
1.04902e+16
3.91867e+15
0
1.04294e+16
3.29394e+15
8.28315e+15
3.35799e+15
8.73737e+14
1.44916e+15
0
5.30485e+14
4.61814e+14
0
0
0
0
6.35294e+15
3.86301e+15
5.26809e+15
1.22625e+16
7.98157e+15
8.9447e+15
0
0
0
2.52093e+15
2.55496e+15
1.99438e+15
1.65392e+15
0
0
3.51376e+14
0
0
0
0
0
0
4.42121e+15
6.86081e+15
1.00477e+16
7.50677e+15
0
0
2.10334e+15
0
3.57373e+15
5.57922e+14
1.38804e+15
0
0
0
0
0
2.53371e+16
9.33487e+15
0
2.91553e+15
0
1.54248e+15
6.02394e+15
2.25028e+15
0
0
1.89153e+15
9.51313e+14
6.42771e+14
1.00348e+15
4.16088e+14
3.53613e+14
0
0
0
0
0
0
0
2.74592e+15
1.87234e+15
2.90549e+15
1.41837e+15
0
5.84158e+15
0
1.78149e+15
0
1.21075e+15
0
3.91881e+14
0
0
0
0
0
0
0
0
0
1.81487e+15
0
0
2.05431e+15
5.66228e+15
0
0
0
0
0
0
0
0
0
0
0
0
0
0
0
0
0
0
2.02416e+15
0
0
0
0
5.78181e+14
4.51321e+14
0
0
0
0
0
