0
0
0
0
0
0
0
0
0
0
0
0
0
0
0
0
0
0
0
0
0
0
0
0
0
0
0
0
0
0
0
0
0
0
0
0
0
0
0
0
0
0
0
0
0
0
0
0
0
0
0
0
0
0
0
0
0
0
0
0
0
0
0
0
0
0
0
0
0
0
0
0
0
0
0
0
0
0
0
0
0
0
0
0
0
0
0
0
0
0
0
0
0
0
0
0
0
0
0
0
0
0
0
0
0
0
0
0
0
0
0
0
0
0
0
0
0
0
0
0
0
0
0
0
0
0
0
0
0
0
0
0
0
0
0
0
0
0
0
0
0
0
0
0
0
0
0
0
0
0
0
0
0
0
0
0
0
0
0
0
0
0
0
0
0
0
0
0
0
0
0
0
0
0
0
0
0
0
0
0
0
0
0
0
0
0
0
0
0
0
0
0
0
0
0
0
0
0
0
0
0
0
0
0
0
0
0
0
0
0
0
0
0
0
0
0
0
0
0
0
0
0
0
0
0
0
0
0
0
0
0
0
0
0
0
0
0
0
0
0
0
0
0
0
0
0
0
0
0
0
0
0
0
0
0
0
0
0
0
0
0
0
0
0
0
0
0
0
0
0
0
0
0
0
0
0
0
0
0
0
0
0
0
0
0
0
0
0
0
0
0
0
0
0
0
0
0
0
0
0
0
0
0
0
0
0
0
0
0
0
0
0
0
0
0
0
0
0
0
0
0
0
0
0
0
0
0
0
0
0
0
0
0
0
0
0
0
0
0
0
0
0
0
0
0
0
0
0
0
0
0
0
0
0
0
0
0
0
0
0
0
0
0
0
0
0
0
0
0
0
0
0
0
0
0
0
0
0
0
0
0
0
0
0
0
0
0
0
0
0
0
0
0
0
0
0
0
0
0
0
0
0
0
0
0
0
0
0
0
0
0
0
0
0
0
0
0
0
0
0
0
0
0
0
0
1.03481e+15
0
0
1.17134e+15
0
3.11747e+15
0
4.95185e+14
0
2.6117e+14
2.16586e+14
0
0
0
0
0
0
5.01294e+15
0
1.56568e+15
4.27031e+15
8.28331e+14
8.08732e+14
2.41686e+15
0
0
2.03155e+15
1.02173e+15
0
5.3888e+14
2.23444e+14
0
0
0
0
0
0
0
5.46779e+15
1.66239e+15
3.40057e+15
2.63849e+15
3.43475e+15
1.28307e+15
3.53652e+15
0
2.15704e+15
2.16969e+15
7.32995e+14
0
7.1174e+14
2.01625e+14
1.73694e+14
0
1.32825e+14
0
1.60645e+16
5.91859e+15
6.08005e+15
7.39415e+15
3.78135e+15
1.95596e+15
2.86452e+15
2.85349e+15
3.93253e+15
0
4.79715e+15
3.0158e+15
1.63014e+15
6.36236e+14
2.63812e+14
6.72605e+14
0
0
0
0
0
0
3.62234e+15
8.8105e+15
7.50945e+15
5.82656e+15
5.6887e+15
5.10012e+15
0
0
1.42901e+15
5.03088e+15
3.3992e+15
7.58108e+14
6.28692e+14
2.67147e+14
2.3014e+14
2.00349e+14
0
0
0
9.26885e+15
4.76085e+15
0
5.9218e+15
6.12629e+15
5.98133e+15
2.23436e+15
6.15855e+15
1.18934e+16
3.75631e+15
1.88917e+15
1.91467e+15
1.49457e+15
1.23943e+15
3.51112e+14
0
0
0
0
0
4.17027e+16
0
1.30249e+16
5.9208e+15
9.18787e+15
4.48524e+15
1.00529e+16
0
1.78371e+16
2.81675e+15
5.66654e+15
2.87152e+15
7.47159e+14
6.19612e+14
0
0
3.94911e+14
3.46897e+14
0
0
0
0
1.51438e+16
2.0652e+16
1.20179e+16
1.17335e+16
1.16883e+16
0
0
4.91246e+15
7.41191e+15
1.66933e+15
2.60612e+15
2.16123e+15
9.18362e+14
0
6.88732e+14
0
0
0
4.26442e+16
0
0
0
0
6.87975e+15
0
0
0
8.64103e+15
0
0
4.58417e+15
0
0
0
0
0
0
0
0
0
1.3319e+16
9.08171e+15
7.04648e+15
6.87975e+15
1.02799e+16
0
0
8.64103e+15
0
5.8727e+15
4.58417e+15
1.9008e+15
3.2308e+15
1.39163e+15
0
0
0
0
0
0
7.57188e+15
5.16299e+15
2.40357e+16
1.17335e+16
5.84416e+15
0
0
0
2.47064e+15
1.66933e+15
1.30306e+15
1.08061e+15
9.18362e+14
0
0
0
0
3.77304e+16
0
7.14006e+15
1.73665e+16
1.4802e+16
6.8909e+15
6.72786e+15
6.70196e+15
0
2.67556e+16
2.81675e+15
4.24991e+15
9.57174e+14
2.24148e+15
6.19612e+14
1.57974e+15
4.53634e+14
0
0
0
2.51579e+16
9.26885e+15
1.90434e+16
1.15796e+16
7.89574e+15
4.59471e+15
5.98133e+15
8.93746e+15
0
1.18934e+16
1.31471e+16
3.77833e+15
1.27645e+15
9.96381e+14
1.23943e+15
1.05334e+15
0
0
0
0
1.91416e+16
0
3.62234e+15
2.20263e+15
4.50567e+15
8.15719e+15
1.13774e+15
5.10012e+15
9.37161e+15
4.5246e+15
5.71605e+15
4.31218e+15
2.9136e+15
1.51622e+15
6.28692e+14
2.67147e+14
2.3014e+14
2.00349e+14
0
0
1.60645e+16
5.91859e+15
6.08005e+15
5.54561e+15
2.5209e+15
3.91192e+15
7.63872e+15
4.28024e+15
0
3.79724e+15
5.99644e+15
1.80948e+15
1.22261e+15
6.36236e+14
1.58287e+15
0
3.86287e+14
0
0
0
1.44468e+16
0
5.46779e+15
1.66239e+15
3.40057e+15
3.51799e+15
1.71738e+15
2.56615e+15
0
3.41486e+15
0
3.25454e+15
1.09949e+15
5.72168e+14
7.1174e+14
4.03249e+14
3.47389e+14
0
0
0
1.36063e+16
5.01294e+15
5.14969e+15
4.69703e+15
2.13516e+15
2.48499e+15
1.61746e+15
1.20843e+15
3.33078e+15
0
1.01578e+15
1.5326e+15
1.03553e+15
2.6944e+14
2.23444e+14
0
0
0
0
0
0
0
0
1.51762e+15
1.03481e+15
8.02906e+14
0
0
0
0
0
4.95185e+14
3.3458e+14
0
0
0
0
0
0
0
0
0
2.45917e+15
0
1.01962e+15
0
0
0
0
0
0
0
0
2.57336e+14
0
0
0
1.36015e+14
0
0
0
0
0
0
0
0
0
0
0
0
0
0
0
0
0
0
0
0
0
0
0
0
0
0
1.34396e+15
1.04278e+15
1.52716e+15
0
0
2.02442e+15
1.27875e+15
3.21562e+14
8.69077e+14
0
2.81292e+14
0
0
0
0
0
0
9.76587e+15
1.67205e+15
1.01672e+15
2.77305e+15
2.6895e+15
1.05035e+15
3.92363e+15
4.32587e+15
0
3.29811e+15
6.6349e+14
1.79319e+15
1.74968e+14
7.25499e+14
1.23313e+14
1.06231e+14
1.84959e+14
0
0
0
3.45638e+15
7.10132e+15
3.23856e+15
5.88868e+15
5.14014e+15
3.90329e+15
9.1652e+15
2.29654e+15
6.65261e+15
1.40074e+15
2.11342e+15
1.42797e+15
1.30044e+15
3.08125e+14
2.61861e+14
2.25586e+14
9.81922e+13
0
0
3.12958e+16
0
1.18447e+16
4.8016e+15
4.91105e+15
7.62094e+15
4.34036e+15
4.63249e+15
1.02148e+16
0
3.11517e+15
1.9584e+15
2.3818e+15
1.44605e+15
8.5657e+14
7.27958e+14
3.7627e+14
0
0
0
0
2.2898e+16
1.41136e+16
5.72135e+15
9.75294e+15
8.32401e+15
6.64941e+15
2.20794e+15
9.12857e+15
2.93818e+15
6.49579e+15
2.80023e+15
5.04541e+15
1.72304e+15
1.63303e+15
5.20439e+14
0
0
0
0
1.6337e+16
1.2038e+16
1.23664e+16
3.75978e+15
2.56366e+15
7.95655e+15
7.76829e+15
1.45095e+15
3.99923e+15
0
3.65889e+15
3.68035e+15
2.90114e+15
2.2646e+15
8.04861e+14
6.84013e+14
0
1.70993e+14
0
0
2.45013e+16
9.02695e+15
4.6366e+15
8.45808e+15
9.61209e+15
1.04412e+16
1.16505e+16
4.3521e+15
5.99783e+15
1.73745e+16
1.82914e+15
6.43952e+15
7.45881e+15
1.94076e+15
1.20709e+15
6.83897e+14
0
2.56447e+14
0
0
0
1.57431e+16
8.0863e+15
9.83402e+15
1.34109e+16
2.60138e+15
1.26991e+16
0
1.04603e+16
2.02009e+16
1.27602e+16
1.60438e+15
4.3361e+15
1.69235e+15
0
1.19273e+15
0
0
0
0
7.51634e+16
0
0
8.64904e+15
1.17949e+16
1.83033e+16
0
6.67554e+15
1.83997e+16
0
5.6113e+15
2.8221e+15
3.8136e+15
4.46528e+15
2.46868e+15
2.09801e+15
0
0
0
0
7.51634e+16
2.76922e+16
1.42238e+16
1.72981e+16
1.17949e+16
1.37275e+16
2.23378e+16
1.33511e+16
0
0
5.6113e+15
0
3.8136e+15
4.46528e+15
0
0
0
7.86709e+14
0
0
4.27307e+16
1.57431e+16
1.61726e+16
2.45851e+16
1.34109e+16
1.04055e+16
1.01593e+16
1.13852e+16
1.04603e+16
3.03014e+16
3.19004e+15
6.4175e+15
4.3361e+15
1.69235e+15
3.50863e+15
1.78909e+15
1.0275e+15
0
0
0
4.90026e+16
9.02695e+15
1.39098e+16
8.45808e+15
3.84484e+15
8.9496e+15
1.16505e+16
6.52816e+15
1.79935e+16
5.79149e+15
3.65827e+15
6.43952e+15
4.35097e+15
1.94076e+15
4.82835e+15
6.83897e+14
2.9458e+14
0
0
0
1.6337e+16
1.2038e+16
6.18318e+15
3.75978e+15
1.15365e+16
1.59131e+16
7.76829e+15
5.80379e+15
0
7.7233e+15
4.87852e+15
4.29374e+15
4.97338e+15
4.85271e+15
1.87801e+15
9.12018e+14
1.57136e+15
1.70993e+14
0
0
1.24302e+16
4.57961e+15
1.88181e+16
8.58202e+15
1.46294e+16
6.81055e+15
8.86588e+15
8.83175e+15
6.08571e+15
5.87636e+15
3.71188e+15
2.33353e+15
3.15338e+15
2.46149e+15
1.02065e+15
1.7348e+14
2.98896e+14
3.90307e+14
1.14284e+14
0
2.08638e+16
3.8434e+15
5.92237e+15
7.2024e+15
7.36657e+15
4.44555e+15
8.06068e+15
7.41198e+15
1.02148e+16
0
5.45154e+15
3.13343e+15
1.58787e+15
4.13158e+14
3.42628e+14
7.27958e+14
3.7627e+14
1.09187e+14
0
0
0
1.03691e+16
5.32599e+15
5.3976e+15
5.1526e+15
3.99789e+15
3.90329e+15
3.3328e+15
2.29654e+15
0
6.30331e+15
1.40895e+15
7.13986e+14
7.43106e+14
9.24376e+14
0
0
9.81922e+13
0
0
0
0
0
1.01672e+15
3.46631e+15
3.2274e+15
2.62586e+15
1.56945e+15
2.16293e+15
2.08852e+15
1.97887e+15
2.98571e+15
4.48299e+14
1.74968e+14
1.451e+14
2.46627e+14
1.06231e+14
9.24796e+13
8.12356e+13
0
8.56444e+15
0
0
9.85508e+14
6.71982e+14
1.04278e+15
1.52716e+15
1.52128e+15
0
0
1.91813e+15
1.60781e+15
0
8.47989e+14
0
0
0
0
0
0
0
0
0
0
0
5.13736e+14
0
0
0
1.9947e+15
6.2999e+14
3.16842e+14
4.2816e+14
1.67108e+14
0
0
0
0
0
0
0
0
0
0
0
0
0
0
0
0
0
0
0
0
0
0
0
0
0
0
6.97624e+15
0
1.32017e+15
8.02754e+14
4.37895e+15
1.27411e+15
4.14653e+14
1.23917e+15
0
0
1.04162e+15
0
3.53957e+14
2.76295e+14
1.14564e+14
9.73628e+13
0
0
0
0
7.19715e+15
0
2.72396e+15
4.96905e+15
3.95292e+15
2.62891e+15
4.27784e+15
1.27841e+15
1.76184e+15
0
5.37301e+14
2.16181e+15
1.0955e+15
8.55133e+14
4.72769e+14
4.01784e+14
8.65315e+13
7.53301e+13
0
0
7.64173e+15
5.63084e+15
4.33833e+15
5.27599e+15
6.59543e+15
7.44346e+15
2.27104e+15
4.07214e+15
7.48267e+15
9.03157e+15
3.99344e+15
3.72994e+15
3.4895e+15
2.11856e+15
1.63141e+15
3.19952e+14
9.18767e+13
7.99833e+13
0
0
0
1.87841e+16
4.82412e+15
7.82237e+15
6.66723e+15
8.27694e+15
7.07096e+15
9.81093e+15
8.32054e+15
1.00429e+16
6.34372e+15
5.42378e+15
3.88024e+15
1.68271e+15
1.11636e+15
7.11557e+14
2.04329e+14
1.77879e+14
2.34378e+14
0
1.01251e+16
3.73036e+15
7.66424e+15
1.74764e+16
1.11221e+16
1.35608e+16
1.02309e+16
8.99248e+15
2.47859e+15
2.39332e+15
6.04709e+15
8.74366e+15
5.65095e+15
2.80704e+15
2.32785e+15
1.5544e+15
3.65203e+14
2.11952e+14
9.3091e+13
0
3.99223e+16
1.47085e+16
2.26645e+16
2.60318e+16
1.56619e+16
1.2152e+16
1.89832e+16
8.27317e+15
1.30304e+16
9.43662e+15
7.94769e+15
7.49466e+15
5.06389e+15
3.95282e+15
1.74829e+15
1.30006e+15
4.79987e+14
0
1.2235e+14
0
5.98733e+16
2.20589e+16
1.13303e+16
2.29654e+15
1.87911e+16
1.94399e+16
3.55874e+15
1.24077e+16
9.77117e+15
4.71751e+15
8.93964e+15
7.49339e+15
8.60716e+15
5.92822e+15
1.63874e+15
1.67122e+15
4.79905e+14
6.26673e+14
0
0
0
2.56474e+16
6.58677e+15
2.0026e+16
1.3655e+16
2.54277e+16
1.03442e+16
6.18262e+15
8.52054e+15
0
1.03939e+16
1.30686e+16
2.64901e+15
2.75705e+15
1.1432e+15
1.45732e+15
4.18481e+14
0
0
0
0
0
1.15861e+16
1.40903e+16
9.60766e+15
1.49091e+16
1.45564e+16
1.08752e+16
0
0
9.14146e+15
9.19507e+15
6.21281e+15
6.06206e+15
1.00544e+15
8.54477e+14
1.47222e+15
0
0
0
0
2.2557e+16
3.47584e+16
1.40903e+16
0
1.11818e+16
7.27818e+15
1.63129e+16
0
2.89441e+16
1.82829e+16
1.37926e+16
7.76601e+15
4.84965e+15
3.01633e+15
1.70895e+15
7.3611e+14
0
5.62908e+14
0
0
0
1.97603e+16
8.01039e+15
1.3655e+16
8.47589e+15
6.20651e+15
1.23652e+16
0
1.64548e+16
1.55909e+16
1.30686e+16
2.64901e+15
4.13557e+15
1.1432e+15
9.71548e+14
4.18481e+14
0
3.20015e+14
0
0
7.35298e+15
1.88839e+16
1.14827e+16
1.09615e+16
2.06549e+16
1.18625e+16
1.59527e+16
4.88558e+15
1.41525e+16
1.78793e+16
5.24537e+15
6.58195e+15
1.97607e+15
1.96649e+15
2.78537e+14
2.39953e+14
2.08891e+14
1.83493e+14
0
0
1.96113e+16
7.55484e+15
1.37815e+16
1.35736e+16
1.13419e+16
1.18645e+16
1.06369e+16
9.77282e+15
1.25822e+16
9.93461e+15
8.99359e+15
6.75186e+15
3.42578e+15
2.84096e+15
1.85723e+15
3.19991e+14
2.78568e+14
0
0
3.03753e+16
2.98429e+16
5.74818e+15
1.39811e+16
9.53321e+15
9.8624e+15
7.8236e+15
7.19398e+15
7.43576e+15
7.17996e+15
1.36059e+16
9.50398e+15
3.08233e+15
4.41107e+15
1.9953e+15
1.41309e+14
1.21734e+14
3.17928e+14
9.3091e+13
0
0
6.26136e+15
4.82412e+15
5.86678e+15
1.46679e+16
6.20771e+15
9.09124e+15
6.79218e+15
2.08014e+15
4.01715e+15
5.07497e+15
1.91428e+15
3.4491e+15
1.85098e+15
1.67454e+15
4.74371e+14
2.04329e+14
8.89395e+13
0
0
1.52835e+16
5.63084e+15
4.33833e+15
5.27599e+15
6.59543e+15
4.65216e+15
7.26734e+15
5.42952e+15
3.74133e+15
7.22525e+15
1.71147e+15
3.72994e+15
2.5202e+15
1.36193e+15
5.01973e+14
5.33253e+14
2.7563e+14
1.59967e+14
0
0
7.19715e+15
0
4.08594e+15
5.79723e+15
1.1294e+15
2.62891e+15
2.13892e+15
0
1.76184e+15
1.70123e+15
5.37301e+14
1.0809e+15
9.12914e+14
5.70089e+14
3.54577e+14
5.0223e+14
8.65315e+13
0
0
0
6.97624e+15
0
1.32017e+15
4.01377e+15
1.64211e+15
1.69881e+15
1.65861e+15
6.19586e+14
1.70776e+15
0
0
5.23863e+14
8.84893e+14
5.5259e+14
1.14564e+14
9.73628e+13
8.38755e+13
0
0
0
0
0
1.3008e+15
7.90971e+14
5.39334e+14
4.18468e+14
0
6.10491e+14
0
0
5.13164e+14
2.58087e+14
1.74381e+14
1.3612e+14
1.12883e+14
1.91867e+14
0
0
6.31986e+13
0
0
0
0
0
0
0
0
0
0
0
0
0
0
0
0
0
0
0
0
0
0
0
1.25395e+15
7.62484e+14
2.07964e+15
2.82378e+15
0
1.76551e+15
1.62209e+15
1.56628e+15
9.89364e+14
2.48791e+14
5.04301e+14
2.62434e+14
1.08817e+14
0
1.59336e+14
6.93549e+13
0
0
1.36722e+16
1.76302e+16
2.58731e+15
6.29303e+15
4.82736e+15
4.57788e+15
2.43794e+15
4.85712e+15
1.67345e+15
3.23177e+15
3.57243e+15
1.54002e+15
1.90766e+15
9.47607e+14
4.49052e+14
5.72442e+14
2.46572e+14
1.43102e+14
0
0
0
5.34837e+15
8.2414e+15
4.1761e+15
1.02511e+16
8.83757e+15
6.90277e+15
5.80179e+15
1.06609e+16
8.57849e+15
7.04433e+15
4.63292e+15
2.94618e+15
1.00614e+15
9.53582e+14
5.06502e+14
2.61803e+14
7.59709e+13
0
0
2.42134e+16
8.92088e+15
1.2219e+16
1.02162e+16
1.58319e+16
1.17926e+16
8.15544e+15
5.73462e+15
1.58063e+16
5.72344e+15
4.21784e+15
8.78818e+15
4.91411e+15
2.87693e+15
1.98817e+15
5.63218e+14
3.88158e+14
8.44778e+13
1.48413e+14
0
3.84687e+16
1.41729e+16
1.63795e+16
1.43864e+16
2.11283e+16
1.58079e+16
1.48622e+16
1.79369e+16
1.64797e+16
6.81977e+15
1.50773e+16
1.04716e+16
6.09939e+15
4.18978e+15
1.89521e+15
1.74487e+15
8.09392e+14
1.0066e+14
0
0
7.58391e+16
2.79412e+16
1.19597e+16
1.59991e+16
1.58679e+16
1.07729e+16
2.1036e+16
2.13292e+16
6.18838e+15
2.39019e+16
6.60537e+15
9.96615e+15
5.77183e+15
4.25513e+15
1.66058e+15
1.94047e+15
1.21575e+15
1.32297e+14
0
0
5.68697e+16
1.39682e+16
2.86985e+16
1.74506e+16
3.12347e+16
2.30809e+16
1.57744e+16
1.01016e+16
3.24835e+16
8.96171e+15
1.13216e+16
1.35232e+16
9.61809e+15
7.13239e+15
3.42437e+15
1.05826e+15
2.27915e+14
1.98412e+14
0
0
3.30606e+16
3.65412e+16
1.8769e+16
1.90214e+16
2.0752e+16
2.21394e+16
1.76855e+16
8.80869e+15
2.42793e+16
3.12587e+16
4.93625e+15
1.2413e+16
7.54835e+15
4.58279e+15
3.80046e+15
2.30702e+15
3.97488e+14
0
3.03961e+14
0
5.81536e+16
0
3.30147e+16
2.00752e+16
2.28142e+16
2.83224e+16
1.38261e+16
1.54945e+16
1.42358e+16
0
1.30243e+16
1.09172e+16
7.37643e+15
4.60636e+15
1.91001e+15
2.43484e+15
6.99182e+14
0
5.34669e+14
0
0
0
1.10049e+16
0
4.56284e+15
1.06209e+16
2.41957e+16
2.06594e+16
0
1.37461e+16
4.34144e+15
2.18345e+15
1.18023e+16
5.75796e+15
2.86501e+15
3.24645e+15
0
6.08674e+14
0
0
9.91817e+16
0
3.12817e+16
2.66299e+16
2.0752e+16
2.41521e+16
1.57204e+16
2.64261e+16
8.0931e+15
0
1.23406e+16
9.9304e+15
2.51612e+15
9.82026e+15
2.17169e+15
1.84562e+15
1.98744e+15
3.46033e+14
0
0
1.89566e+16
4.19047e+16
1.79366e+16
2.39946e+16
2.52853e+16
2.30809e+16
1.69011e+16
1.51524e+16
0
2.68851e+16
1.98127e+16
1.1388e+16
1.20226e+16
2.25233e+15
1.55653e+15
7.93693e+14
6.83746e+14
0
0
0
2.52797e+16
9.31373e+15
1.67436e+16
2.03625e+16
2.87607e+16
2.23153e+16
1.72796e+16
1.23485e+16
1.54709e+16
1.1951e+16
1.88725e+16
1.09153e+16
1.0261e+16
7.00844e+15
2.69845e+15
1.58766e+15
1.51969e+14
2.64594e+14
0
0
1.92343e+16
1.77161e+16
2.36592e+16
1.21731e+16
1.50916e+16
2.10772e+16
1.14325e+16
1.11038e+16
9.41699e+15
2.27326e+15
1.22054e+16
8.30503e+15
5.85541e+15
3.04711e+15
2.21108e+15
8.05323e+14
3.46882e+14
6.03957e+14
8.8421e+13
0
5.64979e+16
8.92088e+15
2.44379e+16
5.57246e+15
1.26655e+16
1.47407e+16
1.29528e+16
1.07524e+16
7.90314e+15
5.72344e+15
9.64077e+15
4.84865e+15
3.89034e+15
2.07778e+15
1.72308e+15
6.75861e+14
3.88158e+14
1.68956e+14
7.42067e+13
0
2.17751e+16
8.02255e+15
4.1207e+15
8.3522e+15
9.1121e+15
5.30254e+15
8.19704e+15
6.44643e+15
5.33047e+15
6.86279e+15
1.62562e+15
2.99777e+15
2.76204e+15
2.58722e+15
1.19198e+15
5.06502e+14
3.49071e+14
7.59709e+13
6.67341e+13
0
6.8361e+15
0
5.17462e+15
5.5064e+15
2.68187e+15
4.16171e+15
4.06324e+15
2.42856e+15
1.67345e+15
4.84765e+15
2.55173e+15
2.05336e+15
1.56081e+15
1.35372e+15
5.61315e+14
4.77035e+14
2.46572e+14
0
1.25703e+14
0
6.62627e+15
9.76519e+15
1.25395e+15
3.04993e+15
3.11946e+15
2.42038e+15
7.87704e+14
5.88504e+14
3.24417e+15
1.56628e+15
4.94682e+14
4.97583e+14
6.72401e+14
5.24869e+14
3.26452e+14
1.84957e+14
0
1.3871e+14
0
0
0
0
1.23554e+15
1.50258e+15
5.12278e+14
7.94951e+14
3.88071e+14
0
0
0
0
4.90279e+14
1.65633e+14
1.29291e+14
1.0722e+14
0
0
0
0
0
0
0
0
0
0
0
0
0
0
0
0
0
0
0
0
0
0
0
0
0
0
0
4.10185e+15
1.6628e+15
3.9683e+15
3.95871e+15
2.14725e+15
1.92508e+15
1.76869e+15
1.70785e+15
2.69696e+15
1.08511e+15
7.33174e+14
4.29231e+14
1.18652e+14
0
0
0
0
0
0
1.64775e+16
1.41058e+15
8.57727e+15
5.84852e+15
4.08407e+15
4.87353e+15
5.29612e+15
3.64941e+15
3.52386e+15
2.78237e+15
2.79868e+15
1.32369e+15
1.18086e+15
8.56868e+14
5.20151e+14
1.79238e+14
0
0
0
1.58288e+16
2.04112e+16
1.49771e+16
8.19639e+15
1.67664e+16
8.19088e+15
6.58583e+15
1.05436e+16
9.68709e+15
3.74154e+15
5.31763e+15
7.42891e+15
3.01168e+15
2.03743e+15
2.59942e+14
5.52281e+14
2.85465e+14
1.65675e+14
0
0
8.80063e+15
3.89087e+16
1.16579e+16
1.6203e+16
2.00249e+16
1.66088e+16
1.36004e+16
1.0161e+16
1.29262e+16
6.24074e+15
9.85512e+15
7.26947e+15
4.91174e+15
2.7884e+15
2.31239e+15
1.22825e+15
8.46481e+14
9.21131e+13
8.09137e+13
0
2.09728e+16
3.47712e+16
2.38132e+16
1.448e+16
2.6329e+16
2.4259e+16
1.74521e+16
1.21074e+16
1.79692e+16
9.91488e+15
1.096e+16
9.05566e+15
6.65067e+15
4.77612e+15
2.23871e+15
2.04892e+15
0
5.48787e+14
1.92825e+14
0
4.13468e+16
3.04666e+16
1.30407e+16
1.58592e+16
2.05463e+16
2.26542e+16
1.88414e+16
1.95849e+16
1.68692e+16
9.77335e+15
1.74915e+16
1.19019e+16
8.74098e+15
8.18773e+15
3.84767e+15
1.5388e+15
6.62818e+14
2.88508e+14
2.53431e+14
0
2.06699e+16
3.80768e+16
1.17346e+16
4.04342e+16
1.78398e+16
2.64254e+16
1.96572e+16
9.17886e+15
3.03595e+16
1.46575e+16
2.46897e+16
1.39694e+16
1.36336e+16
5.32113e+15
3.39443e+15
5.76953e+14
1.24257e+15
0
3.80082e+14
0
3.60487e+16
2.65626e+16
4.09308e+16
2.90368e+16
3.11129e+16
2.19458e+16
2.57119e+16
2.88145e+16
1.76492e+16
1.7042e+16
8.0736e+15
1.08279e+16
1.46322e+16
7.13856e+15
2.95997e+15
1.00622e+15
8.66828e+14
7.54618e+14
0
0
0
2.33619e+16
4.79983e+16
3.64827e+16
3.9802e+16
1.93014e+16
2.63826e+16
3.37899e+16
4.65674e+16
0
2.8403e+16
1.42848e+16
9.65175e+15
8.78972e+15
3.12396e+15
3.53987e+15
7.62376e+14
6.63687e+14
5.82994e+14
0
6.34097e+16
0
5.99978e+16
1.45931e+16
3.48267e+16
1.15808e+16
1.88447e+16
3.37899e+16
1.55225e+16
2.99769e+16
9.46766e+15
9.52318e+15
8.04313e+15
6.27837e+15
7.28924e+15
3.53987e+15
1.52475e+15
0
0
0
7.20973e+16
2.65626e+16
1.36436e+16
1.65925e+16
2.5456e+16
1.31675e+16
1.92839e+16
2.24113e+16
3.52983e+16
0
2.6912e+16
1.08279e+16
8.23059e+15
4.99699e+15
2.95997e+15
2.01243e+15
1.30024e+15
0
0
0
6.20097e+16
1.52307e+16
1.95577e+16
1.90279e+16
2.4327e+16
2.5167e+16
2.82573e+16
3.12081e+16
1.51797e+16
4.88585e+15
1.23448e+16
1.31933e+16
9.96303e+15
6.95839e+15
3.73387e+15
2.59629e+15
7.45544e+14
1.08172e+15
0
0
2.75645e+16
3.55443e+16
3.12977e+16
2.0617e+16
2.8116e+16
2.93665e+16
1.96606e+16
1.22405e+16
6.7477e+15
1.95467e+16
2.05782e+16
1.08669e+16
1.15381e+16
7.36896e+15
4.75301e+15
3.847e+14
8.28523e+14
0
0
0
4.19456e+16
3.86347e+16
2.18287e+16
2.172e+16
2.22151e+16
1.34063e+16
1.43357e+16
1.1176e+16
2.05362e+16
9.91488e+15
1.40914e+16
1.06306e+16
8.77888e+15
5.81441e+15
2.75534e+15
1.17081e+15
1.00863e+15
2.19515e+14
9.64127e+13
0
0
1.6212e+16
1.49888e+16
1.01269e+16
9.66719e+15
1.12511e+16
1.25542e+16
7.81616e+15
8.61744e+15
8.32099e+15
9.85512e+15
9.25205e+15
5.58153e+15
4.53115e+15
2.31239e+15
6.14123e+14
1.16391e+15
1.84226e+14
8.09137e+13
0
3.16576e+16
1.16635e+16
8.98628e+15
1.09285e+16
1.24196e+16
9.63633e+15
9.87874e+15
1.05436e+16
1.16245e+16
5.6123e+15
2.95424e+15
3.86303e+15
2.8109e+15
2.35089e+15
1.03977e+15
8.8365e+14
3.80621e+14
0
0
0
7.45397e+15
2.74624e+15
2.82116e+15
3.43091e+15
5.26367e+15
3.1765e+15
3.98744e+15
3.31007e+15
1.8247e+15
1.76193e+15
2.78237e+15
3.91816e+15
1.70188e+15
1.77129e+15
7.34458e+14
3.1209e+14
2.68858e+14
1.56036e+14
0
0
0
0
1.36728e+15
3.3256e+15
2.2676e+15
4.39857e+15
3.86504e+15
6.41694e+14
0
0
5.39393e+14
5.42556e+14
1.09976e+15
4.29231e+14
2.37305e+14
3.02511e+14
2.60605e+14
0
0
0
0
0
0
2.45759e+15
1.67574e+15
8.668e+14
8.46291e+14
6.32275e+14
3.48546e+15
1.68278e+15
5.31475e+14
5.34592e+14
3.61206e+14
1.40977e+14
1.16911e+14
0
8.55933e+13
0
0
0
0
0
0
0
0
0
0
0
0
0
0
0
0
0
0
0
0
0
0
0
9.08628e+15
0
0
3.13667e+15
2.85171e+15
1.65947e+15
1.08014e+15
2.42096e+15
8.89715e+15
4.29554e+15
5.42667e+15
1.36462e+15
1.38305e+15
7.19727e+14
4.47647e+14
3.80434e+14
2.18489e+14
0
0
0
9.37401e+15
1.03609e+16
5.32178e+15
9.70799e+15
8.82603e+15
4.5654e+15
2.78586e+15
4.1627e+15
2.29472e+15
4.43156e+15
2.79926e+15
3.16763e+15
2.14026e+15
1.29941e+15
6.15763e+14
1.30827e+14
4.50816e+14
2.94344e+14
1.72371e+14
0
2.98592e+16
1.10009e+16
1.69515e+16
1.03077e+16
1.2495e+16
8.48297e+15
1.06486e+16
6.18778e+15
9.74589e+15
1.17633e+16
5.2013e+15
4.1107e+15
1.76748e+15
2.56225e+15
1.3076e+15
1.25017e+15
3.58998e+14
2.0835e+14
9.15092e+13
0
3.32027e+16
1.22328e+16
1.67553e+16
2.67444e+16
1.8236e+16
1.61706e+16
1.9735e+16
8.84655e+15
1.35465e+16
1.30805e+16
4.95747e+15
8.72644e+15
6.17694e+15
2.41083e+15
2.36278e+15
1.39016e+15
3.99196e+14
0
2.03512e+14
0
3.95626e+16
1.94346e+16
7.48679e+15
2.12448e+16
2.79374e+16
1.84652e+16
2.19475e+16
1.9911e+16
9.68479e+15
9.35162e+15
1.37832e+16
1.53494e+16
9.0329e+15
4.70065e+15
2.81537e+15
1.8405e+15
4.75663e+14
1.38029e+14
2.42495e+14
0
5.19972e+16
3.83144e+16
1.96798e+16
2.99166e+16
2.58387e+16
2.42689e+16
1.95739e+16
2.1551e+16
1.27287e+16
4.09695e+15
1.94092e+16
1.49676e+16
1.27513e+16
7.8942e+15
3.70025e+15
1.69328e+15
2.08388e+14
1.81412e+14
0
0
5.19884e+16
9.57697e+15
4.4272e+16
1.49557e+16
3.6712e+16
3.16497e+16
2.78108e+16
1.38519e+16
3.81797e+16
6.14438e+15
1.16435e+16
1.56158e+16
9.23217e+15
8.23603e+15
2.1344e+15
1.81392e+15
1.25012e+15
2.72072e+14
0
0
0
3.34048e+16
2.5737e+16
2.08664e+16
2.13421e+16
3.03587e+16
3.2335e+16
2.01315e+16
2.21953e+16
0
2.36909e+16
1.70213e+16
1.4951e+16
1.07728e+16
2.97794e+15
1.8981e+15
0
4.74499e+14
0
0
7.97432e+16
2.93796e+16
3.0181e+16
3.67041e+16
4.37976e+16
3.39825e+16
2.36989e+16
1.41646e+16
1.95208e+16
3.76986e+16
2.38128e+16
5.98811e+15
1.61839e+16
6.31648e+15
2.6191e+15
2.22585e+15
1.91751e+15
0
0
0
0
5.87591e+16
3.0181e+16
9.17603e+15
3.1284e+16
4.36917e+16
2.36989e+16
4.24937e+16
0
5.65479e+16
5.9532e+15
8.98217e+15
8.09194e+15
3.15824e+15
7.8573e+15
3.33877e+15
9.58754e+14
0
0
0
4.53343e+16
8.3512e+16
8.57901e+15
5.73827e+16
1.42281e+16
3.31186e+16
2.69458e+16
4.02631e+16
2.21953e+16
1.07159e+16
1.01533e+16
8.51067e+15
1.15008e+16
1.07728e+16
5.21139e+15
6.32702e+14
1.09011e+15
0
4.16807e+14
0
2.59942e+16
9.57697e+15
1.47573e+16
1.49557e+16
4.89493e+16
3.48147e+16
1.54504e+16
2.77037e+16
4.4543e+16
1.84331e+16
2.13465e+16
1.75677e+16
6.59441e+15
7.20653e+15
3.84191e+15
7.25568e+14
6.25058e+14
0
0
0
3.46648e+16
2.55429e+16
1.63998e+16
2.79221e+16
2.31189e+16
2.21586e+16
3.39967e+16
2.92478e+16
3.39433e+16
2.45817e+16
1.81152e+16
9.7615e+15
7.03523e+15
8.58066e+15
3.98488e+15
1.20949e+15
8.33552e+14
0
0
0
2.63751e+16
3.40106e+16
1.99648e+16
2.73148e+16
1.96597e+16
2.24794e+16
1.80283e+16
1.52261e+16
1.61413e+16
2.49376e+16
1.18141e+16
1.53494e+16
9.36745e+15
5.22295e+15
4.76448e+15
1.4724e+15
1.10988e+15
2.76059e+14
1.21247e+14
0
2.21351e+16
2.03879e+16
2.93217e+16
1.91031e+16
2.08411e+16
1.4823e+16
7.23616e+15
6.88065e+15
1.08372e+16
1.56966e+16
6.60996e+15
5.81763e+15
5.89617e+15
4.60249e+15
3.45329e+15
9.26776e+14
7.98393e+14
3.47521e+14
0
0
0
7.33395e+15
2.07185e+16
1.25983e+16
1.56187e+16
1.33304e+16
8.28225e+15
1.23756e+16
9.74589e+15
0
6.68738e+15
4.8581e+15
4.03995e+15
2.56225e+15
1.79795e+15
0
3.58998e+14
1.04175e+14
0
0
9.37401e+15
3.45364e+15
1.77393e+15
5.39333e+15
6.61952e+15
3.99472e+15
5.57172e+15
4.1627e+15
1.60631e+16
2.21578e+15
1.39963e+15
2.81567e+15
3.09149e+15
9.28148e+14
7.69704e+14
5.23308e+14
1.12704e+14
2.94344e+14
1.72371e+14
0
0
3.34763e+15
1.71948e+15
2.09111e+15
1.42585e+15
1.65947e+15
1.62021e+15
8.06986e+14
2.22429e+15
2.14777e+15
1.35667e+15
2.04693e+15
6.91523e+14
3.59863e+14
4.47647e+14
3.80434e+14
1.09245e+14
0
0
0
0
0
0
0
1.40492e+15
5.45038e+14
0
7.95141e+14
2.19164e+15
0
6.68376e+14
0
1.36274e+15
1.77291e+14
1.47025e+14
0
0
9.37069e+13
0
0
0
0
0
0
0
0
0
0
0
0
0
0
0
0
0
0
0
0
0
0
0
9.86127e+15
0
3.07994e+15
1.05005e+15
2.44419e+15
1.59091e+15
3.56576e+15
3.27609e+15
0
9.99098e+14
5.02479e+14
6.79017e+14
5.30033e+14
0
3.73554e+14
0
0
0
0
1.38067e+16
0
7.8383e+15
9.53242e+15
7.58311e+15
8.40531e+15
6.56515e+15
2.45245e+15
0
6.52712e+15
5.15368e+15
5.1839e+14
5.25389e+15
2.73409e+15
6.80206e+14
1.92691e+14
4.97996e+14
1.4451e+14
1.2694e+14
0
2.93192e+16
1.6203e+16
8.32248e+15
1.18081e+16
8.05153e+15
1.07094e+16
5.22801e+15
9.1138e+15
7.17722e+15
3.46516e+15
5.47203e+15
7.15536e+15
4.09085e+15
2.61268e+15
1.2037e+15
8.18377e+14
3.52505e+14
1.53437e+14
1.34781e+14
0
0
2.40231e+16
1.85088e+16
1.31303e+16
1.40692e+16
2.38172e+16
9.68903e+15
1.59254e+16
1.99522e+16
7.70634e+15
1.94712e+16
9.79271e+15
5.78954e+15
3.87364e+15
2.94468e+15
1.82003e+15
1.95988e+14
0
1.49874e+14
0
0
3.57809e+16
2.20542e+16
2.68208e+16
1.98121e+16
1.89196e+16
1.1545e+16
1.55257e+16
4.75482e+15
9.18249e+15
1.01504e+16
1.23978e+16
7.88403e+15
3.84637e+15
3.50873e+15
8.13246e+14
9.3412e+14
6.09899e+14
0
0
0
1.88107e+16
2.89858e+16
2.35004e+16
2.00301e+16
2.48661e+16
2.42777e+16
2.494e+16
3.74956e+16
6.03428e+15
1.71523e+16
1.53359e+16
1.48954e+16
1.01106e+16
5.44999e+15
1.78142e+15
1.53464e+15
5.34394e+14
2.3471e+14
0
0
1.41057e+16
4.34713e+16
2.20279e+16
2.1028e+16
3.4962e+16
2.04808e+16
3.0603e+16
1.87446e+16
0
3.14406e+16
1.29375e+16
7.77018e+15
9.09797e+15
5.02991e+15
2.67167e+15
4.60315e+14
4.00728e+14
0
0
2.00315e+17
0
3.79074e+16
3.07336e+16
3.14342e+16
2.84547e+16
2.77814e+16
1.18605e+16
1.63455e+16
1.57831e+16
9.96963e+15
7.52107e+15
8.46957e+15
2.6445e+15
2.19306e+15
1.86378e+15
8.02797e+14
0
0
0
0
8.65447e+16
0
2.70302e+16
2.76464e+16
2.14508e+16
2.09432e+16
4.17252e+16
8.62551e+16
2.77626e+16
3.50732e+16
1.76394e+16
8.9388e+15
2.32584e+15
1.9288e+15
3.27839e+15
0
0
1.07986e+15
0
0
0
2.22264e+16
2.70302e+16
5.52928e+16
5.72021e+16
2.09432e+16
6.25878e+16
0
0
8.7683e+15
3.52789e+16
1.19184e+16
1.39551e+16
9.644e+15
1.63919e+15
1.41212e+15
0
0
0
1.33543e+17
2.46005e+16
3.79074e+16
1.53668e+16
1.57171e+16
3.65846e+16
3.17502e+16
2.3721e+16
0
3.15663e+16
2.49241e+16
2.00562e+16
5.08174e+15
3.96675e+15
6.57918e+15
2.79567e+15
8.02797e+14
0
6.13904e+14
0
1.14858e+17
4.2317e+16
2.89809e+16
2.64335e+16
1.8024e+16
2.79696e+16
1.82052e+16
2.72027e+16
3.74892e+16
3.61995e+16
1.71494e+16
1.4375e+16
1.55404e+16
7.58164e+15
2.51495e+15
3.20601e+15
9.2063e+14
8.01455e+14
3.52006e+14
0
7.65852e+16
0
4.34787e+16
3.81882e+16
2.60391e+16
1.86495e+16
1.82083e+16
2.26727e+16
3.74956e+16
1.20686e+16
1.52465e+16
1.43774e+16
5.82862e+15
7.0774e+15
4.1923e+15
1.06885e+15
2.1485e+15
2.67197e+14
0
0
9.71179e+16
2.14685e+16
1.10271e+16
2.01156e+16
2.28602e+16
1.77371e+16
1.73175e+16
1.72508e+16
4.75482e+15
4.59125e+15
1.59507e+16
9.48067e+15
9.85504e+15
3.84637e+15
3.82771e+15
1.35541e+15
1.16765e+15
0
0
0
0
4.20403e+16
3.0848e+16
2.62607e+16
1.79062e+16
1.2901e+16
1.64714e+16
8.68656e+15
1.99522e+16
1.15595e+16
8.51867e+15
7.34453e+15
7.44369e+15
4.84205e+15
2.67698e+15
1.13752e+15
3.91977e+14
1.70618e+14
1.49874e+14
0
0
1.6203e+16
1.6645e+16
1.18081e+16
1.38026e+16
8.03207e+15
8.71335e+15
7.81183e+15
3.58861e+15
1.38606e+16
6.56644e+15
6.05453e+15
5.57843e+15
2.90297e+15
1.2037e+15
6.13783e+14
5.28758e+14
0
0
0
1.38067e+16
0
2.61277e+15
1.58874e+15
2.1666e+15
5.88372e+15
4.10322e+15
2.45245e+15
3.37983e+15
3.26356e+15
5.15368e+15
1.55517e+15
3.15233e+15
1.64045e+15
1.13368e+15
5.78074e+14
3.31997e+14
1.4451e+14
0
0
0
0
0
0
5.25025e+15
2.44419e+15
1.59091e+15
0
0
0
0
5.02479e+14
6.79017e+14
7.95049e+14
0
1.86777e+14
1.60903e+14
0
0
0
0
0
0
1.51737e+15
0
2.40832e+15
7.83778e+14
0
0
0
9.84432e+14
0
3.34525e+14
0
0
1.84035e+14
0
0
0
0
0
0
0
0
0
0
0
0
0
0
0
0
0
0
0
0
0
0
0
0
0
0
4.39176e+15
0
7.28363e+15
2.82567e+15
0
2.06115e+15
0
5.48568e+15
0
0
1.76624e+15
1.37871e+15
0
3.23892e+14
0
0
0
0
0
0
1.81233e+16
1.37753e+16
7.51427e+15
4.37273e+15
2.84618e+15
4.25283e+15
1.1722e+16
1.13188e+16
7.14966e+15
4.49474e+15
1.21478e+15
0
7.86369e+14
6.68298e+14
5.75721e+14
0
0
0
2.54214e+16
3.74637e+16
1.44321e+16
2.92523e+15
1.59569e+16
9.28568e+15
7.55498e+15
2.25777e+15
0
0
5.69348e+15
3.81791e+15
5.80418e+15
4.02727e+15
1.25242e+15
7.09579e+14
3.05642e+14
0
0
0
5.65359e+16
0
1.06988e+16
1.30112e+16
1.10898e+16
8.60454e+15
1.68019e+16
2.51058e+16
2.07597e+16
4.67728e+16
1.2662e+16
7.42949e+15
8.60548e+15
3.35867e+15
1.85688e+15
1.57807e+15
3.39866e+14
0
0
0
3.36827e+16
2.48192e+16
4.46185e+16
3.10069e+16
4.49277e+16
1.84549e+16
6.00609e+15
2.39319e+16
1.64908e+16
7.96174e+15
1.50874e+16
1.01173e+16
1.19628e+16
6.67004e+15
3.31884e+15
2.35044e+15
1.61987e+15
3.52545e+14
0
0
0
1.631e+16
2.51323e+16
3.56583e+16
1.38938e+16
2.42553e+16
2.8944e+16
7.86342e+15
1.08369e+16
1.04641e+16
2.31343e+16
2.16078e+16
7.86138e+15
7.01315e+15
5.81594e+15
1.85351e+15
5.3225e+14
0
0
0
0
2.44608e+16
2.51281e+16
3.05591e+16
2.08371e+16
1.61675e+16
2.76237e+16
5.89657e+15
0
0
1.98261e+16
1.99423e+16
2.02116e+16
3.94423e+15
1.4174e+16
9.26597e+14
7.98239e+14
6.94908e+14
0
0
1.1579e+17
4.26601e+16
2.19119e+16
0
1.81702e+16
2.11473e+16
2.06469e+16
3.08511e+16
2.83449e+16
0
4.32212e+16
1.30424e+16
2.34995e+16
2.29293e+15
1.90151e+15
3.232e+15
0
0
1.06458e+15
0
0
0
3.85431e+16
4.68735e+16
0
1.23994e+16
6.05299e+16
1.80891e+16
0
0
0
5.35304e+16
1.03339e+16
1.20998e+16
1.00343e+16
2.84255e+15
2.44878e+15
0
0
0
0
0
2.31258e+17
0
4.7942e+16
2.47987e+16
6.05299e+16
5.42672e+16
0
0
0
3.05888e+16
2.58348e+16
0
0
2.84255e+15
0
2.13179e+15
0
0
0
4.26601e+16
2.19119e+16
0
4.54254e+16
3.52455e+16
6.8823e+15
1.02837e+16
5.66898e+16
2.73698e+16
1.72885e+16
4.34747e+15
2.05621e+16
4.58587e+15
9.50754e+15
3.232e+15
0
0
0
0
1.32785e+17
2.44608e+16
3.76921e+16
3.05591e+16
3.6465e+16
1.61675e+16
2.76237e+16
1.76897e+16
3.25053e+16
4.70806e+16
2.97391e+16
1.24639e+16
8.42148e+15
1.05179e+16
2.18061e+15
0
1.59648e+15
0
0
0
4.42692e+16
3.26199e+16
3.35098e+16
5.09405e+16
2.08407e+16
1.34752e+16
1.31564e+16
2.7522e+16
1.08369e+16
2.09283e+16
6.6098e+15
2.327e+16
7.86138e+15
6.13651e+15
3.63496e+15
3.08918e+15
0
9.267e+14
0
0
3.36827e+16
6.20481e+16
1.27481e+16
3.10069e+16
1.3214e+16
1.64044e+16
1.20122e+16
2.69234e+16
1.64908e+16
0
1.00583e+16
1.77052e+16
8.54488e+15
8.00405e+15
4.97826e+15
9.40175e+14
8.09936e+14
0
0
0
2.8268e+16
1.04147e+16
2.13976e+16
9.75836e+15
1.55257e+16
1.893e+16
2.18425e+16
5.02116e+15
3.45994e+16
1.33637e+16
1.2662e+16
1.16749e+16
7.17123e+15
1.11956e+15
9.28438e+14
1.57807e+15
1.0196e+15
2.95871e+14
0
0
0
1.87319e+16
1.44321e+16
1.75514e+16
7.97844e+15
1.54761e+16
7.55498e+15
1.12888e+16
0
0
7.5913e+15
4.77239e+15
3.86945e+15
4.02727e+15
4.17472e+14
2.12874e+15
0
2.66077e+14
0
0
2.39424e+16
8.82104e+15
9.06167e+15
2.75505e+15
3.75714e+15
2.91515e+15
7.11545e+15
1.06321e+16
5.86102e+15
5.65939e+15
5.36224e+15
4.49474e+15
3.03695e+15
2.84473e+15
1.57274e+15
0
0
2.50597e+14
0
0
0
8.55028e+15
0
0
5.46272e+15
2.82567e+15
2.75882e+15
6.18344e+15
0
5.48568e+15
1.73255e+15
2.61407e+15
1.17749e+15
2.29784e+15
0
3.23892e+14
0
0
0
0
0
0
0
0
0
1.3921e+15
1.35916e+15
0
0
0
0
8.58565e+14
1.16021e+15
0
0
0
2.74929e+14
0
0
0
0
0
0
0
0
0
0
0
0
0
0
0
0
0
0
0
0
0
0
0
0
0
0
0
0
0
4.84659e+15
0
0
0
6.08736e+15
3.06153e+15
0
1.61471e+15
6.69531e+14
0
0
0
0
0
0
0
0
4.83997e+15
3.3002e+15
1.02425e+16
5.00006e+15
0
1.02964e+16
0
1.25603e+16
3.15848e+15
2.13408e+15
0
1.38147e+15
5.87021e+14
0
0
0
0
4.46594e+16
0
2.53538e+16
1.02779e+16
2.80325e+16
1.3594e+16
1.06178e+16
7.93273e+15
2.18649e+16
0
1.66702e+16
5.03037e+15
6.79772e+15
2.65311e+15
1.4668e+15
0
0
0
0
0
9.93202e+16
3.65923e+16
1.87952e+16
0
1.16893e+16
2.41858e+16
2.06619e+16
2.6463e+16
0
2.34768e+16
1.11221e+16
1.49164e+16
6.29908e+15
6.88379e+15
4.89314e+15
6.93074e+14
1.19413e+15
0
0
0
5.91725e+16
2.18008e+16
3.35932e+16
0
2.32139e+16
3.2421e+16
1.75855e+16
3.1532e+16
2.89704e+16
1.39869e+16
1.767e+16
1.33302e+16
6.00454e+15
5.85884e+15
3.88695e+15
1.65166e+15
7.11433e+14
0
0
0
0
0
1.47172e+16
8.94904e+15
1.83061e+16
2.84073e+16
1.38676e+16
2.07213e+16
1.90379e+16
0
1.74178e+16
2.04399e+16
1.38106e+16
3.08011e+15
1.27715e+15
4.34157e+15
1.87007e+15
0
7.15028e+14
0
0
0
4.41441e+16
1.34213e+16
1.00666e+17
2.13018e+16
6.93261e+15
2.07178e+16
2.85521e+16
2.75698e+16
0
1.7517e+16
1.77535e+16
0
9.57703e+15
1.62781e+15
0
0
0
0
0
0
0
2.34069e+16
3.19207e+16
0
1.20906e+16
1.80661e+16
0
0
1.51859e+16
0
1.54812e+16
1.20844e+16
3.3405e+15
2.83893e+15
0
2.12908e+15
0
0
0
0
1.35422e+17
0
0
2.17828e+16
2.12674e+16
6.35565e+16
8.759e+16
8.45768e+16
2.6712e+16
0
2.72314e+16
1.4171e+16
5.87595e+15
0
0
0
0
0
0
0
0
4.11729e+16
2.80743e+16
2.17828e+16
0
0
8.759e+16
0
0
1.34343e+16
0
7.08551e+15
1.17519e+16
0
4.30193e+15
0
0
0
0
0
3.8494e+16
4.68139e+16
3.19207e+16
4.95343e+16
2.41812e+16
1.80661e+16
0
9.61645e+16
4.55577e+16
7.63747e+15
5.16039e+15
8.05629e+15
0
0
2.44567e+15
0
0
0
1.16636e+17
0
2.2072e+16
5.36851e+16
3.66059e+16
5.68049e+16
6.93261e+15
1.03589e+16
0
5.51396e+16
8.70742e+15
1.7517e+16
5.91782e+15
2.30969e+15
1.91541e+15
0
2.80464e+15
0
1.07236e+15
0
1.55541e+17
2.86528e+16
1.47172e+16
3.57962e+16
4.27141e+16
2.84073e+16
1.84901e+16
3.45354e+16
0
5.5149e+16
1.16119e+16
8.75997e+15
1.18376e+16
1.23204e+16
1.27715e+15
1.08539e+15
9.35037e+14
8.13997e+14
0
0
5.91725e+16
0
2.23955e+16
0
9.28558e+15
1.44093e+16
1.05513e+16
1.5766e+16
2.89704e+16
0
2.20875e+16
4.44341e+15
2.10159e+16
3.51531e+15
1.94347e+15
2.4775e+15
1.42287e+15
6.19338e+14
0
0
0
0
1.87952e+16
2.28575e+16
3.11714e+16
6.04646e+15
1.47585e+16
8.821e+15
1.21566e+16
0
1.11221e+16
7.4582e+15
6.29908e+15
5.90039e+15
8.15523e+14
0
5.97065e+14
5.19775e+14
0
0
0
0
2.53538e+16
2.05558e+16
1.40162e+16
1.3594e+16
1.59268e+16
1.98318e+16
1.09324e+16
0
6.66806e+15
8.38396e+15
3.39886e+15
3.53748e+15
2.2002e+15
6.23282e+14
5.36941e+14
0
0
0
4.20612e+16
3.0993e+16
0
3.38798e+16
3.3002e+15
2.56062e+15
1.25002e+16
7.47122e+15
1.02964e+16
9.94221e+15
0
1.57924e+15
2.13408e+15
8.3292e+14
6.90733e+14
0
0
0
0
0
0
0
0
0
3.1989e+15
0
4.84659e+15
0
0
0
3.04368e+15
0
1.03429e+15
0
1.33906e+15
0
0
0
0
0
0
1.48003e+16
1.52041e+16
0
0
0
0
0
0
0
0
0
0
0
0
0
0
0
0
0
0
0
0
0
0
0
0
0
0
0
0
0
0
0
0
0
0
0
0
0
0
0
0
0
3.1989e+15
0
2.42329e+15
0
9.98038e+15
0
0
0
3.10286e+15
0
0
0
4.9018e+14
0
0
0
0
0
0
1.45199e+16
6.6004e+15
7.68185e+15
5.00006e+15
3.73561e+15
0
9.94221e+15
0
4.73772e+15
1.06704e+15
2.49876e+15
0
2.34808e+15
5.05703e+14
0
0
0
4.46594e+16
3.29075e+16
8.45128e+15
0
1.40162e+16
1.08752e+16
1.06178e+16
1.58655e+16
1.09324e+16
0
3.33403e+15
6.70716e+15
3.39886e+15
5.30622e+15
1.4668e+15
1.24656e+15
5.36941e+14
4.67434e+14
0
0
4.96601e+16
0
9.39762e+15
2.85719e+16
1.94821e+16
2.41858e+16
1.18068e+16
3.08735e+16
0
0
3.70736e+15
3.7291e+15
5.03926e+15
3.93359e+15
4.07761e+15
6.93074e+14
5.97065e+14
0
0
0
5.91725e+16
2.18008e+16
2.23955e+16
2.72359e+16
2.78567e+16
1.0807e+16
1.05513e+16
5.25533e+15
2.89704e+16
4.19607e+16
8.83501e+15
1.77736e+16
1.05079e+16
9.37415e+15
2.91521e+15
8.25832e+14
7.11433e+14
0
0
0
0
2.86528e+16
2.94344e+16
4.47452e+16
1.83061e+16
2.84073e+16
3.69802e+16
0
0
1.8383e+16
2.32237e+16
2.91999e+16
9.86471e+15
1.23204e+16
1.27715e+15
2.17078e+15
9.35037e+14
8.13997e+14
7.15028e+14
0
0
0
2.2072e+16
5.36851e+16
5.49089e+16
4.26037e+16
1.38652e+16
2.07178e+16
2.85521e+16
2.75698e+16
0
8.75849e+15
8.87673e+15
1.15485e+16
5.74622e+15
3.25562e+15
0
1.22079e+15
0
0
0
0
0
0
3.19207e+16
3.71508e+16
2.41812e+16
0
4.97953e+16
9.61645e+16
3.03718e+16
2.29124e+16
0
0
6.681e+15
5.67786e+15
0
0
0
0
0
0
0
0
2.80743e+16
4.35655e+16
2.12674e+16
3.17782e+16
0
8.45768e+16
5.3424e+16
0
9.07714e+15
0
0
0
0
0
0
0
0
0
1.35422e+17
4.11729e+16
8.42228e+16
2.17828e+16
4.25347e+16
6.35565e+16
0
1.69154e+17
0
0
0
0
5.87595e+15
0
0
0
3.28971e+15
0
0
7.49437e+16
0
2.34069e+16
6.38413e+16
3.71508e+16
1.20906e+16
1.80661e+16
0
4.80822e+16
0
2.29124e+16
1.54812e+16
8.05629e+15
1.00215e+16
2.83893e+15
0
0
0
0
0
0
4.41441e+16
2.68426e+16
1.8303e+16
2.13018e+16
1.38652e+16
2.07178e+16
0
0
1.74148e+16
3.06547e+16
5.91782e+15
6.92908e+15
7.66163e+15
1.62781e+15
0
0
0
0
0
5.73055e+16
2.94344e+16
8.94904e+15
5.49182e+16
3.31418e+16
2.31126e+16
2.07213e+16
0
0
4.06415e+16
1.75199e+16
9.86471e+15
1.54006e+15
2.55431e+15
2.17078e+15
0
0
0
0
5.91725e+16
2.18008e+16
3.35932e+16
1.36179e+16
2.32139e+16
2.52163e+16
3.51709e+16
1.5766e+16
1.44852e+16
0
8.83501e+15
1.11085e+16
7.50567e+15
8.20238e+15
1.94347e+15
4.12916e+15
7.11433e+14
0
0
0
0
0
4.69881e+16
1.71431e+16
1.16893e+16
2.11626e+16
8.85509e+15
1.32315e+16
6.0783e+16
1.17384e+16
7.41472e+15
1.49164e+16
7.55889e+15
5.90039e+15
3.26209e+15
2.77229e+15
1.19413e+15
5.19775e+14
4.56579e+14
0
4.46594e+16
1.64537e+16
0
2.56947e+16
2.45284e+16
5.43758e+15
1.06178e+16
1.18991e+16
1.09324e+16
1.05564e+16
3.33403e+15
3.35358e+15
3.39886e+15
3.53748e+15
0
0
5.36941e+14
4.67434e+14
0
0
4.20612e+16
1.54965e+16
7.95961e+15
0
3.3002e+15
2.56062e+15
2.50003e+15
0
0
0
6.28013e+15
3.15848e+15
1.06704e+15
1.66584e+15
6.90733e+14
5.87021e+14
0
0
0
0
0
0
0
0
6.3978e+15
0
0
3.62095e+15
0
0
3.04368e+15
4.5923e+15
2.06858e+15
8.07354e+14
0
0
0
0
0
0
0
0
0
0
6.30389e+15
2.44559e+15
0
0
0
0
0
1.5083e+15
1.01911e+15
0
0
0
0
0
0
0
0
0
0
0
0
0
0
0
0
0
0
0
0
0
0
0
0
0
0
0
0
0
0
5.34097e+15
1.82091e+15
1.41284e+15
2.75882e+15
4.12229e+15
5.68112e+15
0
1.73255e+15
8.71355e+14
2.35498e+15
4.59569e+14
3.81116e+14
0
0
0
0
0
0
0
9.06167e+15
8.26515e+15
7.51427e+15
1.45758e+15
2.84618e+15
4.25283e+15
5.86102e+15
0
7.14966e+15
4.49474e+15
4.85912e+15
2.37061e+15
0
3.34149e+14
5.75721e+14
0
0
0
5.08428e+16
9.36593e+15
4.81071e+15
1.75514e+16
1.19677e+16
1.08333e+16
1.66209e+16
1.35466e+16
6.22306e+15
0
9.48913e+15
8.5903e+15
4.51436e+15
4.53068e+15
0
1.06437e+15
0
2.66077e+14
2.33726e+14
0
2.8268e+16
3.1244e+16
2.6747e+16
2.27695e+16
6.65387e+15
2.40927e+16
1.51217e+16
7.53175e+15
1.38398e+16
1.33637e+16
4.22067e+15
1.06136e+16
1.00397e+16
3.91845e+15
4.17797e+15
2.3671e+15
6.79733e+14
2.95871e+14
0
0
0
3.72289e+16
1.91222e+16
2.32552e+16
2.11425e+16
2.05055e+16
1.80183e+16
1.49574e+16
1.64908e+16
2.38852e+16
1.00583e+16
1.01173e+16
1.11083e+16
7.33704e+15
2.21256e+15
9.40175e+14
0
3.52545e+14
0
0
1.32808e+17
1.631e+16
8.37745e+15
3.56583e+16
2.08407e+16
1.88653e+16
1.05251e+16
1.57268e+16
1.08369e+16
1.04641e+16
1.98294e+16
1.32971e+16
1.01075e+16
8.76644e+15
3.63496e+15
1.23567e+15
0
0
0
0
6.63925e+16
0
1.2564e+16
7.63978e+15
4.16743e+16
3.2335e+16
1.97312e+16
2.94828e+16
0
4.70806e+16
9.91303e+15
1.49567e+16
1.01058e+16
2.62949e+15
6.54182e+15
9.26597e+14
0
1.38982e+15
0
0
0
4.26601e+16
4.38238e+16
3.99717e+16
2.72552e+16
3.52455e+16
1.37646e+16
2.05674e+16
8.50347e+16
0
4.32212e+16
2.17373e+16
8.81232e+15
1.37576e+16
7.60603e+15
1.616e+15
0
1.21193e+15
0
0
0
7.50392e+16
3.85431e+16
0
1.59807e+16
4.95975e+16
1.2106e+16
5.42672e+16
4.98587e+16
4.81435e+16
1.52052e+16
2.29416e+16
1.03339e+16
4.03328e+15
1.00343e+16
5.6851e+15
0
0
0
0
0
0
0
2.34368e+16
1.59807e+16
1.23994e+16
6.05299e+16
1.80891e+16
4.98587e+16
0
1.52052e+16
1.52944e+16
1.55009e+16
1.20998e+16
3.34476e+15
5.6851e+15
0
0
0
0
0
4.26601e+16
2.19119e+16
1.33239e+16
2.72552e+16
3.52455e+16
3.44115e+16
1.02837e+16
5.66898e+16
2.73698e+16
8.64424e+15
1.30424e+16
2.6437e+16
6.8788e+15
5.70453e+15
0
1.39214e+15
1.21193e+15
1.06458e+15
0
6.63925e+16
2.44608e+16
1.2564e+16
2.29193e+16
1.56279e+16
1.21256e+16
3.55161e+16
2.94828e+16
0
1.56935e+16
2.47826e+16
1.99423e+16
1.34744e+16
7.88846e+15
1.0903e+16
1.85319e+15
0
0
0
0
4.42692e+16
1.631e+16
8.37745e+15
3.05643e+16
3.1261e+16
3.77305e+16
1.57876e+16
1.17951e+16
1.08369e+16
0
3.3049e+15
1.1635e+16
8.98444e+15
4.38322e+15
2.18098e+15
3.08918e+15
1.0645e+15
0
0
0
3.36827e+16
2.48192e+16
6.37407e+15
2.32552e+16
1.84997e+16
1.84549e+16
1.00102e+16
8.97446e+15
0
7.96174e+15
0
6.32329e+15
6.83591e+15
6.00304e+15
2.7657e+15
2.35044e+15
4.04968e+14
0
0
0
0
2.08294e+16
1.60482e+16
1.62639e+16
1.33077e+16
1.20464e+16
1.34415e+16
2.00847e+16
2.07597e+16
2.00455e+16
1.47723e+16
5.30678e+15
7.17123e+15
2.23911e+15
1.85688e+15
1.57807e+15
6.79733e+14
5.91742e+14
2.59898e+14
0
0
1.87319e+16
1.92428e+16
8.7757e+15
9.97305e+15
1.54761e+16
1.3599e+16
1.80621e+16
1.24461e+16
6.00898e+15
9.48913e+15
5.72686e+15
5.15927e+15
4.02727e+15
1.25242e+15
1.06437e+15
3.05642e+14
0
2.33726e+14
0
0
8.82104e+15
0
1.65303e+16
5.63571e+15
7.28788e+15
7.11545e+15
6.37925e+15
0
0
7.14966e+15
8.98948e+14
1.82217e+15
4.74122e+14
3.93185e+14
3.34149e+14
2.8786e+14
0
2.20129e+14
0
0
0
4.39176e+15
0
0
7.06418e+15
2.75882e+15
0
5.68112e+15
5.48568e+15
0
5.22813e+15
1.17749e+15
0
3.81116e+14
3.23892e+14
0
0
0
0
0
0
0
0
3.58836e+15
1.3921e+15
0
0
0
0
0
8.58565e+14
5.80104e+14
0
3.75522e+14
0
0
0
0
0
0
0
0
0
0
0
0
0
0
0
0
0
0
0
0
0
0
0
0
0
0
9.86127e+15
0
1.53997e+15
3.15015e+15
1.62946e+15
3.97727e+15
2.37717e+15
0
6.32678e+15
0
2.51239e+15
2.03705e+15
7.95049e+14
4.39551e+14
0
0
0
0
0
0
5.08677e+15
2.61277e+15
7.94368e+15
5.41651e+15
6.72425e+15
7.38579e+15
3.67868e+15
0
1.30542e+16
2.06147e+15
3.11034e+15
3.50259e+15
3.00749e+15
6.80206e+14
5.78074e+14
1.65999e+14
1.4451e+14
1.2694e+14
0
2.93192e+16
1.0802e+16
1.10966e+16
1.51819e+16
1.49528e+16
8.92452e+15
1.13274e+16
3.90592e+15
1.07658e+16
1.03955e+16
9.84965e+15
6.05453e+15
1.85948e+15
2.03208e+15
2.40741e+15
6.13783e+14
1.05752e+15
1.53437e+14
0
0
1.63011e+16
4.80461e+16
9.25439e+15
2.62607e+16
2.43013e+16
1.88553e+16
1.74403e+16
1.01343e+16
0
1.54127e+16
7.30171e+15
1.22409e+16
6.20308e+15
4.51925e+15
1.87389e+15
1.82003e+15
3.91977e+14
3.41236e+14
1.49874e+14
0
1.94236e+16
2.14685e+16
2.94055e+16
2.23507e+16
2.59082e+16
2.95619e+16
2.53989e+16
2.0701e+16
1.42645e+16
1.37737e+16
1.74007e+16
9.48067e+15
7.39128e+15
6.15419e+15
2.87078e+15
3.52407e+15
7.0059e+14
0
0
0
2.55284e+16
6.58375e+16
2.41548e+16
2.35004e+16
1.80271e+16
2.02037e+16
3.03471e+16
3.17418e+16
6.24926e+15
1.20686e+16
1.33407e+16
1.53359e+16
1.0362e+16
8.08845e+15
4.1923e+15
1.78142e+15
1.22772e+15
2.67197e+14
2.3471e+14
0
3.82861e+16
2.82113e+16
3.62261e+16
2.64335e+16
2.4032e+16
2.56388e+16
2.04808e+16
4.0804e+16
1.87446e+16
9.04988e+15
8.57472e+15
1.29375e+16
7.77018e+15
7.58164e+15
3.77243e+15
4.27468e+15
0
8.01455e+14
0
0
6.67717e+16
4.9201e+16
6.31789e+16
3.8417e+16
2.61952e+16
3.25196e+16
1.98439e+16
5.93024e+15
3.26909e+16
1.57831e+16
1.49544e+16
2.25632e+16
5.08174e+15
9.25575e+15
3.28959e+15
6.52322e+15
8.02797e+14
0
0
0
0
4.32723e+16
2.22264e+16
6.75756e+16
9.21547e+15
3.57513e+16
2.09432e+16
2.08626e+16
0
0
8.7683e+15
1.32296e+16
2.08572e+16
1.39551e+16
5.7864e+15
0
1.41212e+15
1.22932e+15
0
0
1.17452e+17
0
2.22264e+16
1.35151e+16
5.52928e+16
2.8601e+16
3.49054e+16
3.12939e+16
2.87517e+16
8.32878e+16
8.7683e+15
4.40986e+15
1.19184e+16
4.65168e+15
3.8576e+15
4.91758e+15
1.41212e+15
0
0
0
6.67717e+16
4.9201e+16
2.52716e+16
7.6834e+15
3.14342e+16
2.03248e+16
3.57189e+16
1.18605e+16
0
3.15663e+16
0
1.50421e+16
8.46957e+15
9.25575e+15
6.57918e+15
0
8.02797e+14
2.09663e+15
0
0
7.65723e+16
2.82113e+16
1.44904e+16
2.20279e+16
1.2016e+16
1.63156e+16
2.50321e+16
2.0402e+16
3.74892e+16
2.71496e+16
8.57472e+15
1.15e+16
1.65116e+16
6.82348e+15
3.14369e+15
3.20601e+15
9.2063e+14
0
0
0
1.02114e+17
5.64322e+16
1.93239e+16
2.6438e+16
2.60391e+16
2.64202e+16
2.57951e+16
1.36036e+16
1.24985e+16
2.41371e+16
2.28698e+16
1.34189e+16
1.23049e+16
5.56081e+15
2.09615e+15
2.85027e+15
3.06929e+14
2.67197e+14
2.3471e+14
0
0
3.57809e+16
1.47028e+16
1.34104e+16
2.13361e+16
1.89196e+16
1.96265e+16
1.89759e+16
9.50964e+15
4.59125e+15
1.16005e+16
1.67735e+16
8.86954e+15
5.76955e+15
2.5518e+15
1.62649e+15
4.6706e+14
6.09899e+14
0
0
0
1.80173e+16
1.5424e+16
2.06334e+16
1.40692e+16
2.18325e+16
9.68903e+15
1.30298e+16
3.99045e+15
1.15595e+16
4.86781e+15
1.04048e+16
7.85723e+15
5.16486e+15
1.33849e+15
2.73004e+15
9.79942e+14
1.70618e+14
0
0
1.46596e+16
1.0802e+16
2.77416e+16
1.18081e+16
1.49528e+16
8.92452e+15
1.307e+16
1.04158e+16
1.07658e+16
1.38606e+16
6.56644e+15
8.25618e+15
3.71895e+15
2.32238e+15
1.2037e+15
2.25054e+15
5.28758e+14
1.53437e+14
2.69563e+14
0
1.38067e+16
1.01735e+16
1.04511e+16
4.76621e+15
8.66641e+15
4.20266e+15
9.84772e+15
4.9049e+15
1.01395e+16
6.52712e+15
4.12294e+15
3.11034e+15
1.40104e+15
5.46817e+14
9.06941e+14
7.70766e+14
0
0
1.2694e+14
0
0
4.93063e+15
0
0
0
2.44419e+15
1.59091e+15
1.18859e+15
0
3.16339e+15
9.99098e+14
1.00496e+15
6.79017e+14
2.65016e+14
2.19776e+14
0
1.60903e+14
1.40074e+14
0
0
0
0
4.99079e+15
0
0
1.60554e+15
0
1.17114e+15
0
0
0
9.90205e+14
6.69049e+14
2.61126e+14
0
0
0
0
0
0
0
0
0
0
0
0
0
0
0
0
0
0
0
0
0
0
0
0
0
0
0
0
3.43895e+15
3.13667e+15
2.85171e+15
1.65947e+15
1.62021e+15
3.22794e+15
0
2.14777e+15
2.035e+15
1.36462e+15
2.07457e+15
5.39795e+14
7.46078e+14
0
3.27734e+14
0
0
0
9.37401e+15
0
7.09571e+15
7.55066e+15
5.88402e+15
3.99472e+15
5.57172e+15
1.66508e+15
9.17889e+15
4.43156e+15
4.8987e+15
2.11175e+15
3.3293e+15
1.29941e+15
4.61823e+14
2.61654e+14
4.50816e+14
9.81145e+13
8.61854e+13
0
0
1.83349e+16
1.5068e+16
8.01708e+15
1.09331e+16
1.27245e+16
1.41981e+16
4.41984e+15
7.30941e+15
4.70531e+15
5.2013e+15
7.1003e+15
2.27247e+15
3.15354e+15
1.79795e+15
8.3345e+14
3.58998e+14
2.0835e+14
1.83018e+14
0
4.42702e+16
1.22328e+16
1.67553e+16
2.54708e+16
1.73676e+16
1.01066e+16
1.38145e+16
1.27784e+16
8.12789e+15
1.30805e+16
1.23937e+16
7.06426e+15
5.6154e+15
3.72582e+15
1.45402e+15
1.85355e+15
1.33065e+14
1.1584e+14
0
0
0
4.37279e+16
9.98238e+15
2.57973e+16
2.27638e+16
1.84652e+16
1.4893e+16
9.36988e+15
1.29131e+16
9.35162e+15
1.67367e+16
9.90286e+15
7.36014e+15
4.9618e+15
3.24851e+15
9.2025e+14
2.06121e+15
1.38029e+14
0
0
1.73324e+16
3.19286e+16
3.27996e+16
2.79221e+16
2.58387e+16
2.95447e+16
2.57551e+16
2.00116e+16
2.12145e+16
3.27756e+16
7.76367e+15
1.30153e+16
8.79403e+15
7.20775e+15
2.56171e+15
2.66087e+15
6.25164e+14
1.26989e+15
0
0
2.59942e+16
2.87309e+16
3.44338e+16
3.58938e+16
4.28306e+16
3.00672e+16
1.23603e+16
1.84691e+16
2.54531e+16
1.84331e+16
2.13465e+16
1.95197e+16
7.25385e+15
5.14752e+15
5.12255e+15
1.81392e+15
0
2.72072e+14
0
0
0
0
8.57901e+15
2.08664e+16
2.48991e+16
3.31186e+16
2.96404e+16
2.41579e+16
1.10977e+16
1.07159e+16
1.69221e+16
8.51067e+15
1.38009e+16
1.79547e+15
2.23345e+15
3.79621e+15
1.63517e+15
9.48997e+14
4.16807e+14
0
7.97432e+16
0
3.0181e+16
2.75281e+16
5.00544e+16
2.42732e+16
2.36989e+16
2.83292e+16
3.90417e+16
0
2.38128e+16
1.49703e+16
1.41609e+16
1.42121e+16
1.30955e+15
1.11292e+15
0
0
7.33165e+14
0
0
0
1.50905e+16
3.67041e+16
4.37976e+16
3.88371e+16
1.42193e+16
2.12469e+16
0
1.88493e+16
1.78596e+16
2.09584e+16
1.21379e+16
3.15824e+15
1.30955e+15
3.33877e+15
9.58754e+14
0
0
0
1.36003e+17
1.67024e+16
2.5737e+16
4.69495e+16
2.13421e+16
3.58785e+16
3.2335e+16
2.01315e+16
1.10977e+16
1.07159e+16
2.36909e+16
2.04256e+16
8.05053e+15
3.59095e+15
2.97794e+15
3.16351e+15
5.45056e+14
4.74499e+14
0
0
2.59942e+16
1.91539e+16
2.45956e+16
3.58938e+16
3.26329e+16
2.21548e+16
2.47207e+16
1.84691e+16
1.90899e+16
1.22888e+16
9.70294e+15
1.17118e+16
1.12105e+16
7.20653e+15
3.84191e+15
1.81392e+15
1.56264e+15
2.72072e+14
0
0
1.73324e+16
2.55429e+16
2.62397e+16
2.19388e+16
2.17589e+16
2.95447e+16
1.13322e+16
1.69329e+16
1.27287e+16
1.63878e+16
1.55273e+16
1.36661e+16
8.79403e+15
4.80517e+15
2.27707e+15
1.93518e+15
1.25033e+15
3.62825e+14
1.59356e+14
0
3.95626e+16
1.4576e+16
2.24604e+16
1.97274e+16
1.65555e+16
1.68596e+16
2.27314e+16
1.87398e+16
2.25978e+16
2.18204e+16
1.87057e+16
1.3864e+16
1.30475e+16
4.70065e+15
2.16567e+15
1.28835e+15
4.75663e+14
1.38029e+14
2.42495e+14
0
7.74729e+16
4.07759e+15
1.25665e+16
1.6556e+16
2.69198e+16
1.61706e+16
1.38145e+16
1.47443e+16
1.62558e+16
7.84828e+15
1.73511e+16
1.12197e+16
7.58079e+15
5.69832e+15
2.18103e+15
1.85355e+15
5.32262e+14
2.3168e+14
0
0
9.95306e+15
1.83349e+16
1.31845e+16
1.1453e+16
1.01522e+16
9.69482e+15
9.46543e+15
1.23756e+16
1.21824e+16
9.41061e+15
1.04026e+16
4.8581e+15
4.79744e+15
2.56225e+15
1.9614e+15
9.72358e+14
2.39332e+14
1.04175e+14
0
0
9.37401e+15
3.45364e+15
1.06436e+16
3.236e+15
6.61952e+15
3.99472e+15
3.9002e+15
2.49762e+15
0
6.64734e+15
2.79926e+15
1.75979e+15
1.42684e+15
1.67067e+15
7.69704e+14
5.23308e+14
1.12704e+14
1.96229e+14
8.61854e+13
0
0
0
3.43895e+15
3.13667e+15
3.56463e+15
2.21263e+15
5.4007e+14
1.61397e+15
2.22429e+15
0
2.71333e+15
1.70578e+15
4.61015e+14
3.59863e+14
2.98431e+14
5.07245e+14
2.18489e+14
0
8.354e+13
0
0
0
0
1.03021e+15
1.40492e+15
2.18015e+15
5.32142e+14
7.95141e+14
2.19164e+15
0
6.68376e+14
3.36148e+14
4.54248e+14
0
2.94051e+14
1.2495e+14
1.07641e+14
0
0
0
0
0
0
0
0
0
0
0
0
0
0
0
0
0
0
0
0
0
0
0
0
0
0
8.31399e+14
2.8345e+15
4.39857e+14
1.28835e+15
0
0
3.4157e+15
2.69696e+15
1.08511e+15
1.64964e+15
5.72308e+14
3.55957e+14
0
1.73737e+14
0
0
0
7.45397e+15
8.23873e+15
2.82116e+15
5.14636e+15
9.35764e+15
6.80678e+15
6.20268e+15
3.97209e+15
3.64941e+15
0
1.66942e+15
1.39934e+15
2.64737e+15
8.85646e+14
7.34458e+14
1.0403e+14
1.79238e+14
1.56036e+14
0
0
0
1.45794e+16
1.34794e+16
5.46426e+15
8.69371e+15
9.63633e+15
7.05624e+15
1.19494e+16
7.74967e+15
7.48307e+15
4.13593e+15
6.83459e+15
3.01168e+15
2.82106e+15
1.03977e+15
8.8365e+14
3.80621e+14
3.31349e+14
7.27657e+13
0
2.64019e+16
2.91815e+16
8.3271e+15
1.41776e+16
1.10482e+16
1.71446e+16
1.51696e+16
1.09426e+16
1.72349e+16
1.45617e+16
1.31402e+16
5.61732e+15
6.92109e+15
2.7884e+15
2.45692e+15
8.59772e+14
8.46481e+14
5.52679e+14
8.09137e+13
0
1.04864e+16
1.15904e+16
2.97665e+16
2.534e+16
2.22151e+16
1.97902e+16
1.43357e+16
1.49014e+16
5.13406e+15
1.48723e+16
2.03543e+16
9.84311e+15
7.18272e+15
6.22973e+15
2.23871e+15
1.02446e+15
1.00863e+15
2.19515e+14
3.85651e+14
0
2.75645e+16
1.01555e+16
2.86895e+16
2.0617e+16
3.35229e+16
2.51713e+16
1.88414e+16
1.95849e+16
1.34954e+16
2.28045e+16
1.64626e+16
1.19019e+16
9.09062e+15
4.09387e+15
3.16867e+15
1.1541e+15
1.82275e+15
0
0
0
2.06699e+16
2.28461e+16
2.73808e+16
2.37848e+16
2.75706e+16
1.88753e+16
1.35143e+16
2.20293e+16
2.02397e+16
4.88585e+16
1.38879e+16
1.16412e+16
8.91429e+15
6.13976e+15
5.09165e+15
2.30781e+15
1.24257e+15
2.16345e+14
1.90041e+14
0
0
2.65626e+16
6.8218e+15
4.14811e+16
1.41422e+16
3.29188e+16
1.92839e+16
2.24113e+16
8.82458e+15
2.5563e+16
2.42208e+16
1.08279e+16
1.09741e+16
3.56928e+15
5.32795e+15
1.50932e+15
8.66828e+14
0
0
0
0
2.33619e+16
5.99978e+16
2.91862e+16
9.95049e+15
3.47425e+16
1.88447e+16
1.12633e+16
3.10449e+16
0
4.73383e+15
1.1904e+16
1.12604e+16
7.53405e+15
1.04132e+15
2.6549e+15
7.62376e+14
0
0
0
0
0
4.79983e+16
2.18896e+16
4.47772e+16
1.93014e+16
2.63826e+16
2.25266e+16
0
2.99769e+16
1.89353e+16
7.14238e+15
1.76949e+16
5.0227e+15
6.24792e+15
2.6549e+15
1.52475e+15
0
0
0
0
3.98439e+16
3.4109e+16
2.48887e+16
2.26276e+16
3.51134e+16
2.57119e+16
9.60485e+15
8.82458e+15
3.4084e+16
1.61472e+16
1.62419e+16
1.00596e+16
4.28314e+15
2.36798e+15
1.00622e+15
1.73366e+15
0
3.31434e+14
0
1.0335e+17
1.52307e+16
2.73808e+16
3.32988e+16
2.91924e+16
2.5167e+16
1.84287e+16
2.57008e+16
2.02397e+16
1.46575e+16
2.00604e+16
1.78498e+16
1.04874e+16
5.32113e+15
5.09165e+15
1.73086e+15
1.24257e+15
0
0
0
1.37823e+16
3.04666e+16
1.56488e+16
2.37889e+16
2.8116e+16
1.76199e+16
1.96606e+16
1.83608e+16
2.36169e+16
9.77335e+15
2.2636e+16
1.13844e+16
9.44026e+15
5.18556e+15
2.48967e+15
2.3082e+15
1.15993e+15
4.32763e+14
1.26715e+14
0
4.19456e+16
1.54539e+16
2.18287e+16
1.448e+16
2.13923e+16
1.72367e+16
1.4959e+16
1.21074e+16
1.28351e+16
1.7351e+16
1.48743e+16
1.45678e+16
1.0375e+16
5.19144e+15
2.41092e+15
2.19528e+15
3.78234e+14
4.3903e+14
1.92825e+14
0
2.64019e+16
9.72717e+15
1.49888e+16
1.41776e+16
1.58818e+16
2.14307e+16
1.46466e+16
1.32875e+16
1.29262e+16
8.32099e+15
8.5411e+15
8.92162e+15
6.47457e+15
3.13695e+15
2.45692e+15
1.96519e+15
3.1743e+14
2.76339e+14
1.61827e+14
0
1.58288e+16
2.91588e+15
1.19817e+16
6.37497e+15
1.36616e+16
7.22725e+15
1.03492e+16
4.92036e+15
9.68709e+15
1.12246e+16
3.54509e+15
5.05166e+15
3.01168e+15
2.82106e+15
1.29971e+15
6.62737e+14
4.75776e+14
3.31349e+14
1.45531e+14
0
2.23619e+16
2.74624e+15
1.12846e+16
6.00409e+15
8.18793e+15
3.1765e+15
3.10134e+15
3.31007e+15
9.12352e+15
7.04772e+15
2.78237e+15
3.07855e+15
1.70188e+15
1.77129e+15
1.10169e+15
5.20151e+14
1.79238e+14
0
0
0
0
2.66195e+15
4.10185e+15
1.6628e+15
1.7007e+15
2.19928e+15
2.5767e+15
1.28339e+15
1.76869e+15
0
1.61818e+15
1.08511e+15
5.49881e+14
2.86154e+14
2.37305e+14
1.00837e+14
8.68684e+13
0
0
0
0
0
0
1.63839e+15
5.58579e+14
8.668e+14
0
0
0
0
0
0
1.80603e+14
0
0
0
0
7.45133e+13
0
0
0
0
0
0
0
0
0
0
0
0
0
0
0
0
0
0
0
0
0
0
0
0
5.01579e+15
7.62484e+14
5.1991e+14
4.03397e+14
0
1.76551e+15
4.86626e+15
3.13257e+15
0
7.46374e+14
3.36201e+14
5.24869e+14
3.26452e+14
2.77436e+14
0
6.93549e+13
6.09225e+13
0
6.8361e+15
2.51861e+15
9.05559e+15
3.14652e+15
6.43648e+15
7.07491e+15
2.84427e+15
2.42856e+15
8.36726e+15
1.61588e+15
3.57243e+15
1.79669e+15
1.56081e+15
9.47607e+14
3.36789e+14
3.81628e+14
3.28763e+14
7.15511e+13
0
0
1.45168e+16
5.34837e+15
6.86783e+15
1.00226e+16
8.54259e+15
7.51193e+15
8.62846e+15
5.80179e+15
3.55365e+15
8.57849e+15
5.96059e+15
5.4505e+15
2.94618e+15
1.43735e+15
1.43037e+15
6.07803e+14
8.72677e+13
1.51942e+14
0
0
8.07114e+15
1.48681e+16
1.68011e+16
6.50121e+15
1.07657e+16
1.47407e+16
1.39122e+16
1.00356e+16
1.38305e+16
1.71703e+16
1.08459e+16
5.75777e+15
4.29985e+15
3.35641e+15
1.85563e+15
1.68965e+15
1.94079e+14
8.44778e+13
0
0
2.88515e+16
2.12594e+16
1.45595e+16
8.85317e+15
1.88645e+16
1.93208e+16
9.71762e+15
1.02496e+16
9.41699e+15
4.54651e+15
1.22054e+16
5.77741e+15
5.85541e+15
4.57067e+15
1.42141e+15
8.05323e+14
8.09392e+14
4.02638e+14
8.8421e+13
0
1.26398e+16
1.86275e+16
2.63114e+16
2.32714e+16
1.48762e+16
1.30814e+16
1.0518e+16
1.57163e+16
1.23768e+16
1.79265e+16
1.41544e+16
8.06784e+15
6.41315e+15
4.00482e+15
2.49087e+15
7.05624e+14
6.07877e+14
2.64594e+14
0
0
5.68697e+16
1.39682e+16
1.07619e+16
2.18133e+16
3.56968e+16
1.26945e+16
1.01407e+16
1.34688e+16
1.8562e+16
4.48086e+15
9.90637e+15
8.54097e+15
6.25176e+15
6.00622e+15
3.42437e+15
2.38108e+15
6.83746e+14
3.96823e+14
1.74288e+14
0
3.30606e+16
1.21804e+16
5.00507e+16
1.90214e+16
1.5564e+16
1.61014e+16
2.55457e+16
5.87246e+15
2.42793e+16
1.56294e+16
1.9745e+16
6.2065e+15
1.00645e+16
2.61874e+15
2.71462e+15
2.76843e+15
3.97488e+14
0
0
0
5.81536e+16
2.14254e+16
0
1.33834e+16
2.73771e+16
1.41612e+16
2.07392e+16
1.54945e+16
1.42358e+16
0
2.17072e+16
1.31007e+16
7.37643e+15
9.21273e+15
6.68503e+15
0
6.99182e+14
6.08674e+14
0
0
0
0
4.40197e+16
2.00752e+16
2.28142e+16
2.12418e+16
1.72827e+16
5.16484e+15
0
2.74921e+16
3.03901e+16
1.31007e+16
7.37643e+15
3.45477e+15
2.86501e+15
1.62322e+15
0
0
0
0
0
1.21804e+16
1.25127e+16
3.80427e+16
5.18799e+15
1.61014e+16
1.76855e+16
2.93623e+16
1.61862e+16
7.81469e+15
4.93625e+15
7.4478e+15
9.22576e+15
5.89216e+15
2.71462e+15
2.30702e+15
1.19246e+15
3.46033e+14
3.03961e+14
0
1.89566e+16
6.98411e+15
3.22858e+16
1.3088e+16
1.93358e+16
2.5389e+16
2.1408e+16
2.5254e+16
1.39215e+16
8.96171e+15
9.90637e+15
9.96447e+15
9.13719e+15
3.75389e+15
3.42437e+15
1.58739e+15
9.11661e+14
3.96823e+14
0
0
2.52797e+16
2.32843e+16
7.17585e+15
2.03625e+16
1.68597e+16
1.69289e+16
1.65283e+16
1.12259e+16
1.23768e+16
1.1951e+16
1.03799e+16
1.2339e+16
8.97841e+15
6.25754e+15
2.90602e+15
1.05844e+15
1.51969e+14
0
1.16212e+14
0
9.61717e+15
1.41729e+16
1.63795e+16
1.10665e+16
1.05641e+16
1.63934e+16
9.71762e+15
1.2812e+16
1.64797e+16
1.36395e+16
7.17966e+15
7.94395e+15
5.36746e+15
3.80889e+15
2.68488e+15
1.61065e+15
9.2502e+14
4.02638e+14
1.76842e+14
0
8.07114e+15
5.94725e+15
9.16423e+15
1.39312e+16
1.26655e+16
1.27753e+16
1.29528e+16
5.01779e+15
1.18547e+16
9.53907e+15
6.62803e+15
4.54561e+15
4.70936e+15
3.19659e+15
2.51835e+15
7.88505e+14
5.82237e+14
0
0
0
2.17751e+16
8.02255e+15
8.2414e+15
8.3522e+15
9.6816e+15
7.07005e+15
6.47135e+15
7.73572e+15
5.33047e+15
1.20099e+16
6.50246e+15
5.99554e+15
2.5779e+15
2.01228e+15
1.19198e+15
9.11704e+14
4.36338e+14
7.59709e+13
0
0
0
2.51861e+15
1.29366e+15
4.71977e+15
3.75462e+15
4.57788e+15
2.43794e+15
5.46426e+15
3.3469e+15
4.84765e+15
2.55173e+15
1.79669e+15
1.90766e+15
8.12235e+14
1.23489e+15
0
8.21906e+13
7.15511e+13
0
0
0
4.8826e+15
1.25395e+15
7.62484e+14
2.07964e+15
8.06793e+14
7.87704e+14
1.17701e+15
0
0
1.48405e+15
4.97583e+14
1.1767e+15
2.62434e+14
5.44086e+14
2.77436e+14
0
0
0
0
0
2.40546e+15
1.23554e+15
0
5.12278e+14
1.19243e+15
1.16421e+15
1.15973e+15
0
0
9.74841e+14
2.4514e+14
0
1.29291e+14
0
0
0
0
0
0
0
0
0
0
0
0
0
0
0
0
0
0
0
0
0
0
0
0
0
0
0
0
2.64035e+15
2.40826e+15
1.64211e+15
1.27411e+15
2.07327e+15
1.23917e+15
0
0
1.04162e+15
2.61931e+14
7.07914e+14
8.28885e+14
0
1.94726e+14
0
0
0
0
0
0
5.44792e+15
2.48453e+15
2.25881e+15
3.06706e+15
3.42227e+15
5.75285e+15
5.28551e+15
1.70123e+15
3.76111e+15
1.62136e+15
1.46066e+15
9.97655e+14
4.72769e+14
1.00446e+14
8.65315e+13
7.53301e+13
0
0
0
5.63084e+15
2.89222e+15
4.39666e+15
7.19502e+15
6.97824e+15
5.90471e+15
5.42952e+15
5.612e+15
7.22525e+15
1.14098e+15
3.1561e+15
2.13247e+15
7.5663e+14
1.00395e+15
6.39904e+14
9.18767e+13
7.99833e+13
0
0
1.69948e+16
0
8.0402e+15
7.82237e+15
8.00068e+15
9.82887e+15
7.07096e+15
8.30156e+15
4.16027e+15
4.01715e+15
6.34372e+15
7.33806e+15
3.66467e+15
2.18752e+15
1.39545e+15
2.37186e+14
2.04329e+14
0
0
0
2.02502e+16
2.98429e+16
1.91606e+16
1.74764e+16
8.73878e+15
1.8492e+16
9.02723e+15
1.34887e+16
2.23073e+16
7.17996e+15
1.05824e+16
5.32223e+15
7.19211e+15
2.00503e+15
2.32785e+15
1.69571e+15
3.65203e+14
1.05976e+14
0
0
1.33074e+16
2.45141e+16
2.01462e+16
1.37815e+16
1.25295e+16
1.62027e+16
1.26555e+16
1.30007e+16
6.51522e+15
6.29108e+15
1.2915e+16
6.99501e+15
6.07667e+15
3.16226e+15
2.62243e+15
1.67151e+15
4.79987e+14
2.78568e+14
0
0
5.98733e+16
7.35298e+15
1.51071e+16
2.06688e+16
1.72252e+16
8.50497e+15
7.11749e+15
7.09009e+15
0
1.88701e+16
8.93964e+15
5.99471e+15
6.58195e+15
3.16172e+15
1.96649e+15
1.39269e+15
2.39953e+14
2.08891e+14
1.83493e+14
0
0
3.84712e+16
6.58677e+15
2.0026e+16
1.6386e+16
2.11897e+16
6.20651e+15
1.54565e+16
8.52054e+15
1.64548e+16
1.55909e+16
9.14801e+15
6.18101e+15
3.44631e+15
1.71479e+15
9.71548e+14
0
0
0
0
0
4.51139e+16
1.15861e+16
2.11354e+16
2.8823e+16
2.6091e+16
1.45564e+16
1.63129e+16
1.49877e+16
0
4.57073e+15
1.14938e+16
3.1064e+15
3.63724e+15
2.01088e+15
2.56343e+15
0
6.40821e+14
0
0
6.1225e+16
4.51139e+16
0
1.40903e+16
1.44115e+16
7.45456e+15
7.27818e+15
1.63129e+16
0
1.44721e+16
1.37122e+16
1.37926e+16
9.31921e+15
6.06206e+15
3.01633e+15
0
0
6.40821e+14
0
0
1.0442e+17
0
1.97603e+16
1.20156e+16
1.9117e+16
1.69518e+16
4.13767e+15
1.54565e+16
8.52054e+15
0
2.07878e+16
6.53429e+15
4.41501e+15
4.13557e+15
2.85799e+15
4.85774e+14
8.36963e+14
0
3.20015e+14
0
1.99578e+16
2.20589e+16
2.64375e+16
1.60757e+16
1.87911e+16
1.458e+16
1.54212e+16
1.59527e+16
3.41991e+16
4.71751e+15
7.4497e+15
9.7414e+15
3.03782e+15
5.13779e+15
1.63874e+15
2.2283e+15
2.39953e+14
2.08891e+14
0
0
1.33074e+16
4.90282e+15
1.25914e+16
1.22503e+16
1.35736e+16
8.10135e+15
1.34464e+16
1.06369e+16
6.51522e+15
3.14554e+15
7.94769e+15
5.49608e+15
4.05111e+15
4.47986e+15
1.52975e+15
5.57169e+14
7.99978e+14
0
1.2235e+14
0
1.01251e+16
3.73036e+15
1.34124e+16
1.16509e+16
8.73878e+15
1.47936e+16
1.14345e+16
7.19398e+15
9.91435e+15
4.78664e+15
9.07063e+15
7.98335e+15
6.16467e+15
4.21056e+15
1.9953e+15
4.23928e+14
1.21734e+14
2.11952e+14
0
0
8.49741e+15
6.26136e+15
1.60804e+16
6.84457e+15
1.06676e+16
1.18981e+16
7.57603e+15
6.79218e+15
8.32054e+15
1.00429e+16
2.53749e+15
4.1476e+15
3.88024e+15
2.18752e+15
1.25591e+15
3.55779e+14
1.02165e+14
8.89395e+13
0
0
7.64173e+15
8.44626e+15
1.44611e+15
5.27599e+15
8.39418e+15
2.32608e+15
6.35892e+15
3.39345e+15
5.612e+15
5.41894e+15
3.99344e+15
3.44302e+15
2.32633e+15
1.81591e+15
1.38042e+15
2.13301e+14
1.83753e+14
0
7.02587e+13
0
0
2.65163e+15
2.72396e+15
5.79723e+15
3.95292e+15
2.19076e+15
5.98898e+15
1.91762e+15
3.52367e+15
0
1.6119e+15
2.16181e+15
2.00841e+15
1.2827e+15
3.54577e+14
0
3.46126e+14
1.5066e+14
0
0
0
0
0
1.60551e+15
1.64211e+15
1.27411e+15
4.14653e+14
6.19586e+14
0
3.29802e+15
0
7.85794e+14
3.53957e+14
1.38147e+14
3.43693e+14
2.92088e+14
8.38755e+13
0
0
0
0
0
1.3008e+15
7.90971e+14
2.15734e+15
8.36936e+14
0
0
0
0
0
2.58087e+14
0
0
1.12883e+14
0
0
0
0
0
0
0
0
0
0
0
0
0
0
0
0
0
0
0
0
0
0
0
0
0
0
0
1.62072e+15
0
2.01595e+15
0
0
0
2.09654e+15
0
6.39375e+14
6.43125e+14
2.17269e+14
3.39196e+14
1.40646e+14
1.19528e+14
0
8.9641e+13
0
0
8.83564e+15
0
3.34409e+15
4.06686e+15
2.07978e+15
3.2274e+15
1.05035e+15
1.56945e+15
0
0
1.31924e+15
2.32222e+15
2.46564e+15
6.99874e+14
2.90199e+14
1.23313e+14
1.06231e+14
0
8.12356e+13
0
0
6.91275e+15
1.0652e+16
5.3976e+15
7.36085e+15
2.85563e+15
5.01852e+15
2.4996e+15
4.59308e+15
2.21754e+15
3.50184e+15
2.46566e+15
1.18998e+15
1.30044e+15
9.24376e+14
6.54653e+14
3.3838e+14
9.81922e+13
8.62536e+13
0
2.08638e+16
1.9217e+16
3.94825e+15
3.6012e+15
6.54807e+15
3.81047e+15
8.68073e+15
5.55899e+15
5.10739e+15
2.46584e+15
4.67275e+15
3.52511e+15
1.58787e+15
1.44605e+15
1.02788e+15
7.27958e+14
5.01693e+14
2.18375e+14
9.59119e+13
0
0
2.2898e+16
4.70454e+15
7.15168e+15
1.36541e+16
8.32401e+15
6.64941e+15
5.51984e+15
3.04286e+15
2.93818e+15
4.63985e+15
4.20035e+15
2.5227e+15
2.21534e+15
1.02065e+15
0
1.49448e+14
1.30102e+14
0
0
0
1.2038e+16
6.18318e+15
1.12794e+16
1.66638e+16
7.95655e+15
5.82622e+15
1.16076e+16
2.39954e+16
7.7233e+15
2.43926e+15
9.20088e+15
3.73004e+15
2.91163e+15
2.95116e+15
6.84013e+14
1.9642e+14
1.70993e+14
0
0
0
9.02695e+15
4.6366e+15
1.12774e+16
5.76726e+15
8.9496e+15
1.45631e+16
6.52816e+15
1.79935e+16
1.1583e+16
5.48741e+15
9.19932e+15
5.59411e+15
4.3667e+15
2.01181e+15
1.36779e+15
2.9458e+14
2.56447e+14
0
0
4.27307e+16
3.14863e+16
1.61726e+16
1.4751e+16
1.67637e+16
1.82096e+16
2.53982e+15
2.27704e+16
1.04603e+16
1.01005e+16
0
1.60438e+15
4.3361e+15
2.53853e+15
2.80691e+15
5.96364e+14
0
4.47247e+14
0
0
0
5.53845e+16
5.68953e+16
2.59471e+16
1.17949e+16
4.57583e+15
8.93511e+15
6.67554e+15
0
0
0
2.8221e+15
5.72041e+15
4.46528e+15
1.23434e+15
0
0
0
0
0
0
0
1.42238e+16
0
0
1.83033e+16
8.93511e+15
1.33511e+16
0
0
5.6113e+15
2.8221e+15
5.72041e+15
0
1.23434e+15
0
0
7.86709e+14
0
0
0
0
8.0863e+15
0
1.00582e+16
7.80413e+15
1.77788e+16
7.59014e+15
1.04603e+16
0
9.57013e+15
8.02188e+15
2.16805e+15
1.69235e+15
7.01727e+14
5.96364e+14
0
4.47247e+14
0
0
2.45013e+16
0
4.6366e+15
3.1013e+16
5.76726e+15
1.19328e+16
1.60194e+16
4.3521e+15
1.19957e+16
5.79149e+15
7.31655e+15
9.19932e+14
4.97254e+15
2.42594e+15
2.41418e+15
3.41949e+14
5.8916e+14
2.56447e+14
2.25267e+14
0
3.26739e+16
1.2038e+16
1.23664e+16
1.31592e+16
1.02546e+16
1.19348e+16
1.26235e+16
7.25473e+15
0
7.7233e+15
4.87852e+15
5.52053e+15
5.80228e+15
2.58811e+15
1.07315e+15
9.12018e+14
1.9642e+14
0
0
0
0
1.83184e+16
1.17613e+16
1.43034e+16
5.85176e+15
7.56728e+15
8.12706e+15
3.31191e+15
1.21714e+16
2.93818e+15
1.29916e+16
7.00059e+15
3.15338e+15
1.23075e+15
1.22478e+15
6.93919e+14
2.98896e+14
0
0
0
0
3.8434e+15
1.97412e+15
4.8016e+15
8.18508e+15
8.8911e+15
4.96042e+15
7.41198e+15
2.5537e+15
0
6.23033e+15
3.91679e+15
2.91109e+15
2.27237e+15
1.02788e+15
7.27958e+14
0
0
9.59119e+13
0
0
6.91275e+15
1.0652e+16
9.71568e+15
5.88868e+15
4.56901e+15
1.11523e+15
8.332e+15
2.29654e+15
0
2.1011e+15
3.17014e+15
1.18998e+15
5.5733e+14
6.16251e+14
2.61861e+14
0
9.81922e+13
0
0
0
3.25529e+15
3.34409e+15
0
4.15957e+15
1.0758e+15
2.10069e+15
1.56945e+15
0
0
2.63849e+15
1.32698e+15
8.96597e+14
5.24905e+14
1.451e+14
1.23313e+14
1.06231e+14
9.24796e+13
0
0
0
0
0
9.85508e+14
0
0
1.01811e+15
0
0
2.02442e+15
6.39375e+14
6.43125e+14
4.34538e+14
1.69598e+14
1.40646e+14
1.19528e+14
0
0
0
0
0
0
1.59693e+15
0
6.62118e+14
0
5.0158e+14
7.49474e+14
0
0
6.2999e+14
6.33684e+14
6.4224e+14
0
0
0
0
0
0
0
0
0
0
0
0
0
0
0
0
0
0
0
0
0
0
0
0
0
0
0
0
0
0
0
0
8.02906e+14
0
0
0
0
9.84596e+14
0
6.69161e+14
5.2234e+14
0
0
0
0
0
0
0
5.01294e+15
0
0
4.27031e+15
8.28331e+14
2.4262e+15
1.20843e+15
0
0
1.01578e+15
1.5326e+15
6.90351e+14
2.6944e+14
0
0
0
0
0
0
0
0
2.73389e+15
1.66239e+15
4.53409e+15
4.39749e+15
3.43475e+15
3.84922e+15
0
3.41486e+15
1.07852e+15
0
1.09949e+15
1.14434e+15
0
2.01625e+14
1.73694e+14
0
0
0
0
0
6.08005e+15
0
6.30225e+15
8.80182e+15
2.86452e+15
2.85349e+15
7.86505e+15
3.79724e+15
2.39858e+15
1.20632e+15
4.07536e+14
3.18118e+14
7.91437e+14
2.24202e+14
3.86287e+14
0
0
0
1.91416e+16
7.0523e+15
3.62234e+15
8.8105e+15
6.00756e+15
6.99188e+15
4.55096e+15
5.10012e+15
4.6858e+15
1.80984e+16
5.71605e+15
5.03088e+15
2.428e+15
1.51622e+15
9.43037e+14
2.67147e+14
4.60281e+14
0
1.7599e+14
0
5.03158e+16
1.85377e+16
9.52169e+15
2.89491e+15
5.9218e+15
3.06314e+15
4.486e+15
4.46873e+15
0
0
0
2.83375e+15
4.46757e+15
1.99276e+15
4.13145e+14
7.02224e+14
0
0
0
0
3.77304e+16
0
0
4.34163e+15
0
6.8909e+15
6.72786e+15
1.00529e+16
0
8.91853e+15
5.6335e+15
4.24991e+15
9.57174e+14
2.24148e+15
1.85884e+15
0
0
3.94911e+14
0
0
6.58025e+16
0
0
7.57188e+15
5.16299e+15
8.0119e+15
3.91117e+15
5.84416e+15
0
0
0
2.47064e+15
5.00798e+15
1.30306e+15
3.24184e+15
0
0
0
0
0
0
0
0
0
1.81634e+16
7.04648e+15
0
0
2.83344e+16
0
0
4.34585e+15
2.93635e+15
4.58417e+15
3.80161e+15
0
0
0
0
0
0
0
0
0
9.08171e+15
7.04648e+15
0
1.02799e+16
0
0
8.64103e+15
0
8.80905e+15
0
1.9008e+15
0
1.39163e+15
1.21148e+15
0
0
0
0
0
0
2.0652e+16
0
7.82233e+15
0
0
0
0
7.41191e+15
1.66933e+15
3.90918e+15
1.08061e+15
0
7.91145e+14
0
0
0
0
1.39009e+16
0
8.68327e+15
0
1.14848e+16
8.97048e+15
3.35098e+15
0
0
5.6335e+15
4.24991e+15
6.70022e+15
7.47159e+14
1.23922e+15
5.26579e+14
0
3.94911e+14
0
0
0
0
4.76085e+15
1.15796e+16
3.94787e+15
7.65786e+15
2.99067e+15
2.23436e+15
6.15855e+15
0
1.87815e+15
3.77833e+15
1.27645e+15
1.99276e+15
2.06572e+15
7.02224e+14
0
0
0
0
3.82833e+16
0
3.62234e+15
4.40525e+15
1.05132e+16
2.33063e+15
4.55096e+15
3.40008e+15
0
0
2.85803e+15
3.59348e+15
1.4568e+15
3.03243e+15
6.28692e+14
2.67147e+14
2.3014e+14
2.00349e+14
0
0
0
5.91859e+15
0
0
6.30225e+15
5.86788e+15
4.7742e+15
0
7.86505e+15
3.79724e+15
3.59787e+15
2.41264e+15
2.85275e+15
9.54354e+14
1.05525e+15
2.24202e+14
3.86287e+14
3.36283e+14
0
0
1.44468e+16
0
0
1.66239e+15
2.26705e+15
1.759e+15
4.29344e+15
3.84922e+15
0
0
1.07852e+15
1.62727e+15
7.32995e+14
2.86084e+14
0
8.06498e+14
1.73694e+14
0
1.32825e+14
0
0
5.01294e+15
0
0
1.06758e+15
4.14165e+15
1.61746e+15
1.20843e+15
0
0
0
5.10866e+14
1.03553e+15
2.6944e+14
0
1.89895e+14
1.63589e+14
0
0
0
0
0
0
0
0
0
3.91954e+15
0
3.22854e+15
0
9.84596e+14
4.95185e+14
0
2.6117e+14
0
0
0
0
0
0
0
0
0
0
1.01962e+15
0
0
0
0
0
0
0
3.29669e+14
0
0
0
0
0
0
0
0
0
0
0
0
0
0
0
0
0
0
0
0
0
0
0
0
0
0
0
0
0
0
0
2.98575e+15
4.63328e+15
0
3.37967e+15
0
0
0
0
9.65371e+14
0
0
0
0
0
0
0
0
0
0
4.51747e+15
0
4.78e+15
2.33345e+15
0
0
0
2.93083e+15
0
0
0
0
0
0
0
0
0
0
0
1.57763e+16
0
0
5.07526e+15
9.91035e+15
7.40415e+15
1.0204e+16
0
0
3.13013e+15
2.11492e+15
2.47633e+15
0
5.81751e+14
5.01163e+14
0
0
0
0
0
0
5.33362e+15
3.6368e+15
2.82178e+15
1.10201e+16
4.11662e+15
0
0
0
1.74031e+15
1.17587e+15
9.17872e+14
2.28355e+15
0
0
0
0
0
0
2.03481e+16
2.09032e+16
0
0
1.00869e+16
6.56548e+15
4.90516e+15
1.352e+16
1.30549e+16
4.12316e+15
6.221e+15
2.80222e+15
1.09369e+15
9.06987e+14
0
0
5.7807e+14
0
0
0
0
0
8.35274e+15
5.69543e+15
4.41907e+15
4.31451e+15
0
0
0
0
0
1.84148e+15
1.43744e+15
2.38411e+15
0
0
0
0
0
0
0
2.06013e+16
1.2527e+16
8.5417e+15
1.3255e+16
6.47067e+15
0
0
0
8.12722e+15
0
5.5235e+15
4.31158e+15
1.78778e+15
0
0
0
0
0
0
0
0
0
0
0
2.25699e+16
0
0
0
0
0
0
7.51948e+15
0
0
0
0
0
0
0
0
6.31993e+16
0
0
0
0
0
0
0
0
0
8.47231e+15
0
0
0
0
0
0
0
0
0
0
0
2.62036e+16
2.03313e+16
0
2.96608e+16
0
0
0
0
0
0
5.48442e+15
0
0
0
0
0
0
0
0
0
0
0
0
0
0
0
0
0
0
0
0
0
0
0
1.7456e+15
0
0
4.01086e+16
2.06013e+16
1.2527e+16
1.70834e+16
0
0
0
0
0
0
1.63498e+16
1.38088e+16
0
1.78778e+15
0
0
0
1.00091e+15
0
0
0
1.37366e+16
0
0
4.41907e+15
0
6.44685e+15
0
1.71581e+16
5.41907e+15
1.36271e+16
3.68296e+15
0
2.38411e+15
0
0
7.59758e+14
0
0
0
0
0
6.35527e+15
0
6.72459e+15
9.84823e+15
9.81031e+15
0
0
0
2.07367e+15
0
2.18738e+15
1.81397e+15
0
0
5.7807e+14
0
0
0
0
0
0
7.2736e+15
8.46535e+15
2.75502e+15
1.23498e+16
0
0
3.46033e+15
0
2.35174e+15
9.17872e+14
2.28355e+15
0
0
0
0
0
0
1.53574e+16
0
4.79653e+15
0
2.53763e+15
9.91035e+15
0
0
0
0
1.56506e+15
1.05746e+15
8.25443e+14
0
5.81751e+14
0
0
0
0
0
0
0
0
3.0803e+15
2.39e+15
0
0
0
0
2.93083e+15
0
9.95941e+14
0
0
0
0
0
0
0
0
0
0
0
2.98575e+15
0
0
3.37967e+15
0
0
0
0
0
0
0
0
0
0
0
0
0
0
0
0
0
0
0
0
0
0
0
0
0
0
0
0
0
0
0
