0
0
0
0
0
0
0
0
0
0
0
0
0
0
0
0
0
0
0
0
0
0
0
0
0
0
0
0
0
0
0
0
0
0
0
0
0
0
0
0
0
0
0
0
0
0
0
0
0
0
0
0
0
0
0
0
0
0
0
0
0
0
0
0
0
0
0
0
0
0
0
0
0
0
0
0
0
0
0
0
0
0
0
0
0
0
0
0
0
0
0
0
0
0
0
0
0
0
0
0
0
0
0
0
0
0
0
0
0
0
0
0
0
0
0
0
0
0
0
0
0
0
0
0
0
0
0
0
0
0
0
0
0
0
0
0
0
0
0
0
0
0
0
0
0
0
0
0
0
0
0
0
0
0
0
0
0
0
0
0
0
0
0
0
0
0
0
0
0
0
0
0
0
0
0
0
0
0
0
0
0
0
0
0
0
0
0
0
0
0
0
0
0
0
0
0
0
0
0
0
0
0
0
0
0
0
0
0
0
0
0
0
0
0
0
0
0
0
0
0
0
0
0
0
0
0
0
0
0
0
0
0
0
0
0
0
0
0
0
0
0
0
0
0
0
0
0
0
0
0
0
0
0
0
0
0
0
0
0
0
0
0
0
0
0
0
0
0
0
0
0
0
0
0
0
0
0
0
0
0
0
0
0
0
0
0
0
0
0
0
0
0
0
0
0
0
0
0
0
0
0
0
0
0
0
0
0
0
0
0
0
0
0
0
0
0
0
0
0
0
0
0
0
0
0
0
0
0
0
0
0
0
0
0
0
0
0
0
0
0
0
0
0
0
0
0
0
0
0
0
0
0
0
0
0
0
0
0
0
0
0
0
0
0
0
0
0
0
0
0
0
0
0
0
0
0
0
0
0
0
0
0
0
0
0
0
0
0
0
0
0
0
0
0
0
0
0
0
0
0
0
0
0
0
0
0
0
0
0
0
0
0
0
0
0
0
0
0
0
0
0
0
0
0
0
0
0
0
0
0
0
0
0
0
0
0
0
0
0
0
0
0
0
0
0
0
0
0
0
0
0
0
0
0
0
0
0
0
0
0
0
0
0
6.7218e-05
0.000209778
0.000477612
0.000922467
0.00156794
0.0023514
0.00307346
0.00350727
0.00365496
0.00380265
0.00423646
0.00495852
0.00574198
0.00638745
0.00683231
0.00710014
0.0072427
0.00730992
0.007338
0.007338
0
0.000156926
0.000489744
0.00111502
0.00215357
0.00366048
0.00548954
0.00717525
0.00818799
0.0085328
0.0088776
0.00989035
0.0115761
0.0134051
0.014912
0.0159506
0.0165759
0.0169087
0.0170656
0.0171312
0.0171312
0
0.000297689
0.000929046
0.0021152
0.00408533
0.00694394
0.0104137
0.0136115
0.0155327
0.0161867
0.0168408
0.018762
0.0219598
0.0254295
0.0282881
0.0302583
0.0314444
0.0320758
0.0323735
0.0324978
0.0324978
0
0.000463489
0.00144648
0.00329328
0.00636069
0.0108114
0.0162136
0.0211925
0.0241837
0.0252021
0.0262205
0.0292117
0.0341905
0.0395927
0.0440434
0.0471108
0.0489576
0.0499406
0.0504041
0.0505978
0.0505978
0
0.00060755
0.00189608
0.0043169
0.00833772
0.0141718
0.0212532
0.0277795
0.0317004
0.0330354
0.0343703
0.0382912
0.0448176
0.0518989
0.057733
0.0617538
0.0641746
0.0654632
0.0660707
0.0663245
0.0663245
0
0.000698818
0.00218092
0.0049654
0.00959024
0.0163008
0.0244459
0.0319526
0.0364626
0.0379981
0.0395335
0.0440435
0.0515502
0.0596953
0.0664059
0.0710307
0.0738152
0.0752973
0.0759961
0.0762881
0.0762881
0
0.000740561
0.00231119
0.005262
0.0101631
0.0172745
0.0259061
0.0338613
0.0386406
0.0402678
0.041895
0.0466743
0.0546295
0.0632612
0.0703725
0.0752736
0.0782244
0.0797951
0.0805356
0.080845
0.080845
0
0.000754124
0.00235352
0.00535837
0.0103492
0.0175908
0.0263806
0.0344814
0.0393483
0.0410053
0.0426623
0.0475291
0.05563
0.0644197
0.0716613
0.0766522
0.079657
0.0812564
0.0820105
0.0823256
0.0823256
0
0.000757145
0.00236295
0.00537984
0.0103907
0.0176613
0.0264863
0.0346196
0.039506
0.0411696
0.0428332
0.0477196
0.0558529
0.0646778
0.0719485
0.0769593
0.0799762
0.081582
0.0823392
0.0826555
0.0826555
0
0.000757145
0.00236295
0.00537984
0.0103907
0.0176613
0.0264863
0.0346196
0.039506
0.0411696
0.0428332
0.0477196
0.0558529
0.0646778
0.0719485
0.0769593
0.0799762
0.081582
0.0823392
0.0826555
0.0826555
0
0.000754124
0.00235352
0.00535837
0.0103492
0.0175908
0.0263806
0.0344814
0.0393483
0.0410053
0.0426623
0.0475291
0.05563
0.0644197
0.0716613
0.0766522
0.079657
0.0812564
0.0820105
0.0823256
0.0823256
0
0.000740561
0.00231119
0.005262
0.0101631
0.0172745
0.0259061
0.0338613
0.0386406
0.0402678
0.041895
0.0466743
0.0546295
0.0632612
0.0703725
0.0752736
0.0782244
0.0797951
0.0805356
0.080845
0.080845
0
0.000698818
0.00218092
0.0049654
0.00959024
0.0163008
0.0244459
0.0319526
0.0364626
0.0379981
0.0395335
0.0440435
0.0515502
0.0596953
0.0664059
0.0710307
0.0738152
0.0752973
0.0759961
0.0762881
0.0762881
0
0.00060755
0.00189608
0.0043169
0.00833772
0.0141718
0.0212532
0.0277795
0.0317004
0.0330354
0.0343703
0.0382912
0.0448176
0.0518989
0.057733
0.0617538
0.0641746
0.0654632
0.0660707
0.0663245
0.0663245
0
0.000463489
0.00144648
0.00329328
0.00636069
0.0108114
0.0162136
0.0211925
0.0241837
0.0252021
0.0262205
0.0292117
0.0341905
0.0395927
0.0440434
0.0471108
0.0489576
0.0499406
0.0504041
0.0505978
0.0505978
0
0.000297689
0.000929046
0.0021152
0.00408533
0.00694394
0.0104137
0.0136115
0.0155327
0.0161867
0.0168408
0.018762
0.0219598
0.0254295
0.0282881
0.0302583
0.0314444
0.0320758
0.0323735
0.0324978
0.0324978
0
0.000156926
0.000489744
0.00111502
0.00215357
0.00366048
0.00548954
0.00717525
0.00818799
0.0085328
0.0088776
0.00989035
0.0115761
0.0134051
0.014912
0.0159506
0.0165759
0.0169087
0.0170656
0.0171312
0.0171312
0
6.7218e-05
0.000209778
0.000477612
0.000922467
0.00156794
0.0023514
0.00307346
0.00350727
0.00365496
0.00380265
0.00423646
0.00495852
0.00574198
0.00638745
0.00683231
0.00710014
0.0072427
0.00730992
0.007338
0.007338
0
2.33865e-05
7.29859e-05
0.000166171
0.000320944
0.000545517
0.000818099
0.00106932
0.00122025
0.00127163
0.00132302
0.00147395
0.00172517
0.00199775
0.00222232
0.00237709
0.00247028
0.00251988
0.00254326
0.00255303
0.00255303
0
1.27844e-05
3.98984e-05
9.08387e-05
0.000175447
0.000298212
0.000447221
0.000584553
0.000667059
0.000695149
0.00072324
0.000805746
0.000943078
0.00109209
0.00121485
0.00129946
0.0013504
0.00137751
0.0013903
0.00139564
0.00139564
0
0
0
0
0
0
0
0
0
0
0
0
0
0
0
0
0
0
0
0
0
0
0.000156926
0.000489744
0.00111502
0.00215357
0.00366048
0.00548954
0.00717525
0.00818799
0.0085328
0.0088776
0.00989035
0.0115761
0.0134051
0.014912
0.0159506
0.0165759
0.0169087
0.0170656
0.0171312
0.0171312
0
0.000366356
0.00114335
0.00260311
0.00502769
0.00854568
0.0128158
0.0167512
0.0191155
0.0199205
0.0207255
0.0230898
0.0270252
0.0312953
0.0348133
0.0372379
0.0386977
0.0394746
0.039841
0.0399941
0.0399941
0
0.000694978
0.00216893
0.00493811
0.00953754
0.0162112
0.0243115
0.0317771
0.0362622
0.0377892
0.0393163
0.0438014
0.0512669
0.0593673
0.066041
0.0706404
0.0734096
0.0748835
0.0755785
0.0758688
0.0758688
0
0.00108205
0.00337693
0.00768843
0.0148495
0.0252401
0.037852
0.0494755
0.0564587
0.0588362
0.0612137
0.0681969
0.0798204
0.0924323
0.102823
0.109984
0.114296
0.11659
0.117672
0.118125
0.118125
0
0.00141837
0.00442655
0.0100781
0.0194651
0.0330852
0.0496172
0.0648535
0.0740072
0.0771237
0.0802402
0.0893939
0.10463
0.121162
0.134782
0.144169
0.149821
0.152829
0.154247
0.15484
0.15484
0
0.00163145
0.00509152
0.0115921
0.0223892
0.0380554
0.0570709
0.074596
0.0851248
0.0887095
0.0922942
0.102823
0.120348
0.139364
0.15503
0.165827
0.172327
0.175788
0.177419
0.178101
0.178101
0
0.0017289
0.00539566
0.0122846
0.0237266
0.0403286
0.0604799
0.0790519
0.0902096
0.0940084
0.0978072
0.108965
0.127537
0.147688
0.16429
0.175732
0.182621
0.186288
0.188017
0.188739
0.188739
0
0.00176056
0.00549447
0.0125095
0.0241611
0.0410672
0.0615875
0.0804996
0.0918617
0.0957301
0.0995984
0.110961
0.129873
0.150393
0.167299
0.178951
0.185966
0.1897
0.19146
0.192196
0.192196
0
0.00176762
0.00551649
0.0125597
0.0242579
0.0412317
0.0618343
0.0808222
0.0922298
0.0961137
0.0999975
0.111405
0.130393
0.150996
0.167969
0.179668
0.186711
0.19046
0.192227
0.192966
0.192966
0
0.00176762
0.00551649
0.0125597
0.0242579
0.0412317
0.0618343
0.0808222
0.0922298
0.0961137
0.0999975
0.111405
0.130393
0.150996
0.167969
0.179668
0.186711
0.19046
0.192227
0.192966
0.192966
0
0.00176056
0.00549447
0.0125095
0.0241611
0.0410672
0.0615875
0.0804996
0.0918617
0.0957301
0.0995984
0.110961
0.129873
0.150393
0.167299
0.178951
0.185966
0.1897
0.19146
0.192196
0.192196
0
0.0017289
0.00539566
0.0122846
0.0237266
0.0403286
0.0604799
0.0790519
0.0902096
0.0940084
0.0978072
0.108965
0.127537
0.147688
0.16429
0.175732
0.182621
0.186288
0.188017
0.188739
0.188739
0
0.00163145
0.00509152
0.0115921
0.0223892
0.0380554
0.0570709
0.074596
0.0851248
0.0887095
0.0922942
0.102823
0.120348
0.139364
0.15503
0.165827
0.172327
0.175788
0.177419
0.178101
0.178101
0
0.00141837
0.00442655
0.0100781
0.0194651
0.0330852
0.0496172
0.0648535
0.0740072
0.0771237
0.0802402
0.0893939
0.10463
0.121162
0.134782
0.144169
0.149821
0.152829
0.154247
0.15484
0.15484
0
0.00108205
0.00337693
0.00768843
0.0148495
0.0252401
0.037852
0.0494755
0.0564587
0.0588362
0.0612137
0.0681969
0.0798204
0.0924323
0.102823
0.109984
0.114296
0.11659
0.117672
0.118125
0.118125
0
0.000694978
0.00216893
0.00493811
0.00953754
0.0162112
0.0243115
0.0317771
0.0362622
0.0377892
0.0393163
0.0438014
0.0512669
0.0593673
0.066041
0.0706404
0.0734096
0.0748835
0.0755785
0.0758688
0.0758688
0
0.000366356
0.00114335
0.00260311
0.00502769
0.00854568
0.0128158
0.0167512
0.0191155
0.0199205
0.0207255
0.0230898
0.0270252
0.0312953
0.0348133
0.0372379
0.0386977
0.0394746
0.039841
0.0399941
0.0399941
0
0.000156926
0.000489744
0.00111502
0.00215357
0.00366048
0.00548954
0.00717525
0.00818799
0.0085328
0.0088776
0.00989035
0.0115761
0.0134051
0.014912
0.0159506
0.0165759
0.0169087
0.0170656
0.0171312
0.0171312
0
5.45976e-05
0.000170391
0.000387939
0.00074927
0.00127355
0.00190992
0.00249641
0.00284876
0.00296873
0.00308869
0.00344105
0.00402754
0.0046639
0.00518818
0.00554952
0.00576706
0.00588286
0.00593746
0.00596026
0.00596026
0
2.98463e-05
9.31461e-05
0.00021207
0.000409595
0.000696199
0.00104407
0.00136468
0.0015573
0.00162288
0.00168846
0.00188108
0.00220169
0.00254956
0.00283617
0.00303369
0.00315262
0.00321592
0.00324576
0.00325823
0.00325823
0
0
0
0
0
0
0
0
0
0
0
0
0
0
0
0
0
0
0
0
0
0
0.000297689
0.000929046
0.0021152
0.00408533
0.00694394
0.0104137
0.0136115
0.0155327
0.0161867
0.0168408
0.018762
0.0219598
0.0254295
0.0282881
0.0302583
0.0314444
0.0320758
0.0323735
0.0324978
0.0324978
0
0.000694978
0.00216893
0.00493811
0.00953754
0.0162112
0.0243115
0.0317771
0.0362622
0.0377892
0.0393163
0.0438014
0.0512669
0.0593673
0.066041
0.0706404
0.0734096
0.0748835
0.0755785
0.0758688
0.0758688
0
0.00131838
0.00411447
0.00936762
0.0180927
0.0307527
0.0461191
0.0602812
0.0687895
0.0716863
0.0745831
0.0830914
0.0972535
0.11262
0.12528
0.134005
0.139258
0.142054
0.143373
0.143923
0.143923
0
0.00205265
0.00640605
0.014585
0.0281696
0.0478806
0.0718054
0.0938552
0.107102
0.111613
0.116123
0.12937
0.15142
0.175344
0.195055
0.20864
0.216819
0.221172
0.223225
0.224083
0.224083
0
0.00269066
0.00839718
0.0191183
0.0369253
0.0627628
0.094124
0.123027
0.140392
0.146304
0.152216
0.169581
0.198484
0.229845
0.255682
0.273489
0.284211
0.289917
0.292608
0.293732
0.293732
0
0.00309486
0.00965863
0.0219903
0.0424723
0.0721913
0.108264
0.141509
0.161482
0.168282
0.175082
0.195056
0.228301
0.264373
0.294092
0.314574
0.326906
0.33347
0.336564
0.337857
0.337857
0
0.00327973
0.0102356
0.0233039
0.0450094
0.0765035
0.114731
0.149962
0.171128
0.178334
0.185541
0.206707
0.241938
0.280165
0.311659
0.333365
0.346433
0.353389
0.356669
0.358039
0.358039
0
0.00333979
0.010423
0.0237306
0.0458337
0.0779046
0.116832
0.152708
0.174262
0.1816
0.188939
0.210492
0.246369
0.285296
0.317367
0.33947
0.352777
0.359861
0.3632
0.364596
0.364596
0
0.00335317
0.0104648
0.0238257
0.0460173
0.0782167
0.1173
0.15332
0.17496
0.182328
0.189696
0.211336
0.247356
0.286439
0.318639
0.34083
0.354191
0.361303
0.364656
0.366057
0.366057
0
0.00335317
0.0104648
0.0238257
0.0460173
0.0782167
0.1173
0.15332
0.17496
0.182328
0.189696
0.211336
0.247356
0.286439
0.318639
0.34083
0.354191
0.361303
0.364656
0.366057
0.366057
0
0.00333979
0.010423
0.0237306
0.0458337
0.0779046
0.116832
0.152708
0.174262
0.1816
0.188939
0.210492
0.246369
0.285296
0.317367
0.33947
0.352777
0.359861
0.3632
0.364596
0.364596
0
0.00327973
0.0102356
0.0233039
0.0450094
0.0765035
0.114731
0.149962
0.171128
0.178334
0.185541
0.206707
0.241938
0.280165
0.311659
0.333365
0.346433
0.353389
0.356669
0.358039
0.358039
0
0.00309486
0.00965863
0.0219903
0.0424723
0.0721913
0.108264
0.141509
0.161482
0.168282
0.175082
0.195056
0.228301
0.264373
0.294092
0.314574
0.326906
0.33347
0.336564
0.337857
0.337857
0
0.00269066
0.00839718
0.0191183
0.0369253
0.0627628
0.094124
0.123027
0.140392
0.146304
0.152216
0.169581
0.198484
0.229845
0.255682
0.273489
0.284211
0.289917
0.292608
0.293732
0.293732
0
0.00205265
0.00640605
0.014585
0.0281696
0.0478806
0.0718054
0.0938552
0.107102
0.111613
0.116123
0.12937
0.15142
0.175344
0.195055
0.20864
0.216819
0.221172
0.223225
0.224083
0.224083
0
0.00131838
0.00411447
0.00936762
0.0180927
0.0307527
0.0461191
0.0602812
0.0687895
0.0716863
0.0745831
0.0830914
0.0972535
0.11262
0.12528
0.134005
0.139258
0.142054
0.143373
0.143923
0.143923
0
0.000694978
0.00216893
0.00493811
0.00953754
0.0162112
0.0243115
0.0317771
0.0362622
0.0377892
0.0393163
0.0438014
0.0512669
0.0593673
0.066041
0.0706404
0.0734096
0.0748835
0.0755785
0.0758688
0.0758688
0
0.000297689
0.000929046
0.0021152
0.00408533
0.00694394
0.0104137
0.0136115
0.0155327
0.0161867
0.0168408
0.018762
0.0219598
0.0254295
0.0282881
0.0302583
0.0314444
0.0320758
0.0323735
0.0324978
0.0324978
0
0.000103572
0.000323233
0.000735921
0.00142137
0.00241593
0.00362312
0.0047357
0.00540411
0.00563168
0.00585926
0.00652767
0.00764025
0.00884744
0.009842
0.0105274
0.0109401
0.0111598
0.0112634
0.0113066
0.0113066
0
5.66184e-05
0.000176698
0.000402298
0.000777004
0.00132069
0.00198061
0.00258881
0.00295421
0.00307861
0.00320302
0.00356841
0.00417661
0.00483653
0.00538022
0.00575493
0.00598053
0.00610061
0.00615722
0.00618088
0.00618088
0
0
0
0
0
0
0
0
0
0
0
0
0
0
0
0
0
0
0
0
0
0
0.000463489
0.00144648
0.00329328
0.00636069
0.0108114
0.0162136
0.0211925
0.0241837
0.0252021
0.0262205
0.0292117
0.0341905
0.0395927
0.0440434
0.0471108
0.0489576
0.0499406
0.0504041
0.0505978
0.0505978
0
0.00108205
0.00337693
0.00768843
0.0148495
0.0252401
0.037852
0.0494755
0.0564587
0.0588362
0.0612137
0.0681969
0.0798204
0.0924323
0.102823
0.109984
0.114296
0.11659
0.117672
0.118125
0.118125
0
0.00205265
0.00640605
0.014585
0.0281696
0.0478806
0.0718054
0.0938552
0.107102
0.111613
0.116123
0.12937
0.15142
0.175344
0.195055
0.20864
0.216819
0.221172
0.223225
0.224083
0.224083
0
0.00319589
0.00997395
0.0227082
0.0438589
0.074548
0.111798
0.146128
0.166754
0.173776
0.180798
0.201423
0.235754
0.273004
0.303693
0.324844
0.337578
0.344356
0.347552
0.348887
0.348887
0
0.00418924
0.013074
0.0297663
0.0574911
0.097719
0.146547
0.191548
0.218584
0.227789
0.236994
0.26403
0.309031
0.357859
0.398087
0.425811
0.442504
0.451388
0.455578
0.457328
0.457328
0
0.00481856
0.0150381
0.0342379
0.0661276
0.112399
0.168562
0.220323
0.251421
0.262008
0.272596
0.303693
0.355454
0.411618
0.457889
0.489778
0.508978
0.519198
0.524016
0.526029
0.526029
0
0.00510639
0.0159364
0.0362831
0.0700777
0.119113
0.178631
0.233484
0.266439
0.277659
0.288879
0.321834
0.376687
0.436205
0.48524
0.519035
0.539381
0.550211
0.555318
0.557451
0.557451
0
0.00519991
0.0162282
0.0369476
0.071361
0.121294
0.181902
0.23776
0.271318
0.282744
0.294169
0.327728
0.383586
0.444193
0.494127
0.52854
0.549259
0.560288
0.565488
0.56766
0.56766
0
0.00522075
0.0162932
0.0370956
0.071647
0.12178
0.182631
0.238713
0.272406
0.283877
0.295348
0.329041
0.385123
0.445973
0.496107
0.530658
0.55146
0.562533
0.567754
0.569935
0.569935
0
0.00522075
0.0162932
0.0370956
0.071647
0.12178
0.182631
0.238713
0.272406
0.283877
0.295348
0.329041
0.385123
0.445973
0.496107
0.530658
0.55146
0.562533
0.567754
0.569935
0.569935
0
0.00519991
0.0162282
0.0369476
0.071361
0.121294
0.181902
0.23776
0.271318
0.282744
0.294169
0.327728
0.383586
0.444193
0.494127
0.52854
0.549259
0.560288
0.565488
0.56766
0.56766
0
0.00510639
0.0159364
0.0362831
0.0700777
0.119113
0.178631
0.233484
0.266439
0.277659
0.288879
0.321834
0.376687
0.436205
0.48524
0.519035
0.539381
0.550211
0.555318
0.557451
0.557451
0
0.00481856
0.0150381
0.0342379
0.0661276
0.112399
0.168562
0.220323
0.251421
0.262008
0.272596
0.303693
0.355454
0.411618
0.457889
0.489778
0.508978
0.519198
0.524016
0.526029
0.526029
0
0.00418924
0.013074
0.0297663
0.0574911
0.097719
0.146547
0.191548
0.218584
0.227789
0.236994
0.26403
0.309031
0.357859
0.398087
0.425811
0.442504
0.451388
0.455578
0.457328
0.457328
0
0.00319589
0.00997395
0.0227082
0.0438589
0.074548
0.111798
0.146128
0.166754
0.173776
0.180798
0.201423
0.235754
0.273004
0.303693
0.324844
0.337578
0.344356
0.347552
0.348887
0.348887
0
0.00205265
0.00640605
0.014585
0.0281696
0.0478806
0.0718054
0.0938552
0.107102
0.111613
0.116123
0.12937
0.15142
0.175344
0.195055
0.20864
0.216819
0.221172
0.223225
0.224083
0.224083
0
0.00108205
0.00337693
0.00768843
0.0148495
0.0252401
0.037852
0.0494755
0.0564587
0.0588362
0.0612137
0.0681969
0.0798204
0.0924323
0.102823
0.109984
0.114296
0.11659
0.117672
0.118125
0.118125
0
0.000463489
0.00144648
0.00329328
0.00636069
0.0108114
0.0162136
0.0211925
0.0241837
0.0252021
0.0262205
0.0292117
0.0341905
0.0395927
0.0440434
0.0471108
0.0489576
0.0499406
0.0504041
0.0505978
0.0505978
0
0.000161257
0.00050326
0.0011458
0.00221301
0.0037615
0.00564104
0.00737327
0.00841397
0.00876829
0.00912261
0.0101633
0.0118955
0.0137751
0.0153236
0.0163908
0.0170333
0.0173753
0.0175366
0.017604
0.017604
0
8.81525e-05
0.000275112
0.000626361
0.00120976
0.00205626
0.00308373
0.00403067
0.00459957
0.00479327
0.00498696
0.00555586
0.00650281
0.00753027
0.00837677
0.00896017
0.00931142
0.00949838
0.00958653
0.00962336
0.00962336
0
0
0
0
0
0
0
0
0
0
0
0
0
0
0
0
0
0
0
0
0
0
0.00060755
0.00189608
0.0043169
0.00833772
0.0141718
0.0212532
0.0277795
0.0317004
0.0330354
0.0343703
0.0382912
0.0448176
0.0518989
0.057733
0.0617538
0.0641746
0.0654632
0.0660707
0.0663245
0.0663245
0
0.00141837
0.00442655
0.0100781
0.0194651
0.0330852
0.0496172
0.0648535
0.0740072
0.0771237
0.0802402
0.0893939
0.10463
0.121162
0.134782
0.144169
0.149821
0.152829
0.154247
0.15484
0.15484
0
0.00269066
0.00839718
0.0191183
0.0369253
0.0627628
0.094124
0.123027
0.140392
0.146304
0.152216
0.169581
0.198484
0.229845
0.255682
0.273489
0.284211
0.289917
0.292608
0.293732
0.293732
0
0.00418924
0.013074
0.0297663
0.0574911
0.097719
0.146547
0.191548
0.218584
0.227789
0.236994
0.26403
0.309031
0.357859
0.398087
0.425811
0.442504
0.451388
0.455578
0.457328
0.457328
0
0.00549134
0.0171377
0.0390183
0.0753605
0.128092
0.192097
0.251085
0.286524
0.29859
0.310656
0.346095
0.405084
0.469088
0.52182
0.558162
0.580043
0.591689
0.59718
0.599474
0.599474
0
0.00631627
0.0197122
0.0448798
0.0866814
0.147334
0.220954
0.288804
0.329567
0.343445
0.357324
0.398087
0.465937
0.539556
0.60021
0.642011
0.667179
0.680575
0.686891
0.68953
0.68953
0
0.00669356
0.0208897
0.0475606
0.0918592
0.156135
0.234153
0.306055
0.349253
0.363961
0.378668
0.421866
0.493769
0.571786
0.636062
0.680361
0.707032
0.721228
0.727921
0.730718
0.730718
0
0.00681615
0.0212723
0.0484316
0.0935415
0.158995
0.238441
0.31166
0.355649
0.370626
0.385603
0.429592
0.502812
0.582258
0.647711
0.692821
0.71998
0.734436
0.741252
0.7441
0.7441
0
0.00684346
0.0213575
0.0486257
0.0939163
0.159632
0.239396
0.312909
0.357075
0.372111
0.387148
0.431313
0.504826
0.584591
0.650306
0.695597
0.722865
0.737379
0.744223
0.747082
0.747082
0
0.00684346
0.0213575
0.0486257
0.0939163
0.159632
0.239396
0.312909
0.357075
0.372111
0.387148
0.431313
0.504826
0.584591
0.650306
0.695597
0.722865
0.737379
0.744223
0.747082
0.747082
0
0.00681615
0.0212723
0.0484316
0.0935415
0.158995
0.238441
0.31166
0.355649
0.370626
0.385603
0.429592
0.502812
0.582258
0.647711
0.692821
0.71998
0.734436
0.741252
0.7441
0.7441
0
0.00669356
0.0208897
0.0475606
0.0918592
0.156135
0.234153
0.306055
0.349253
0.363961
0.378668
0.421866
0.493769
0.571786
0.636062
0.680361
0.707032
0.721228
0.727921
0.730718
0.730718
0
0.00631627
0.0197122
0.0448798
0.0866814
0.147334
0.220954
0.288804
0.329567
0.343445
0.357324
0.398087
0.465937
0.539556
0.60021
0.642011
0.667179
0.680575
0.686891
0.68953
0.68953
0
0.00549134
0.0171377
0.0390183
0.0753605
0.128092
0.192097
0.251085
0.286524
0.29859
0.310656
0.346095
0.405084
0.469088
0.52182
0.558162
0.580043
0.591689
0.59718
0.599474
0.599474
0
0.00418924
0.013074
0.0297663
0.0574911
0.097719
0.146547
0.191548
0.218584
0.227789
0.236994
0.26403
0.309031
0.357859
0.398087
0.425811
0.442504
0.451388
0.455578
0.457328
0.457328
0
0.00269066
0.00839718
0.0191183
0.0369253
0.0627628
0.094124
0.123027
0.140392
0.146304
0.152216
0.169581
0.198484
0.229845
0.255682
0.273489
0.284211
0.289917
0.292608
0.293732
0.293732
0
0.00141837
0.00442655
0.0100781
0.0194651
0.0330852
0.0496172
0.0648535
0.0740072
0.0771237
0.0802402
0.0893939
0.10463
0.121162
0.134782
0.144169
0.149821
0.152829
0.154247
0.15484
0.15484
0
0.00060755
0.00189608
0.0043169
0.00833772
0.0141718
0.0212532
0.0277795
0.0317004
0.0330354
0.0343703
0.0382912
0.0448176
0.0518989
0.057733
0.0617538
0.0641746
0.0654632
0.0660707
0.0663245
0.0663245
0
0.000211379
0.000659683
0.00150193
0.00290086
0.00493065
0.00739439
0.00966504
0.0110292
0.0114937
0.0119581
0.0133223
0.0155929
0.0180566
0.0200864
0.0214854
0.0223276
0.0227759
0.0229873
0.0230756
0.0230756
0
0.000115552
0.000360622
0.000821046
0.00158578
0.00269539
0.00404221
0.00528348
0.00602921
0.00628311
0.006537
0.00728274
0.00852401
0.00987083
0.0109804
0.0117452
0.0122056
0.0124507
0.0125662
0.0126145
0.0126145
0
0
0
0
0
0
0
0
0
0
0
0
0
0
0
0
0
0
0
0
0
0
0.000698818
0.00218092
0.0049654
0.00959024
0.0163008
0.0244459
0.0319526
0.0364626
0.0379981
0.0395335
0.0440435
0.0515502
0.0596953
0.0664059
0.0710307
0.0738152
0.0752973
0.0759961
0.0762881
0.0762881
0
0.00163145
0.00509152
0.0115921
0.0223892
0.0380554
0.0570709
0.074596
0.0851248
0.0887095
0.0922942
0.102823
0.120348
0.139364
0.15503
0.165827
0.172327
0.175788
0.177419
0.178101
0.178101
0
0.00309486
0.00965863
0.0219903
0.0424723
0.0721913
0.108264
0.141509
0.161482
0.168282
0.175082
0.195056
0.228301
0.264373
0.294092
0.314574
0.326906
0.33347
0.336564
0.337857
0.337857
0
0.00481856
0.0150381
0.0342379
0.0661276
0.112399
0.168562
0.220323
0.251421
0.262008
0.272596
0.303693
0.355454
0.411618
0.457889
0.489778
0.508978
0.519198
0.524016
0.526029
0.526029
0
0.00631627
0.0197122
0.0448798
0.0866814
0.147334
0.220954
0.288804
0.329567
0.343445
0.357324
0.398087
0.465937
0.539556
0.60021
0.642011
0.667179
0.680575
0.686891
0.68953
0.68953
0
0.00726512
0.0226735
0.0516218
0.099703
0.169468
0.254147
0.332189
0.379076
0.395039
0.411002
0.457889
0.535931
0.620611
0.690375
0.738456
0.767405
0.782813
0.790078
0.793113
0.793113
0
0.00769909
0.0240278
0.0547053
0.105659
0.17959
0.269328
0.352032
0.401719
0.418636
0.435553
0.48524
0.567945
0.657682
0.731614
0.782567
0.813245
0.829573
0.837272
0.840489
0.840489
0
0.00784009
0.0244679
0.0557072
0.107594
0.182879
0.27426
0.358479
0.409076
0.426303
0.443529
0.494127
0.578346
0.669726
0.745012
0.796899
0.828138
0.844766
0.852606
0.855881
0.855881
0
0.00787151
0.0245659
0.0559304
0.108025
0.183612
0.275359
0.359916
0.410716
0.428011
0.445307
0.496107
0.580663
0.67241
0.747998
0.800092
0.831456
0.848151
0.856022
0.859311
0.859311
0
0.00787151
0.0245659
0.0559304
0.108025
0.183612
0.275359
0.359916
0.410716
0.428011
0.445307
0.496107
0.580663
0.67241
0.747998
0.800092
0.831456
0.848151
0.856022
0.859311
0.859311
0
0.00784009
0.0244679
0.0557072
0.107594
0.182879
0.27426
0.358479
0.409076
0.426303
0.443529
0.494127
0.578346
0.669726
0.745012
0.796899
0.828138
0.844766
0.852606
0.855881
0.855881
0
0.00769909
0.0240278
0.0547053
0.105659
0.17959
0.269328
0.352032
0.401719
0.418636
0.435553
0.48524
0.567945
0.657682
0.731614
0.782567
0.813245
0.829573
0.837272
0.840489
0.840489
0
0.00726512
0.0226735
0.0516218
0.099703
0.169468
0.254147
0.332189
0.379076
0.395039
0.411002
0.457889
0.535931
0.620611
0.690375
0.738456
0.767405
0.782813
0.790078
0.793113
0.793113
0
0.00631627
0.0197122
0.0448798
0.0866814
0.147334
0.220954
0.288804
0.329567
0.343445
0.357324
0.398087
0.465937
0.539556
0.60021
0.642011
0.667179
0.680575
0.686891
0.68953
0.68953
0
0.00481856
0.0150381
0.0342379
0.0661276
0.112399
0.168562
0.220323
0.251421
0.262008
0.272596
0.303693
0.355454
0.411618
0.457889
0.489778
0.508978
0.519198
0.524016
0.526029
0.526029
0
0.00309486
0.00965863
0.0219903
0.0424723
0.0721913
0.108264
0.141509
0.161482
0.168282
0.175082
0.195056
0.228301
0.264373
0.294092
0.314574
0.326906
0.33347
0.336564
0.337857
0.337857
0
0.00163145
0.00509152
0.0115921
0.0223892
0.0380554
0.0570709
0.074596
0.0851248
0.0887095
0.0922942
0.102823
0.120348
0.139364
0.15503
0.165827
0.172327
0.175788
0.177419
0.178101
0.178101
0
0.000698818
0.00218092
0.0049654
0.00959024
0.0163008
0.0244459
0.0319526
0.0364626
0.0379981
0.0395335
0.0440435
0.0515502
0.0596953
0.0664059
0.0710307
0.0738152
0.0752973
0.0759961
0.0762881
0.0762881
0
0.000243133
0.000758783
0.00172756
0.00333663
0.00567135
0.0085052
0.011117
0.012686
0.0132203
0.0137545
0.0153236
0.0179353
0.0207692
0.0231039
0.024713
0.0256818
0.0261974
0.0264405
0.0265421
0.0265421
0
0.000132911
0.000414796
0.000944387
0.001824
0.0031003
0.00464945
0.00607718
0.00693494
0.00722698
0.00751902
0.00837678
0.00980451
0.0113537
0.01263
0.0135096
0.0140392
0.014321
0.014454
0.0145095
0.0145095
0
0
0
0
0
0
0
0
0
0
0
0
0
0
0
0
0
0
0
0
0
0
0.000740561
0.00231119
0.005262
0.0101631
0.0172745
0.0259061
0.0338613
0.0386406
0.0402678
0.041895
0.0466743
0.0546295
0.0632612
0.0703725
0.0752736
0.0782244
0.0797951
0.0805356
0.080845
0.080845
0
0.0017289
0.00539566
0.0122846
0.0237266
0.0403286
0.0604799
0.0790519
0.0902096
0.0940084
0.0978072
0.108965
0.127537
0.147688
0.16429
0.175732
0.182621
0.186288
0.188017
0.188739
0.188739
0
0.00327973
0.0102356
0.0233039
0.0450094
0.0765035
0.114731
0.149962
0.171128
0.178334
0.185541
0.206707
0.241938
0.280165
0.311659
0.333365
0.346433
0.353389
0.356669
0.358039
0.358039
0
0.00510639
0.0159364
0.0362831
0.0700777
0.119113
0.178631
0.233484
0.266439
0.277659
0.288879
0.321834
0.376687
0.436205
0.48524
0.519035
0.539381
0.550211
0.555318
0.557451
0.557451
0
0.00669356
0.0208897
0.0475606
0.0918592
0.156135
0.234153
0.306055
0.349253
0.363961
0.378668
0.421866
0.493769
0.571786
0.636062
0.680361
0.707032
0.721228
0.727921
0.730718
0.730718
0
0.00769909
0.0240278
0.0547053
0.105659
0.17959
0.269328
0.352032
0.401719
0.418636
0.435553
0.48524
0.567945
0.657682
0.731614
0.782567
0.813245
0.829573
0.837272
0.840489
0.840489
0
0.00815899
0.0254631
0.0579731
0.11197
0.190318
0.285416
0.37306
0.425716
0.443643
0.46157
0.514225
0.60187
0.696968
0.775316
0.829313
0.861823
0.879127
0.887286
0.890694
0.890694
0
0.00830841
0.0259294
0.0590348
0.114021
0.193803
0.290643
0.379892
0.433512
0.451768
0.470023
0.523643
0.612892
0.709732
0.789515
0.8445
0.877606
0.895227
0.903535
0.907006
0.907006
0
0.0083417
0.0260333
0.0592713
0.114477
0.19458
0.291807
0.381415
0.435249
0.453578
0.471907
0.525741
0.615348
0.712576
0.792678
0.847884
0.881122
0.898814
0.907156
0.910641
0.910641
0
0.0083417
0.0260333
0.0592713
0.114477
0.19458
0.291807
0.381415
0.435249
0.453578
0.471907
0.525741
0.615348
0.712576
0.792678
0.847884
0.881122
0.898814
0.907156
0.910641
0.910641
0
0.00830841
0.0259294
0.0590348
0.114021
0.193803
0.290643
0.379892
0.433512
0.451768
0.470023
0.523643
0.612892
0.709732
0.789515
0.8445
0.877606
0.895227
0.903535
0.907006
0.907006
0
0.00815899
0.0254631
0.0579731
0.11197
0.190318
0.285416
0.37306
0.425716
0.443643
0.46157
0.514225
0.60187
0.696968
0.775316
0.829313
0.861823
0.879127
0.887286
0.890694
0.890694
0
0.00769909
0.0240278
0.0547053
0.105659
0.17959
0.269328
0.352032
0.401719
0.418636
0.435553
0.48524
0.567945
0.657682
0.731614
0.782567
0.813245
0.829573
0.837272
0.840489
0.840489
0
0.00669356
0.0208897
0.0475606
0.0918592
0.156135
0.234153
0.306055
0.349253
0.363961
0.378668
0.421866
0.493769
0.571786
0.636062
0.680361
0.707032
0.721228
0.727921
0.730718
0.730718
0
0.00510639
0.0159364
0.0362831
0.0700777
0.119113
0.178631
0.233484
0.266439
0.277659
0.288879
0.321834
0.376687
0.436205
0.48524
0.519035
0.539381
0.550211
0.555318
0.557451
0.557451
0
0.00327973
0.0102356
0.0233039
0.0450094
0.0765035
0.114731
0.149962
0.171128
0.178334
0.185541
0.206707
0.241938
0.280165
0.311659
0.333365
0.346433
0.353389
0.356669
0.358039
0.358039
0
0.0017289
0.00539566
0.0122846
0.0237266
0.0403286
0.0604799
0.0790519
0.0902096
0.0940084
0.0978072
0.108965
0.127537
0.147688
0.16429
0.175732
0.182621
0.186288
0.188017
0.188739
0.188739
0
0.000740561
0.00231119
0.005262
0.0101631
0.0172745
0.0259061
0.0338613
0.0386406
0.0402678
0.041895
0.0466743
0.0546295
0.0632612
0.0703725
0.0752736
0.0782244
0.0797951
0.0805356
0.080845
0.080845
0
0.000257656
0.000804108
0.00183075
0.00353594
0.00601012
0.00901325
0.011781
0.0134438
0.01401
0.0145761
0.0162389
0.0190067
0.0220098
0.024484
0.0261892
0.0272158
0.0277623
0.0280199
0.0281276
0.0281276
0
0.00014085
0.000439573
0.0010008
0.00193295
0.00328549
0.00492717
0.0064402
0.00734919
0.00765867
0.00796815
0.00887715
0.0103902
0.0120319
0.0133844
0.0143165
0.0148778
0.0151765
0.0153173
0.0153762
0.0153762
0
0
0
0
0
0
0
0
0
0
0
0
0
0
0
0
0
0
0
0
0
0
0.000754124
0.00235352
0.00535837
0.0103492
0.0175908
0.0263806
0.0344814
0.0393483
0.0410053
0.0426623
0.0475291
0.05563
0.0644197
0.0716613
0.0766522
0.079657
0.0812564
0.0820105
0.0823256
0.0823256
0
0.00176056
0.00549447
0.0125095
0.0241611
0.0410672
0.0615875
0.0804996
0.0918617
0.0957301
0.0995984
0.110961
0.129873
0.150393
0.167299
0.178951
0.185966
0.1897
0.19146
0.192196
0.192196
0
0.00333979
0.010423
0.0237306
0.0458337
0.0779046
0.116832
0.152708
0.174262
0.1816
0.188939
0.210492
0.246369
0.285296
0.317367
0.33947
0.352777
0.359861
0.3632
0.364596
0.364596
0
0.00519991
0.0162282
0.0369476
0.071361
0.121294
0.181902
0.23776
0.271318
0.282744
0.294169
0.327728
0.383586
0.444193
0.494127
0.52854
0.549259
0.560288
0.565488
0.56766
0.56766
0
0.00681615
0.0212723
0.0484316
0.0935415
0.158995
0.238441
0.31166
0.355649
0.370626
0.385603
0.429592
0.502812
0.582258
0.647711
0.692821
0.71998
0.734436
0.741252
0.7441
0.7441
0
0.00784009
0.0244679
0.0557072
0.107594
0.182879
0.27426
0.358479
0.409076
0.426303
0.443529
0.494127
0.578346
0.669726
0.745012
0.796899
0.828138
0.844766
0.852606
0.855881
0.855881
0
0.00830841
0.0259294
0.0590348
0.114021
0.193803
0.290643
0.379892
0.433512
0.451768
0.470023
0.523643
0.612892
0.709732
0.789515
0.8445
0.877606
0.895227
0.903535
0.907006
0.907006
0
0.00846057
0.0264043
0.0601159
0.116109
0.197353
0.295965
0.38685
0.441451
0.460041
0.478631
0.533233
0.624117
0.722729
0.803974
0.859966
0.893678
0.911622
0.920082
0.923617
0.923617
0
0.00849447
0.0265101
0.0603568
0.116574
0.198144
0.297151
0.3884
0.44322
0.461885
0.480549
0.535369
0.626618
0.725626
0.807195
0.863412
0.897259
0.915275
0.923769
0.927318
0.927318
0
0.00849447
0.0265101
0.0603568
0.116574
0.198144
0.297151
0.3884
0.44322
0.461885
0.480549
0.535369
0.626618
0.725626
0.807195
0.863412
0.897259
0.915275
0.923769
0.927318
0.927318
0
0.00846057
0.0264043
0.0601159
0.116109
0.197353
0.295965
0.38685
0.441451
0.460041
0.478631
0.533233
0.624117
0.722729
0.803974
0.859966
0.893678
0.911622
0.920082
0.923617
0.923617
0
0.00830841
0.0259294
0.0590348
0.114021
0.193803
0.290643
0.379892
0.433512
0.451768
0.470023
0.523643
0.612892
0.709732
0.789515
0.8445
0.877606
0.895227
0.903535
0.907006
0.907006
0
0.00784009
0.0244679
0.0557072
0.107594
0.182879
0.27426
0.358479
0.409076
0.426303
0.443529
0.494127
0.578346
0.669726
0.745012
0.796899
0.828138
0.844766
0.852606
0.855881
0.855881
0
0.00681615
0.0212723
0.0484316
0.0935415
0.158995
0.238441
0.31166
0.355649
0.370626
0.385603
0.429592
0.502812
0.582258
0.647711
0.692821
0.71998
0.734436
0.741252
0.7441
0.7441
0
0.00519991
0.0162282
0.0369476
0.071361
0.121294
0.181902
0.23776
0.271318
0.282744
0.294169
0.327728
0.383586
0.444193
0.494127
0.52854
0.549259
0.560288
0.565488
0.56766
0.56766
0
0.00333979
0.010423
0.0237306
0.0458337
0.0779046
0.116832
0.152708
0.174262
0.1816
0.188939
0.210492
0.246369
0.285296
0.317367
0.33947
0.352777
0.359861
0.3632
0.364596
0.364596
0
0.00176056
0.00549447
0.0125095
0.0241611
0.0410672
0.0615875
0.0804996
0.0918617
0.0957301
0.0995984
0.110961
0.129873
0.150393
0.167299
0.178951
0.185966
0.1897
0.19146
0.192196
0.192196
0
0.000754124
0.00235352
0.00535837
0.0103492
0.0175908
0.0263806
0.0344814
0.0393483
0.0410053
0.0426623
0.0475291
0.05563
0.0644197
0.0716613
0.0766522
0.079657
0.0812564
0.0820105
0.0823256
0.0823256
0
0.000262374
0.000818834
0.00186428
0.0036007
0.00612019
0.00917831
0.0119968
0.01369
0.0142665
0.014843
0.0165363
0.0193548
0.0224129
0.0249324
0.0266688
0.0277142
0.0282707
0.0285331
0.0286427
0.0286427
0
0.000143429
0.000447623
0.00101913
0.00196835
0.00334566
0.00501741
0.00655814
0.00748378
0.00779893
0.00811408
0.00903973
0.0105805
0.0122522
0.0136295
0.0145787
0.0151502
0.0154544
0.0155979
0.0156578
0.0156578
0
0
0
0
0
0
0
0
0
0
0
0
0
0
0
0
0
0
0
0
0
0
0.000757145
0.00236295
0.00537984
0.0103907
0.0176613
0.0264863
0.0346196
0.039506
0.0411696
0.0428332
0.0477196
0.0558529
0.0646778
0.0719485
0.0769593
0.0799762
0.081582
0.0823392
0.0826555
0.0826555
0
0.00176762
0.00551649
0.0125597
0.0242579
0.0412317
0.0618343
0.0808222
0.0922298
0.0961137
0.0999975
0.111405
0.130393
0.150996
0.167969
0.179668
0.186711
0.19046
0.192227
0.192966
0.192966
0
0.00335317
0.0104648
0.0238257
0.0460173
0.0782167
0.1173
0.15332
0.17496
0.182328
0.189696
0.211336
0.247356
0.286439
0.318639
0.34083
0.354191
0.361303
0.364656
0.366057
0.366057
0
0.00522075
0.0162932
0.0370956
0.071647
0.12178
0.182631
0.238713
0.272406
0.283877
0.295348
0.329041
0.385123
0.445973
0.496107
0.530658
0.55146
0.562533
0.567754
0.569935
0.569935
0
0.00684346
0.0213575
0.0486257
0.0939163
0.159632
0.239396
0.312909
0.357075
0.372111
0.387148
0.431313
0.504826
0.584591
0.650306
0.695597
0.722865
0.737379
0.744223
0.747082
0.747082
0
0.00787151
0.0245659
0.0559304
0.108025
0.183612
0.275359
0.359916
0.410716
0.428011
0.445307
0.496107
0.580663
0.67241
0.747998
0.800092
0.831456
0.848151
0.856022
0.859311
0.859311
0
0.0083417
0.0260333
0.0592713
0.114477
0.19458
0.291807
0.381415
0.435249
0.453578
0.471907
0.525741
0.615348
0.712576
0.792678
0.847884
0.881122
0.898814
0.907156
0.910641
0.910641
0
0.00849447
0.0265101
0.0603568
0.116574
0.198144
0.297151
0.3884
0.44322
0.461885
0.480549
0.535369
0.626618
0.725626
0.807195
0.863412
0.897259
0.915275
0.923769
0.927318
0.927318
0
0.00852851
0.0266163
0.0605987
0.117041
0.198938
0.298342
0.389956
0.444996
0.463735
0.482474
0.537515
0.629129
0.728533
0.81043
0.866872
0.900854
0.918942
0.927471
0.931034
0.931034
0
0.00852851
0.0266163
0.0605987
0.117041
0.198938
0.298342
0.389956
0.444996
0.463735
0.482474
0.537515
0.629129
0.728533
0.81043
0.866872
0.900854
0.918942
0.927471
0.931034
0.931034
0
0.00849447
0.0265101
0.0603568
0.116574
0.198144
0.297151
0.3884
0.44322
0.461885
0.480549
0.535369
0.626618
0.725626
0.807195
0.863412
0.897259
0.915275
0.923769
0.927318
0.927318
0
0.0083417
0.0260333
0.0592713
0.114477
0.19458
0.291807
0.381415
0.435249
0.453578
0.471907
0.525741
0.615348
0.712576
0.792678
0.847884
0.881122
0.898814
0.907156
0.910641
0.910641
0
0.00787151
0.0245659
0.0559304
0.108025
0.183612
0.275359
0.359916
0.410716
0.428011
0.445307
0.496107
0.580663
0.67241
0.747998
0.800092
0.831456
0.848151
0.856022
0.859311
0.859311
0
0.00684346
0.0213575
0.0486257
0.0939163
0.159632
0.239396
0.312909
0.357075
0.372111
0.387148
0.431313
0.504826
0.584591
0.650306
0.695597
0.722865
0.737379
0.744223
0.747082
0.747082
0
0.00522075
0.0162932
0.0370956
0.071647
0.12178
0.182631
0.238713
0.272406
0.283877
0.295348
0.329041
0.385123
0.445973
0.496107
0.530658
0.55146
0.562533
0.567754
0.569935
0.569935
0
0.00335317
0.0104648
0.0238257
0.0460173
0.0782167
0.1173
0.15332
0.17496
0.182328
0.189696
0.211336
0.247356
0.286439
0.318639
0.34083
0.354191
0.361303
0.364656
0.366057
0.366057
0
0.00176762
0.00551649
0.0125597
0.0242579
0.0412317
0.0618343
0.0808222
0.0922298
0.0961137
0.0999975
0.111405
0.130393
0.150996
0.167969
0.179668
0.186711
0.19046
0.192227
0.192966
0.192966
0
0.000757145
0.00236295
0.00537984
0.0103907
0.0176613
0.0264863
0.0346196
0.039506
0.0411696
0.0428332
0.0477196
0.0558529
0.0646778
0.0719485
0.0769593
0.0799762
0.081582
0.0823392
0.0826555
0.0826555
0
0.000263426
0.000822116
0.00187175
0.00361513
0.00614472
0.00921509
0.0120448
0.0137449
0.0143237
0.0149025
0.0166026
0.0194323
0.0225027
0.0250323
0.0267757
0.0278253
0.028384
0.0286474
0.0287575
0.0287575
0
0.000144004
0.000449417
0.00102321
0.00197624
0.00335907
0.00503751
0.00658442
0.00751377
0.00783018
0.00814659
0.00907595
0.0106229
0.0123013
0.0136841
0.0146372
0.015211
0.0155164
0.0156604
0.0157205
0.0157205
0
0
0
0
0
0
0
0
0
0
0
0
0
0
0
0
0
0
0
0
0
0
0.000757145
0.00236295
0.00537984
0.0103907
0.0176613
0.0264863
0.0346196
0.039506
0.0411696
0.0428332
0.0477196
0.0558529
0.0646778
0.0719485
0.0769593
0.0799762
0.081582
0.0823392
0.0826555
0.0826555
0
0.00176762
0.00551649
0.0125597
0.0242579
0.0412317
0.0618343
0.0808222
0.0922298
0.0961137
0.0999975
0.111405
0.130393
0.150996
0.167969
0.179668
0.186711
0.19046
0.192227
0.192966
0.192966
0
0.00335317
0.0104648
0.0238257
0.0460173
0.0782167
0.1173
0.15332
0.17496
0.182328
0.189696
0.211336
0.247356
0.286439
0.318639
0.34083
0.354191
0.361303
0.364656
0.366057
0.366057
0
0.00522075
0.0162932
0.0370956
0.071647
0.12178
0.182631
0.238713
0.272406
0.283877
0.295348
0.329041
0.385123
0.445973
0.496107
0.530658
0.55146
0.562533
0.567754
0.569935
0.569935
0
0.00684346
0.0213575
0.0486257
0.0939163
0.159632
0.239396
0.312909
0.357075
0.372111
0.387148
0.431313
0.504826
0.584591
0.650306
0.695597
0.722865
0.737379
0.744223
0.747082
0.747082
0
0.00787151
0.0245659
0.0559304
0.108025
0.183612
0.275359
0.359916
0.410716
0.428011
0.445307
0.496107
0.580663
0.67241
0.747998
0.800092
0.831456
0.848151
0.856022
0.859311
0.859311
0
0.0083417
0.0260333
0.0592713
0.114477
0.19458
0.291807
0.381415
0.435249
0.453578
0.471907
0.525741
0.615348
0.712576
0.792678
0.847884
0.881122
0.898814
0.907156
0.910641
0.910641
0
0.00849447
0.0265101
0.0603568
0.116574
0.198144
0.297151
0.3884
0.44322
0.461885
0.480549
0.535369
0.626618
0.725626
0.807195
0.863412
0.897259
0.915275
0.923769
0.927318
0.927318
0
0.00852851
0.0266163
0.0605987
0.117041
0.198938
0.298342
0.389956
0.444996
0.463735
0.482474
0.537515
0.629129
0.728533
0.81043
0.866872
0.900854
0.918942
0.927471
0.931034
0.931034
0
0.00852851
0.0266163
0.0605987
0.117041
0.198938
0.298342
0.389956
0.444996
0.463735
0.482474
0.537515
0.629129
0.728533
0.81043
0.866872
0.900854
0.918942
0.927471
0.931034
0.931034
0
0.00849447
0.0265101
0.0603568
0.116574
0.198144
0.297151
0.3884
0.44322
0.461885
0.480549
0.535369
0.626618
0.725626
0.807195
0.863412
0.897259
0.915275
0.923769
0.927318
0.927318
0
0.0083417
0.0260333
0.0592713
0.114477
0.19458
0.291807
0.381415
0.435249
0.453578
0.471907
0.525741
0.615348
0.712576
0.792678
0.847884
0.881122
0.898814
0.907156
0.910641
0.910641
0
0.00787151
0.0245659
0.0559304
0.108025
0.183612
0.275359
0.359916
0.410716
0.428011
0.445307
0.496107
0.580663
0.67241
0.747998
0.800092
0.831456
0.848151
0.856022
0.859311
0.859311
0
0.00684346
0.0213575
0.0486257
0.0939163
0.159632
0.239396
0.312909
0.357075
0.372111
0.387148
0.431313
0.504826
0.584591
0.650306
0.695597
0.722865
0.737379
0.744223
0.747082
0.747082
0
0.00522075
0.0162932
0.0370956
0.071647
0.12178
0.182631
0.238713
0.272406
0.283877
0.295348
0.329041
0.385123
0.445973
0.496107
0.530658
0.55146
0.562533
0.567754
0.569935
0.569935
0
0.00335317
0.0104648
0.0238257
0.0460173
0.0782167
0.1173
0.15332
0.17496
0.182328
0.189696
0.211336
0.247356
0.286439
0.318639
0.34083
0.354191
0.361303
0.364656
0.366057
0.366057
0
0.00176762
0.00551649
0.0125597
0.0242579
0.0412317
0.0618343
0.0808222
0.0922298
0.0961137
0.0999975
0.111405
0.130393
0.150996
0.167969
0.179668
0.186711
0.19046
0.192227
0.192966
0.192966
0
0.000757145
0.00236295
0.00537984
0.0103907
0.0176613
0.0264863
0.0346196
0.039506
0.0411696
0.0428332
0.0477196
0.0558529
0.0646778
0.0719485
0.0769593
0.0799762
0.081582
0.0823392
0.0826555
0.0826555
0
0.000263426
0.000822116
0.00187175
0.00361513
0.00614472
0.00921509
0.0120448
0.0137449
0.0143237
0.0149025
0.0166026
0.0194323
0.0225027
0.0250323
0.0267757
0.0278253
0.028384
0.0286474
0.0287575
0.0287575
0
0.000144004
0.000449417
0.00102321
0.00197624
0.00335907
0.00503751
0.00658442
0.00751377
0.00783018
0.00814659
0.00907595
0.0106229
0.0123013
0.0136841
0.0146372
0.015211
0.0155164
0.0156604
0.0157205
0.0157205
0
0
0
0
0
0
0
0
0
0
0
0
0
0
0
0
0
0
0
0
0
0
0.000754124
0.00235352
0.00535837
0.0103492
0.0175908
0.0263806
0.0344814
0.0393483
0.0410053
0.0426623
0.0475291
0.05563
0.0644197
0.0716613
0.0766522
0.079657
0.0812564
0.0820105
0.0823256
0.0823256
0
0.00176056
0.00549447
0.0125095
0.0241611
0.0410672
0.0615875
0.0804996
0.0918617
0.0957301
0.0995984
0.110961
0.129873
0.150393
0.167299
0.178951
0.185966
0.1897
0.19146
0.192196
0.192196
0
0.00333979
0.010423
0.0237306
0.0458337
0.0779046
0.116832
0.152708
0.174262
0.1816
0.188939
0.210492
0.246369
0.285296
0.317367
0.33947
0.352777
0.359861
0.3632
0.364596
0.364596
0
0.00519991
0.0162282
0.0369476
0.071361
0.121294
0.181902
0.23776
0.271318
0.282744
0.294169
0.327728
0.383586
0.444193
0.494127
0.52854
0.549259
0.560288
0.565488
0.56766
0.56766
0
0.00681615
0.0212723
0.0484316
0.0935415
0.158995
0.238441
0.31166
0.355649
0.370626
0.385603
0.429592
0.502812
0.582258
0.647711
0.692821
0.71998
0.734436
0.741252
0.7441
0.7441
0
0.00784009
0.0244679
0.0557072
0.107594
0.182879
0.27426
0.358479
0.409076
0.426303
0.443529
0.494127
0.578346
0.669726
0.745012
0.796899
0.828138
0.844766
0.852606
0.855881
0.855881
0
0.00830841
0.0259294
0.0590348
0.114021
0.193803
0.290643
0.379892
0.433512
0.451768
0.470023
0.523643
0.612892
0.709732
0.789515
0.8445
0.877606
0.895227
0.903535
0.907006
0.907006
0
0.00846057
0.0264043
0.0601159
0.116109
0.197353
0.295965
0.38685
0.441451
0.460041
0.478631
0.533233
0.624117
0.722729
0.803974
0.859966
0.893678
0.911622
0.920082
0.923617
0.923617
0
0.00849447
0.0265101
0.0603568
0.116574
0.198144
0.297151
0.3884
0.44322
0.461885
0.480549
0.535369
0.626618
0.725626
0.807195
0.863412
0.897259
0.915275
0.923769
0.927318
0.927318
0
0.00849447
0.0265101
0.0603568
0.116574
0.198144
0.297151
0.3884
0.44322
0.461885
0.480549
0.535369
0.626618
0.725626
0.807195
0.863412
0.897259
0.915275
0.923769
0.927318
0.927318
0
0.00846057
0.0264043
0.0601159
0.116109
0.197353
0.295965
0.38685
0.441451
0.460041
0.478631
0.533233
0.624117
0.722729
0.803974
0.859966
0.893678
0.911622
0.920082
0.923617
0.923617
0
0.00830841
0.0259294
0.0590348
0.114021
0.193803
0.290643
0.379892
0.433512
0.451768
0.470023
0.523643
0.612892
0.709732
0.789515
0.8445
0.877606
0.895227
0.903535
0.907006
0.907006
0
0.00784009
0.0244679
0.0557072
0.107594
0.182879
0.27426
0.358479
0.409076
0.426303
0.443529
0.494127
0.578346
0.669726
0.745012
0.796899
0.828138
0.844766
0.852606
0.855881
0.855881
0
0.00681615
0.0212723
0.0484316
0.0935415
0.158995
0.238441
0.31166
0.355649
0.370626
0.385603
0.429592
0.502812
0.582258
0.647711
0.692821
0.71998
0.734436
0.741252
0.7441
0.7441
0
0.00519991
0.0162282
0.0369476
0.071361
0.121294
0.181902
0.23776
0.271318
0.282744
0.294169
0.327728
0.383586
0.444193
0.494127
0.52854
0.549259
0.560288
0.565488
0.56766
0.56766
0
0.00333979
0.010423
0.0237306
0.0458337
0.0779046
0.116832
0.152708
0.174262
0.1816
0.188939
0.210492
0.246369
0.285296
0.317367
0.33947
0.352777
0.359861
0.3632
0.364596
0.364596
0
0.00176056
0.00549447
0.0125095
0.0241611
0.0410672
0.0615875
0.0804996
0.0918617
0.0957301
0.0995984
0.110961
0.129873
0.150393
0.167299
0.178951
0.185966
0.1897
0.19146
0.192196
0.192196
0
0.000754124
0.00235352
0.00535837
0.0103492
0.0175908
0.0263806
0.0344814
0.0393483
0.0410053
0.0426623
0.0475291
0.05563
0.0644197
0.0716613
0.0766522
0.079657
0.0812564
0.0820105
0.0823256
0.0823256
0
0.000262374
0.000818834
0.00186428
0.0036007
0.00612019
0.00917831
0.0119968
0.01369
0.0142665
0.014843
0.0165363
0.0193548
0.0224129
0.0249324
0.0266688
0.0277142
0.0282707
0.0285331
0.0286427
0.0286427
0
0.000143429
0.000447623
0.00101913
0.00196835
0.00334566
0.00501741
0.00655814
0.00748378
0.00779893
0.00811408
0.00903973
0.0105805
0.0122522
0.0136295
0.0145787
0.0151502
0.0154544
0.0155979
0.0156578
0.0156578
0
0
0
0
0
0
0
0
0
0
0
0
0
0
0
0
0
0
0
0
0
0
0.000740561
0.00231119
0.005262
0.0101631
0.0172745
0.0259061
0.0338613
0.0386406
0.0402678
0.041895
0.0466743
0.0546295
0.0632612
0.0703725
0.0752736
0.0782244
0.0797951
0.0805356
0.080845
0.080845
0
0.0017289
0.00539566
0.0122846
0.0237266
0.0403286
0.0604799
0.0790519
0.0902096
0.0940084
0.0978072
0.108965
0.127537
0.147688
0.16429
0.175732
0.182621
0.186288
0.188017
0.188739
0.188739
0
0.00327973
0.0102356
0.0233039
0.0450094
0.0765035
0.114731
0.149962
0.171128
0.178334
0.185541
0.206707
0.241938
0.280165
0.311659
0.333365
0.346433
0.353389
0.356669
0.358039
0.358039
0
0.00510639
0.0159364
0.0362831
0.0700777
0.119113
0.178631
0.233484
0.266439
0.277659
0.288879
0.321834
0.376687
0.436205
0.48524
0.519035
0.539381
0.550211
0.555318
0.557451
0.557451
0
0.00669356
0.0208897
0.0475606
0.0918592
0.156135
0.234153
0.306055
0.349253
0.363961
0.378668
0.421866
0.493769
0.571786
0.636062
0.680361
0.707032
0.721228
0.727921
0.730718
0.730718
0
0.00769909
0.0240278
0.0547053
0.105659
0.17959
0.269328
0.352032
0.401719
0.418636
0.435553
0.48524
0.567945
0.657682
0.731614
0.782567
0.813245
0.829573
0.837272
0.840489
0.840489
0
0.00815899
0.0254631
0.0579731
0.11197
0.190318
0.285416
0.37306
0.425716
0.443643
0.46157
0.514225
0.60187
0.696968
0.775316
0.829313
0.861823
0.879127
0.887286
0.890694
0.890694
0
0.00830841
0.0259294
0.0590348
0.114021
0.193803
0.290643
0.379892
0.433512
0.451768
0.470023
0.523643
0.612892
0.709732
0.789515
0.8445
0.877606
0.895227
0.903535
0.907006
0.907006
0
0.0083417
0.0260333
0.0592713
0.114477
0.19458
0.291807
0.381415
0.435249
0.453578
0.471907
0.525741
0.615348
0.712576
0.792678
0.847884
0.881122
0.898814
0.907156
0.910641
0.910641
0
0.0083417
0.0260333
0.0592713
0.114477
0.19458
0.291807
0.381415
0.435249
0.453578
0.471907
0.525741
0.615348
0.712576
0.792678
0.847884
0.881122
0.898814
0.907156
0.910641
0.910641
0
0.00830841
0.0259294
0.0590348
0.114021
0.193803
0.290643
0.379892
0.433512
0.451768
0.470023
0.523643
0.612892
0.709732
0.789515
0.8445
0.877606
0.895227
0.903535
0.907006
0.907006
0
0.00815899
0.0254631
0.0579731
0.11197
0.190318
0.285416
0.37306
0.425716
0.443643
0.46157
0.514225
0.60187
0.696968
0.775316
0.829313
0.861823
0.879127
0.887286
0.890694
0.890694
0
0.00769909
0.0240278
0.0547053
0.105659
0.17959
0.269328
0.352032
0.401719
0.418636
0.435553
0.48524
0.567945
0.657682
0.731614
0.782567
0.813245
0.829573
0.837272
0.840489
0.840489
0
0.00669356
0.0208897
0.0475606
0.0918592
0.156135
0.234153
0.306055
0.349253
0.363961
0.378668
0.421866
0.493769
0.571786
0.636062
0.680361
0.707032
0.721228
0.727921
0.730718
0.730718
0
0.00510639
0.0159364
0.0362831
0.0700777
0.119113
0.178631
0.233484
0.266439
0.277659
0.288879
0.321834
0.376687
0.436205
0.48524
0.519035
0.539381
0.550211
0.555318
0.557451
0.557451
0
0.00327973
0.0102356
0.0233039
0.0450094
0.0765035
0.114731
0.149962
0.171128
0.178334
0.185541
0.206707
0.241938
0.280165
0.311659
0.333365
0.346433
0.353389
0.356669
0.358039
0.358039
0
0.0017289
0.00539566
0.0122846
0.0237266
0.0403286
0.0604799
0.0790519
0.0902096
0.0940084
0.0978072
0.108965
0.127537
0.147688
0.16429
0.175732
0.182621
0.186288
0.188017
0.188739
0.188739
0
0.000740561
0.00231119
0.005262
0.0101631
0.0172745
0.0259061
0.0338613
0.0386406
0.0402678
0.041895
0.0466743
0.0546295
0.0632612
0.0703725
0.0752736
0.0782244
0.0797951
0.0805356
0.080845
0.080845
0
0.000257656
0.000804108
0.00183075
0.00353594
0.00601012
0.00901325
0.011781
0.0134438
0.01401
0.0145761
0.0162389
0.0190067
0.0220098
0.024484
0.0261892
0.0272158
0.0277623
0.0280199
0.0281276
0.0281276
0
0.00014085
0.000439573
0.0010008
0.00193295
0.00328549
0.00492717
0.0064402
0.00734919
0.00765867
0.00796815
0.00887715
0.0103902
0.0120319
0.0133844
0.0143165
0.0148778
0.0151765
0.0153173
0.0153762
0.0153762
0
0
0
0
0
0
0
0
0
0
0
0
0
0
0
0
0
0
0
0
0
0
0.000698818
0.00218092
0.0049654
0.00959024
0.0163008
0.0244459
0.0319526
0.0364626
0.0379981
0.0395335
0.0440435
0.0515502
0.0596953
0.0664059
0.0710307
0.0738152
0.0752973
0.0759961
0.0762881
0.0762881
0
0.00163145
0.00509152
0.0115921
0.0223892
0.0380554
0.0570709
0.074596
0.0851248
0.0887095
0.0922942
0.102823
0.120348
0.139364
0.15503
0.165827
0.172327
0.175788
0.177419
0.178101
0.178101
0
0.00309486
0.00965863
0.0219903
0.0424723
0.0721913
0.108264
0.141509
0.161482
0.168282
0.175082
0.195056
0.228301
0.264373
0.294092
0.314574
0.326906
0.33347
0.336564
0.337857
0.337857
0
0.00481856
0.0150381
0.0342379
0.0661276
0.112399
0.168562
0.220323
0.251421
0.262008
0.272596
0.303693
0.355454
0.411618
0.457889
0.489778
0.508978
0.519198
0.524016
0.526029
0.526029
0
0.00631627
0.0197122
0.0448798
0.0866814
0.147334
0.220954
0.288804
0.329567
0.343445
0.357324
0.398087
0.465937
0.539556
0.60021
0.642011
0.667179
0.680575
0.686891
0.68953
0.68953
0
0.00726512
0.0226735
0.0516218
0.099703
0.169468
0.254147
0.332189
0.379076
0.395039
0.411002
0.457889
0.535931
0.620611
0.690375
0.738456
0.767405
0.782813
0.790078
0.793113
0.793113
0
0.00769909
0.0240278
0.0547053
0.105659
0.17959
0.269328
0.352032
0.401719
0.418636
0.435553
0.48524
0.567945
0.657682
0.731614
0.782567
0.813245
0.829573
0.837272
0.840489
0.840489
0
0.00784009
0.0244679
0.0557072
0.107594
0.182879
0.27426
0.358479
0.409076
0.426303
0.443529
0.494127
0.578346
0.669726
0.745012
0.796899
0.828138
0.844766
0.852606
0.855881
0.855881
0
0.00787151
0.0245659
0.0559304
0.108025
0.183612
0.275359
0.359916
0.410716
0.428011
0.445307
0.496107
0.580663
0.67241
0.747998
0.800092
0.831456
0.848151
0.856022
0.859311
0.859311
0
0.00787151
0.0245659
0.0559304
0.108025
0.183612
0.275359
0.359916
0.410716
0.428011
0.445307
0.496107
0.580663
0.67241
0.747998
0.800092
0.831456
0.848151
0.856022
0.859311
0.859311
0
0.00784009
0.0244679
0.0557072
0.107594
0.182879
0.27426
0.358479
0.409076
0.426303
0.443529
0.494127
0.578346
0.669726
0.745012
0.796899
0.828138
0.844766
0.852606
0.855881
0.855881
0
0.00769909
0.0240278
0.0547053
0.105659
0.17959
0.269328
0.352032
0.401719
0.418636
0.435553
0.48524
0.567945
0.657682
0.731614
0.782567
0.813245
0.829573
0.837272
0.840489
0.840489
0
0.00726512
0.0226735
0.0516218
0.099703
0.169468
0.254147
0.332189
0.379076
0.395039
0.411002
0.457889
0.535931
0.620611
0.690375
0.738456
0.767405
0.782813
0.790078
0.793113
0.793113
0
0.00631627
0.0197122
0.0448798
0.0866814
0.147334
0.220954
0.288804
0.329567
0.343445
0.357324
0.398087
0.465937
0.539556
0.60021
0.642011
0.667179
0.680575
0.686891
0.68953
0.68953
0
0.00481856
0.0150381
0.0342379
0.0661276
0.112399
0.168562
0.220323
0.251421
0.262008
0.272596
0.303693
0.355454
0.411618
0.457889
0.489778
0.508978
0.519198
0.524016
0.526029
0.526029
0
0.00309486
0.00965863
0.0219903
0.0424723
0.0721913
0.108264
0.141509
0.161482
0.168282
0.175082
0.195056
0.228301
0.264373
0.294092
0.314574
0.326906
0.33347
0.336564
0.337857
0.337857
0
0.00163145
0.00509152
0.0115921
0.0223892
0.0380554
0.0570709
0.074596
0.0851248
0.0887095
0.0922942
0.102823
0.120348
0.139364
0.15503
0.165827
0.172327
0.175788
0.177419
0.178101
0.178101
0
0.000698818
0.00218092
0.0049654
0.00959024
0.0163008
0.0244459
0.0319526
0.0364626
0.0379981
0.0395335
0.0440435
0.0515502
0.0596953
0.0664059
0.0710307
0.0738152
0.0752973
0.0759961
0.0762881
0.0762881
0
0.000243133
0.000758783
0.00172756
0.00333663
0.00567135
0.0085052
0.011117
0.012686
0.0132203
0.0137545
0.0153236
0.0179353
0.0207692
0.0231039
0.024713
0.0256818
0.0261974
0.0264405
0.0265421
0.0265421
0
0.000132911
0.000414796
0.000944387
0.001824
0.0031003
0.00464945
0.00607718
0.00693494
0.00722698
0.00751902
0.00837678
0.00980451
0.0113537
0.01263
0.0135096
0.0140392
0.014321
0.014454
0.0145095
0.0145095
0
0
0
0
0
0
0
0
0
0
0
0
0
0
0
0
0
0
0
0
0
0
0.00060755
0.00189608
0.0043169
0.00833772
0.0141718
0.0212532
0.0277795
0.0317004
0.0330354
0.0343703
0.0382912
0.0448176
0.0518989
0.057733
0.0617538
0.0641746
0.0654632
0.0660707
0.0663245
0.0663245
0
0.00141837
0.00442655
0.0100781
0.0194651
0.0330852
0.0496172
0.0648535
0.0740072
0.0771237
0.0802402
0.0893939
0.10463
0.121162
0.134782
0.144169
0.149821
0.152829
0.154247
0.15484
0.15484
0
0.00269066
0.00839718
0.0191183
0.0369253
0.0627628
0.094124
0.123027
0.140392
0.146304
0.152216
0.169581
0.198484
0.229845
0.255682
0.273489
0.284211
0.289917
0.292608
0.293732
0.293732
0
0.00418924
0.013074
0.0297663
0.0574911
0.097719
0.146547
0.191548
0.218584
0.227789
0.236994
0.26403
0.309031
0.357859
0.398087
0.425811
0.442504
0.451388
0.455578
0.457328
0.457328
0
0.00549134
0.0171377
0.0390183
0.0753605
0.128092
0.192097
0.251085
0.286524
0.29859
0.310656
0.346095
0.405084
0.469088
0.52182
0.558162
0.580043
0.591689
0.59718
0.599474
0.599474
0
0.00631627
0.0197122
0.0448798
0.0866814
0.147334
0.220954
0.288804
0.329567
0.343445
0.357324
0.398087
0.465937
0.539556
0.60021
0.642011
0.667179
0.680575
0.686891
0.68953
0.68953
0
0.00669356
0.0208897
0.0475606
0.0918592
0.156135
0.234153
0.306055
0.349253
0.363961
0.378668
0.421866
0.493769
0.571786
0.636062
0.680361
0.707032
0.721228
0.727921
0.730718
0.730718
0
0.00681615
0.0212723
0.0484316
0.0935415
0.158995
0.238441
0.31166
0.355649
0.370626
0.385603
0.429592
0.502812
0.582258
0.647711
0.692821
0.71998
0.734436
0.741252
0.7441
0.7441
0
0.00684346
0.0213575
0.0486257
0.0939163
0.159632
0.239396
0.312909
0.357075
0.372111
0.387148
0.431313
0.504826
0.584591
0.650306
0.695597
0.722865
0.737379
0.744223
0.747082
0.747082
0
0.00684346
0.0213575
0.0486257
0.0939163
0.159632
0.239396
0.312909
0.357075
0.372111
0.387148
0.431313
0.504826
0.584591
0.650306
0.695597
0.722865
0.737379
0.744223
0.747082
0.747082
0
0.00681615
0.0212723
0.0484316
0.0935415
0.158995
0.238441
0.31166
0.355649
0.370626
0.385603
0.429592
0.502812
0.582258
0.647711
0.692821
0.71998
0.734436
0.741252
0.7441
0.7441
0
0.00669356
0.0208897
0.0475606
0.0918592
0.156135
0.234153
0.306055
0.349253
0.363961
0.378668
0.421866
0.493769
0.571786
0.636062
0.680361
0.707032
0.721228
0.727921
0.730718
0.730718
0
0.00631627
0.0197122
0.0448798
0.0866814
0.147334
0.220954
0.288804
0.329567
0.343445
0.357324
0.398087
0.465937
0.539556
0.60021
0.642011
0.667179
0.680575
0.686891
0.68953
0.68953
0
0.00549134
0.0171377
0.0390183
0.0753605
0.128092
0.192097
0.251085
0.286524
0.29859
0.310656
0.346095
0.405084
0.469088
0.52182
0.558162
0.580043
0.591689
0.59718
0.599474
0.599474
0
0.00418924
0.013074
0.0297663
0.0574911
0.097719
0.146547
0.191548
0.218584
0.227789
0.236994
0.26403
0.309031
0.357859
0.398087
0.425811
0.442504
0.451388
0.455578
0.457328
0.457328
0
0.00269066
0.00839718
0.0191183
0.0369253
0.0627628
0.094124
0.123027
0.140392
0.146304
0.152216
0.169581
0.198484
0.229845
0.255682
0.273489
0.284211
0.289917
0.292608
0.293732
0.293732
0
0.00141837
0.00442655
0.0100781
0.0194651
0.0330852
0.0496172
0.0648535
0.0740072
0.0771237
0.0802402
0.0893939
0.10463
0.121162
0.134782
0.144169
0.149821
0.152829
0.154247
0.15484
0.15484
0
0.00060755
0.00189608
0.0043169
0.00833772
0.0141718
0.0212532
0.0277795
0.0317004
0.0330354
0.0343703
0.0382912
0.0448176
0.0518989
0.057733
0.0617538
0.0641746
0.0654632
0.0660707
0.0663245
0.0663245
0
0.000211379
0.000659683
0.00150193
0.00290086
0.00493065
0.00739439
0.00966504
0.0110292
0.0114937
0.0119581
0.0133223
0.0155929
0.0180566
0.0200864
0.0214854
0.0223276
0.0227759
0.0229873
0.0230756
0.0230756
0
0.000115552
0.000360622
0.000821046
0.00158578
0.00269539
0.00404221
0.00528348
0.00602921
0.00628311
0.006537
0.00728274
0.00852401
0.00987083
0.0109804
0.0117452
0.0122056
0.0124507
0.0125662
0.0126145
0.0126145
0
0
0
0
0
0
0
0
0
0
0
0
0
0
0
0
0
0
0
0
0
0
0.000463489
0.00144648
0.00329328
0.00636069
0.0108114
0.0162136
0.0211925
0.0241837
0.0252021
0.0262205
0.0292117
0.0341905
0.0395927
0.0440434
0.0471108
0.0489576
0.0499406
0.0504041
0.0505978
0.0505978
0
0.00108205
0.00337693
0.00768843
0.0148495
0.0252401
0.037852
0.0494755
0.0564587
0.0588362
0.0612137
0.0681969
0.0798204
0.0924323
0.102823
0.109984
0.114296
0.11659
0.117672
0.118125
0.118125
0
0.00205265
0.00640605
0.014585
0.0281696
0.0478806
0.0718054
0.0938552
0.107102
0.111613
0.116123
0.12937
0.15142
0.175344
0.195055
0.20864
0.216819
0.221172
0.223225
0.224083
0.224083
0
0.00319589
0.00997395
0.0227082
0.0438589
0.074548
0.111798
0.146128
0.166754
0.173776
0.180798
0.201423
0.235754
0.273004
0.303693
0.324844
0.337578
0.344356
0.347552
0.348887
0.348887
0
0.00418924
0.013074
0.0297663
0.0574911
0.097719
0.146547
0.191548
0.218584
0.227789
0.236994
0.26403
0.309031
0.357859
0.398087
0.425811
0.442504
0.451388
0.455578
0.457328
0.457328
0
0.00481856
0.0150381
0.0342379
0.0661276
0.112399
0.168562
0.220323
0.251421
0.262008
0.272596
0.303693
0.355454
0.411618
0.457889
0.489778
0.508978
0.519198
0.524016
0.526029
0.526029
0
0.00510639
0.0159364
0.0362831
0.0700777
0.119113
0.178631
0.233484
0.266439
0.277659
0.288879
0.321834
0.376687
0.436205
0.48524
0.519035
0.539381
0.550211
0.555318
0.557451
0.557451
0
0.00519991
0.0162282
0.0369476
0.071361
0.121294
0.181902
0.23776
0.271318
0.282744
0.294169
0.327728
0.383586
0.444193
0.494127
0.52854
0.549259
0.560288
0.565488
0.56766
0.56766
0
0.00522075
0.0162932
0.0370956
0.071647
0.12178
0.182631
0.238713
0.272406
0.283877
0.295348
0.329041
0.385123
0.445973
0.496107
0.530658
0.55146
0.562533
0.567754
0.569935
0.569935
0
0.00522075
0.0162932
0.0370956
0.071647
0.12178
0.182631
0.238713
0.272406
0.283877
0.295348
0.329041
0.385123
0.445973
0.496107
0.530658
0.55146
0.562533
0.567754
0.569935
0.569935
0
0.00519991
0.0162282
0.0369476
0.071361
0.121294
0.181902
0.23776
0.271318
0.282744
0.294169
0.327728
0.383586
0.444193
0.494127
0.52854
0.549259
0.560288
0.565488
0.56766
0.56766
0
0.00510639
0.0159364
0.0362831
0.0700777
0.119113
0.178631
0.233484
0.266439
0.277659
0.288879
0.321834
0.376687
0.436205
0.48524
0.519035
0.539381
0.550211
0.555318
0.557451
0.557451
0
0.00481856
0.0150381
0.0342379
0.0661276
0.112399
0.168562
0.220323
0.251421
0.262008
0.272596
0.303693
0.355454
0.411618
0.457889
0.489778
0.508978
0.519198
0.524016
0.526029
0.526029
0
0.00418924
0.013074
0.0297663
0.0574911
0.097719
0.146547
0.191548
0.218584
0.227789
0.236994
0.26403
0.309031
0.357859
0.398087
0.425811
0.442504
0.451388
0.455578
0.457328
0.457328
0
0.00319589
0.00997395
0.0227082
0.0438589
0.074548
0.111798
0.146128
0.166754
0.173776
0.180798
0.201423
0.235754
0.273004
0.303693
0.324844
0.337578
0.344356
0.347552
0.348887
0.348887
0
0.00205265
0.00640605
0.014585
0.0281696
0.0478806
0.0718054
0.0938552
0.107102
0.111613
0.116123
0.12937
0.15142
0.175344
0.195055
0.20864
0.216819
0.221172
0.223225
0.224083
0.224083
0
0.00108205
0.00337693
0.00768843
0.0148495
0.0252401
0.037852
0.0494755
0.0564587
0.0588362
0.0612137
0.0681969
0.0798204
0.0924323
0.102823
0.109984
0.114296
0.11659
0.117672
0.118125
0.118125
0
0.000463489
0.00144648
0.00329328
0.00636069
0.0108114
0.0162136
0.0211925
0.0241837
0.0252021
0.0262205
0.0292117
0.0341905
0.0395927
0.0440434
0.0471108
0.0489576
0.0499406
0.0504041
0.0505978
0.0505978
0
0.000161257
0.00050326
0.0011458
0.00221301
0.0037615
0.00564104
0.00737327
0.00841397
0.00876829
0.00912261
0.0101633
0.0118955
0.0137751
0.0153236
0.0163908
0.0170333
0.0173753
0.0175366
0.017604
0.017604
0
8.81525e-05
0.000275112
0.000626361
0.00120976
0.00205626
0.00308373
0.00403067
0.00459957
0.00479327
0.00498696
0.00555586
0.00650281
0.00753027
0.00837677
0.00896017
0.00931142
0.00949838
0.00958653
0.00962336
0.00962336
0
0
0
0
0
0
0
0
0
0
0
0
0
0
0
0
0
0
0
0
0
0
0.000297689
0.000929046
0.0021152
0.00408533
0.00694394
0.0104137
0.0136115
0.0155327
0.0161867
0.0168408
0.018762
0.0219598
0.0254295
0.0282881
0.0302583
0.0314444
0.0320758
0.0323735
0.0324978
0.0324978
0
0.000694978
0.00216893
0.00493811
0.00953754
0.0162112
0.0243115
0.0317771
0.0362622
0.0377892
0.0393163
0.0438014
0.0512669
0.0593673
0.066041
0.0706404
0.0734096
0.0748835
0.0755785
0.0758688
0.0758688
0
0.00131838
0.00411447
0.00936762
0.0180927
0.0307527
0.0461191
0.0602812
0.0687895
0.0716863
0.0745831
0.0830914
0.0972535
0.11262
0.12528
0.134005
0.139258
0.142054
0.143373
0.143923
0.143923
0
0.00205265
0.00640605
0.014585
0.0281696
0.0478806
0.0718054
0.0938552
0.107102
0.111613
0.116123
0.12937
0.15142
0.175344
0.195055
0.20864
0.216819
0.221172
0.223225
0.224083
0.224083
0
0.00269066
0.00839718
0.0191183
0.0369253
0.0627628
0.094124
0.123027
0.140392
0.146304
0.152216
0.169581
0.198484
0.229845
0.255682
0.273489
0.284211
0.289917
0.292608
0.293732
0.293732
0
0.00309486
0.00965863
0.0219903
0.0424723
0.0721913
0.108264
0.141509
0.161482
0.168282
0.175082
0.195056
0.228301
0.264373
0.294092
0.314574
0.326906
0.33347
0.336564
0.337857
0.337857
0
0.00327973
0.0102356
0.0233039
0.0450094
0.0765035
0.114731
0.149962
0.171128
0.178334
0.185541
0.206707
0.241938
0.280165
0.311659
0.333365
0.346433
0.353389
0.356669
0.358039
0.358039
0
0.00333979
0.010423
0.0237306
0.0458337
0.0779046
0.116832
0.152708
0.174262
0.1816
0.188939
0.210492
0.246369
0.285296
0.317367
0.33947
0.352777
0.359861
0.3632
0.364596
0.364596
0
0.00335317
0.0104648
0.0238257
0.0460173
0.0782167
0.1173
0.15332
0.17496
0.182328
0.189696
0.211336
0.247356
0.286439
0.318639
0.34083
0.354191
0.361303
0.364656
0.366057
0.366057
0
0.00335317
0.0104648
0.0238257
0.0460173
0.0782167
0.1173
0.15332
0.17496
0.182328
0.189696
0.211336
0.247356
0.286439
0.318639
0.34083
0.354191
0.361303
0.364656
0.366057
0.366057
0
0.00333979
0.010423
0.0237306
0.0458337
0.0779046
0.116832
0.152708
0.174262
0.1816
0.188939
0.210492
0.246369
0.285296
0.317367
0.33947
0.352777
0.359861
0.3632
0.364596
0.364596
0
0.00327973
0.0102356
0.0233039
0.0450094
0.0765035
0.114731
0.149962
0.171128
0.178334
0.185541
0.206707
0.241938
0.280165
0.311659
0.333365
0.346433
0.353389
0.356669
0.358039
0.358039
0
0.00309486
0.00965863
0.0219903
0.0424723
0.0721913
0.108264
0.141509
0.161482
0.168282
0.175082
0.195056
0.228301
0.264373
0.294092
0.314574
0.326906
0.33347
0.336564
0.337857
0.337857
0
0.00269066
0.00839718
0.0191183
0.0369253
0.0627628
0.094124
0.123027
0.140392
0.146304
0.152216
0.169581
0.198484
0.229845
0.255682
0.273489
0.284211
0.289917
0.292608
0.293732
0.293732
0
0.00205265
0.00640605
0.014585
0.0281696
0.0478806
0.0718054
0.0938552
0.107102
0.111613
0.116123
0.12937
0.15142
0.175344
0.195055
0.20864
0.216819
0.221172
0.223225
0.224083
0.224083
0
0.00131838
0.00411447
0.00936762
0.0180927
0.0307527
0.0461191
0.0602812
0.0687895
0.0716863
0.0745831
0.0830914
0.0972535
0.11262
0.12528
0.134005
0.139258
0.142054
0.143373
0.143923
0.143923
0
0.000694978
0.00216893
0.00493811
0.00953754
0.0162112
0.0243115
0.0317771
0.0362622
0.0377892
0.0393163
0.0438014
0.0512669
0.0593673
0.066041
0.0706404
0.0734096
0.0748835
0.0755785
0.0758688
0.0758688
0
0.000297689
0.000929046
0.0021152
0.00408533
0.00694394
0.0104137
0.0136115
0.0155327
0.0161867
0.0168408
0.018762
0.0219598
0.0254295
0.0282881
0.0302583
0.0314444
0.0320758
0.0323735
0.0324978
0.0324978
0
0.000103572
0.000323233
0.000735921
0.00142137
0.00241593
0.00362312
0.0047357
0.00540411
0.00563168
0.00585926
0.00652767
0.00764025
0.00884744
0.009842
0.0105274
0.0109401
0.0111598
0.0112634
0.0113066
0.0113066
0
5.66184e-05
0.000176698
0.000402298
0.000777004
0.00132069
0.00198061
0.00258881
0.00295421
0.00307861
0.00320302
0.00356841
0.00417661
0.00483653
0.00538022
0.00575493
0.00598053
0.00610061
0.00615722
0.00618088
0.00618088
0
0
0
0
0
0
0
0
0
0
0
0
0
0
0
0
0
0
0
0
0
0
0.000156926
0.000489744
0.00111502
0.00215357
0.00366048
0.00548954
0.00717525
0.00818799
0.0085328
0.0088776
0.00989035
0.0115761
0.0134051
0.014912
0.0159506
0.0165759
0.0169087
0.0170656
0.0171312
0.0171312
0
0.000366356
0.00114335
0.00260311
0.00502769
0.00854568
0.0128158
0.0167512
0.0191155
0.0199205
0.0207255
0.0230898
0.0270252
0.0312953
0.0348133
0.0372379
0.0386977
0.0394746
0.039841
0.0399941
0.0399941
0
0.000694978
0.00216893
0.00493811
0.00953754
0.0162112
0.0243115
0.0317771
0.0362622
0.0377892
0.0393163
0.0438014
0.0512669
0.0593673
0.066041
0.0706404
0.0734096
0.0748835
0.0755785
0.0758688
0.0758688
0
0.00108205
0.00337693
0.00768843
0.0148495
0.0252401
0.037852
0.0494755
0.0564587
0.0588362
0.0612137
0.0681969
0.0798204
0.0924323
0.102823
0.109984
0.114296
0.11659
0.117672
0.118125
0.118125
0
0.00141837
0.00442655
0.0100781
0.0194651
0.0330852
0.0496172
0.0648535
0.0740072
0.0771237
0.0802402
0.0893939
0.10463
0.121162
0.134782
0.144169
0.149821
0.152829
0.154247
0.15484
0.15484
0
0.00163145
0.00509152
0.0115921
0.0223892
0.0380554
0.0570709
0.074596
0.0851248
0.0887095
0.0922942
0.102823
0.120348
0.139364
0.15503
0.165827
0.172327
0.175788
0.177419
0.178101
0.178101
0
0.0017289
0.00539566
0.0122846
0.0237266
0.0403286
0.0604799
0.0790519
0.0902096
0.0940084
0.0978072
0.108965
0.127537
0.147688
0.16429
0.175732
0.182621
0.186288
0.188017
0.188739
0.188739
0
0.00176056
0.00549447
0.0125095
0.0241611
0.0410672
0.0615875
0.0804996
0.0918617
0.0957301
0.0995984
0.110961
0.129873
0.150393
0.167299
0.178951
0.185966
0.1897
0.19146
0.192196
0.192196
0
0.00176762
0.00551649
0.0125597
0.0242579
0.0412317
0.0618343
0.0808222
0.0922298
0.0961137
0.0999975
0.111405
0.130393
0.150996
0.167969
0.179668
0.186711
0.19046
0.192227
0.192966
0.192966
0
0.00176762
0.00551649
0.0125597
0.0242579
0.0412317
0.0618343
0.0808222
0.0922298
0.0961137
0.0999975
0.111405
0.130393
0.150996
0.167969
0.179668
0.186711
0.19046
0.192227
0.192966
0.192966
0
0.00176056
0.00549447
0.0125095
0.0241611
0.0410672
0.0615875
0.0804996
0.0918617
0.0957301
0.0995984
0.110961
0.129873
0.150393
0.167299
0.178951
0.185966
0.1897
0.19146
0.192196
0.192196
0
0.0017289
0.00539566
0.0122846
0.0237266
0.0403286
0.0604799
0.0790519
0.0902096
0.0940084
0.0978072
0.108965
0.127537
0.147688
0.16429
0.175732
0.182621
0.186288
0.188017
0.188739
0.188739
0
0.00163145
0.00509152
0.0115921
0.0223892
0.0380554
0.0570709
0.074596
0.0851248
0.0887095
0.0922942
0.102823
0.120348
0.139364
0.15503
0.165827
0.172327
0.175788
0.177419
0.178101
0.178101
0
0.00141837
0.00442655
0.0100781
0.0194651
0.0330852
0.0496172
0.0648535
0.0740072
0.0771237
0.0802402
0.0893939
0.10463
0.121162
0.134782
0.144169
0.149821
0.152829
0.154247
0.15484
0.15484
0
0.00108205
0.00337693
0.00768843
0.0148495
0.0252401
0.037852
0.0494755
0.0564587
0.0588362
0.0612137
0.0681969
0.0798204
0.0924323
0.102823
0.109984
0.114296
0.11659
0.117672
0.118125
0.118125
0
0.000694978
0.00216893
0.00493811
0.00953754
0.0162112
0.0243115
0.0317771
0.0362622
0.0377892
0.0393163
0.0438014
0.0512669
0.0593673
0.066041
0.0706404
0.0734096
0.0748835
0.0755785
0.0758688
0.0758688
0
0.000366356
0.00114335
0.00260311
0.00502769
0.00854568
0.0128158
0.0167512
0.0191155
0.0199205
0.0207255
0.0230898
0.0270252
0.0312953
0.0348133
0.0372379
0.0386977
0.0394746
0.039841
0.0399941
0.0399941
0
0.000156926
0.000489744
0.00111502
0.00215357
0.00366048
0.00548954
0.00717525
0.00818799
0.0085328
0.0088776
0.00989035
0.0115761
0.0134051
0.014912
0.0159506
0.0165759
0.0169087
0.0170656
0.0171312
0.0171312
0
5.45976e-05
0.000170391
0.000387939
0.00074927
0.00127355
0.00190992
0.00249641
0.00284876
0.00296873
0.00308869
0.00344105
0.00402754
0.0046639
0.00518818
0.00554952
0.00576706
0.00588286
0.00593746
0.00596026
0.00596026
0
2.98463e-05
9.31461e-05
0.00021207
0.000409595
0.000696199
0.00104407
0.00136468
0.0015573
0.00162288
0.00168846
0.00188108
0.00220169
0.00254956
0.00283617
0.00303369
0.00315262
0.00321592
0.00324576
0.00325823
0.00325823
0
0
0
0
0
0
0
0
0
0
0
0
0
0
0
0
0
0
0
0
0
0
6.7218e-05
0.000209778
0.000477612
0.000922467
0.00156794
0.0023514
0.00307346
0.00350727
0.00365496
0.00380265
0.00423646
0.00495852
0.00574198
0.00638745
0.00683231
0.00710014
0.0072427
0.00730992
0.007338
0.007338
0
0.000156926
0.000489744
0.00111502
0.00215357
0.00366048
0.00548954
0.00717525
0.00818799
0.0085328
0.0088776
0.00989035
0.0115761
0.0134051
0.014912
0.0159506
0.0165759
0.0169087
0.0170656
0.0171312
0.0171312
0
0.000297689
0.000929046
0.0021152
0.00408533
0.00694394
0.0104137
0.0136115
0.0155327
0.0161867
0.0168408
0.018762
0.0219598
0.0254295
0.0282881
0.0302583
0.0314444
0.0320758
0.0323735
0.0324978
0.0324978
0
0.000463489
0.00144648
0.00329328
0.00636069
0.0108114
0.0162136
0.0211925
0.0241837
0.0252021
0.0262205
0.0292117
0.0341905
0.0395927
0.0440434
0.0471108
0.0489576
0.0499406
0.0504041
0.0505978
0.0505978
0
0.00060755
0.00189608
0.0043169
0.00833772
0.0141718
0.0212532
0.0277795
0.0317004
0.0330354
0.0343703
0.0382912
0.0448176
0.0518989
0.057733
0.0617538
0.0641746
0.0654632
0.0660707
0.0663245
0.0663245
0
0.000698818
0.00218092
0.0049654
0.00959024
0.0163008
0.0244459
0.0319526
0.0364626
0.0379981
0.0395335
0.0440435
0.0515502
0.0596953
0.0664059
0.0710307
0.0738152
0.0752973
0.0759961
0.0762881
0.0762881
0
0.000740561
0.00231119
0.005262
0.0101631
0.0172745
0.0259061
0.0338613
0.0386406
0.0402678
0.041895
0.0466743
0.0546295
0.0632612
0.0703725
0.0752736
0.0782244
0.0797951
0.0805356
0.080845
0.080845
0
0.000754124
0.00235352
0.00535837
0.0103492
0.0175908
0.0263806
0.0344814
0.0393483
0.0410053
0.0426623
0.0475291
0.05563
0.0644197
0.0716613
0.0766522
0.079657
0.0812564
0.0820105
0.0823256
0.0823256
0
0.000757145
0.00236295
0.00537984
0.0103907
0.0176613
0.0264863
0.0346196
0.039506
0.0411696
0.0428332
0.0477196
0.0558529
0.0646778
0.0719485
0.0769593
0.0799762
0.081582
0.0823392
0.0826555
0.0826555
0
0.000757145
0.00236295
0.00537984
0.0103907
0.0176613
0.0264863
0.0346196
0.039506
0.0411696
0.0428332
0.0477196
0.0558529
0.0646778
0.0719485
0.0769593
0.0799762
0.081582
0.0823392
0.0826555
0.0826555
0
0.000754124
0.00235352
0.00535837
0.0103492
0.0175908
0.0263806
0.0344814
0.0393483
0.0410053
0.0426623
0.0475291
0.05563
0.0644197
0.0716613
0.0766522
0.079657
0.0812564
0.0820105
0.0823256
0.0823256
0
0.000740561
0.00231119
0.005262
0.0101631
0.0172745
0.0259061
0.0338613
0.0386406
0.0402678
0.041895
0.0466743
0.0546295
0.0632612
0.0703725
0.0752736
0.0782244
0.0797951
0.0805356
0.080845
0.080845
0
0.000698818
0.00218092
0.0049654
0.00959024
0.0163008
0.0244459
0.0319526
0.0364626
0.0379981
0.0395335
0.0440435
0.0515502
0.0596953
0.0664059
0.0710307
0.0738152
0.0752973
0.0759961
0.0762881
0.0762881
0
0.00060755
0.00189608
0.0043169
0.00833772
0.0141718
0.0212532
0.0277795
0.0317004
0.0330354
0.0343703
0.0382912
0.0448176
0.0518989
0.057733
0.0617538
0.0641746
0.0654632
0.0660707
0.0663245
0.0663245
0
0.000463489
0.00144648
0.00329328
0.00636069
0.0108114
0.0162136
0.0211925
0.0241837
0.0252021
0.0262205
0.0292117
0.0341905
0.0395927
0.0440434
0.0471108
0.0489576
0.0499406
0.0504041
0.0505978
0.0505978
0
0.000297689
0.000929046
0.0021152
0.00408533
0.00694394
0.0104137
0.0136115
0.0155327
0.0161867
0.0168408
0.018762
0.0219598
0.0254295
0.0282881
0.0302583
0.0314444
0.0320758
0.0323735
0.0324978
0.0324978
0
0.000156926
0.000489744
0.00111502
0.00215357
0.00366048
0.00548954
0.00717525
0.00818799
0.0085328
0.0088776
0.00989035
0.0115761
0.0134051
0.014912
0.0159506
0.0165759
0.0169087
0.0170656
0.0171312
0.0171312
0
6.7218e-05
0.000209778
0.000477612
0.000922467
0.00156794
0.0023514
0.00307346
0.00350727
0.00365496
0.00380265
0.00423646
0.00495852
0.00574198
0.00638745
0.00683231
0.00710014
0.0072427
0.00730992
0.007338
0.007338
0
2.33865e-05
7.29859e-05
0.000166171
0.000320944
0.000545517
0.000818099
0.00106932
0.00122025
0.00127163
0.00132302
0.00147395
0.00172517
0.00199775
0.00222232
0.00237709
0.00247028
0.00251988
0.00254326
0.00255303
0.00255303
0
1.27844e-05
3.98984e-05
9.08387e-05
0.000175447
0.000298212
0.000447221
0.000584553
0.000667059
0.000695149
0.00072324
0.000805746
0.000943078
0.00109209
0.00121485
0.00129946
0.0013504
0.00137751
0.0013903
0.00139564
0.00139564
0
0
0
0
0
0
0
0
0
0
0
0
0
0
0
0
0
0
0
0
0
0
2.33865e-05
7.29859e-05
0.000166171
0.000320944
0.000545517
0.000818099
0.00106932
0.00122025
0.00127163
0.00132302
0.00147395
0.00172517
0.00199775
0.00222232
0.00237709
0.00247028
0.00251988
0.00254326
0.00255303
0.00255303
0
5.45976e-05
0.000170391
0.000387939
0.00074927
0.00127355
0.00190992
0.00249641
0.00284876
0.00296873
0.00308869
0.00344105
0.00402754
0.0046639
0.00518818
0.00554952
0.00576706
0.00588286
0.00593746
0.00596026
0.00596026
0
0.000103572
0.000323233
0.000735921
0.00142137
0.00241593
0.00362312
0.0047357
0.00540411
0.00563168
0.00585926
0.00652767
0.00764025
0.00884744
0.009842
0.0105274
0.0109401
0.0111598
0.0112634
0.0113066
0.0113066
0
0.000161257
0.00050326
0.0011458
0.00221301
0.0037615
0.00564104
0.00737327
0.00841397
0.00876829
0.00912261
0.0101633
0.0118955
0.0137751
0.0153236
0.0163908
0.0170333
0.0173753
0.0175366
0.017604
0.017604
0
0.000211379
0.000659683
0.00150193
0.00290086
0.00493065
0.00739439
0.00966504
0.0110292
0.0114937
0.0119581
0.0133223
0.0155929
0.0180566
0.0200864
0.0214854
0.0223276
0.0227759
0.0229873
0.0230756
0.0230756
0
0.000243133
0.000758783
0.00172756
0.00333663
0.00567135
0.0085052
0.011117
0.012686
0.0132203
0.0137545
0.0153236
0.0179353
0.0207692
0.0231039
0.024713
0.0256818
0.0261974
0.0264405
0.0265421
0.0265421
0
0.000257656
0.000804108
0.00183075
0.00353594
0.00601012
0.00901325
0.011781
0.0134438
0.01401
0.0145761
0.0162389
0.0190067
0.0220098
0.024484
0.0261892
0.0272158
0.0277623
0.0280199
0.0281276
0.0281276
0
0.000262374
0.000818834
0.00186428
0.0036007
0.00612019
0.00917831
0.0119968
0.01369
0.0142665
0.014843
0.0165363
0.0193548
0.0224129
0.0249324
0.0266688
0.0277142
0.0282707
0.0285331
0.0286427
0.0286427
0
0.000263426
0.000822116
0.00187175
0.00361513
0.00614472
0.00921509
0.0120448
0.0137449
0.0143237
0.0149025
0.0166026
0.0194323
0.0225027
0.0250323
0.0267757
0.0278253
0.028384
0.0286474
0.0287575
0.0287575
0
0.000263426
0.000822116
0.00187175
0.00361513
0.00614472
0.00921509
0.0120448
0.0137449
0.0143237
0.0149025
0.0166026
0.0194323
0.0225027
0.0250323
0.0267757
0.0278253
0.028384
0.0286474
0.0287575
0.0287575
0
0.000262374
0.000818834
0.00186428
0.0036007
0.00612019
0.00917831
0.0119968
0.01369
0.0142665
0.014843
0.0165363
0.0193548
0.0224129
0.0249324
0.0266688
0.0277142
0.0282707
0.0285331
0.0286427
0.0286427
0
0.000257656
0.000804108
0.00183075
0.00353594
0.00601012
0.00901325
0.011781
0.0134438
0.01401
0.0145761
0.0162389
0.0190067
0.0220098
0.024484
0.0261892
0.0272158
0.0277623
0.0280199
0.0281276
0.0281276
0
0.000243133
0.000758783
0.00172756
0.00333663
0.00567135
0.0085052
0.011117
0.012686
0.0132203
0.0137545
0.0153236
0.0179353
0.0207692
0.0231039
0.024713
0.0256818
0.0261974
0.0264405
0.0265421
0.0265421
0
0.000211379
0.000659683
0.00150193
0.00290086
0.00493065
0.00739439
0.00966504
0.0110292
0.0114937
0.0119581
0.0133223
0.0155929
0.0180566
0.0200864
0.0214854
0.0223276
0.0227759
0.0229873
0.0230756
0.0230756
0
0.000161257
0.00050326
0.0011458
0.00221301
0.0037615
0.00564104
0.00737327
0.00841397
0.00876829
0.00912261
0.0101633
0.0118955
0.0137751
0.0153236
0.0163908
0.0170333
0.0173753
0.0175366
0.017604
0.017604
0
0.000103572
0.000323233
0.000735921
0.00142137
0.00241593
0.00362312
0.0047357
0.00540411
0.00563168
0.00585926
0.00652767
0.00764025
0.00884744
0.009842
0.0105274
0.0109401
0.0111598
0.0112634
0.0113066
0.0113066
0
5.45976e-05
0.000170391
0.000387939
0.00074927
0.00127355
0.00190992
0.00249641
0.00284876
0.00296873
0.00308869
0.00344105
0.00402754
0.0046639
0.00518818
0.00554952
0.00576706
0.00588286
0.00593746
0.00596026
0.00596026
0
2.33865e-05
7.29859e-05
0.000166171
0.000320944
0.000545517
0.000818099
0.00106932
0.00122025
0.00127163
0.00132302
0.00147395
0.00172517
0.00199775
0.00222232
0.00237709
0.00247028
0.00251988
0.00254326
0.00255303
0.00255303
0
8.13661e-06
2.53932e-05
5.78141e-05
0.000111663
0.000189796
0.000284633
0.000372037
0.000424548
0.000442426
0.000460304
0.000512815
0.000600219
0.000695056
0.000773189
0.000827038
0.000859458
0.000876715
0.000884852
0.000888251
0.000888251
0
4.44795e-06
1.38814e-05
3.16046e-05
6.10415e-05
0.000103754
0.000155597
0.000203377
0.000232083
0.000241856
0.000251629
0.000280335
0.000328115
0.000379959
0.000422671
0.000452108
0.000469831
0.000479264
0.000483712
0.00048557
0.00048557
0
0
0
0
0
0
0
0
0
0
0
0
0
0
0
0
0
0
0
0
0
0
1.27844e-05
3.98984e-05
9.08387e-05
0.000175447
0.000298212
0.000447221
0.000584553
0.000667059
0.000695149
0.00072324
0.000805746
0.000943078
0.00109209
0.00121485
0.00129946
0.0013504
0.00137751
0.0013903
0.00139564
0.00139564
0
2.98463e-05
9.31461e-05
0.00021207
0.000409595
0.000696199
0.00104407
0.00136468
0.0015573
0.00162288
0.00168846
0.00188108
0.00220169
0.00254956
0.00283617
0.00303369
0.00315262
0.00321592
0.00324576
0.00325823
0.00325823
0
5.66184e-05
0.000176698
0.000402298
0.000777004
0.00132069
0.00198061
0.00258881
0.00295421
0.00307861
0.00320302
0.00356841
0.00417661
0.00483653
0.00538022
0.00575493
0.00598053
0.00610061
0.00615722
0.00618088
0.00618088
0
8.81525e-05
0.000275112
0.000626361
0.00120976
0.00205626
0.00308373
0.00403067
0.00459957
0.00479327
0.00498696
0.00555586
0.00650281
0.00753027
0.00837677
0.00896017
0.00931142
0.00949838
0.00958653
0.00962336
0.00962336
0
0.000115552
0.000360622
0.000821046
0.00158578
0.00269539
0.00404221
0.00528348
0.00602921
0.00628311
0.006537
0.00728274
0.00852401
0.00987083
0.0109804
0.0117452
0.0122056
0.0124507
0.0125662
0.0126145
0.0126145
0
0.000132911
0.000414796
0.000944387
0.001824
0.0031003
0.00464945
0.00607718
0.00693494
0.00722698
0.00751902
0.00837678
0.00980451
0.0113537
0.01263
0.0135096
0.0140392
0.014321
0.014454
0.0145095
0.0145095
0
0.00014085
0.000439573
0.0010008
0.00193295
0.00328549
0.00492717
0.0064402
0.00734919
0.00765867
0.00796815
0.00887715
0.0103902
0.0120319
0.0133844
0.0143165
0.0148778
0.0151765
0.0153173
0.0153762
0.0153762
0
0.000143429
0.000447623
0.00101913
0.00196835
0.00334566
0.00501741
0.00655814
0.00748378
0.00779893
0.00811408
0.00903973
0.0105805
0.0122522
0.0136295
0.0145787
0.0151502
0.0154544
0.0155979
0.0156578
0.0156578
0
0.000144004
0.000449417
0.00102321
0.00197624
0.00335907
0.00503751
0.00658442
0.00751377
0.00783018
0.00814659
0.00907595
0.0106229
0.0123013
0.0136841
0.0146372
0.015211
0.0155164
0.0156604
0.0157205
0.0157205
0
0.000144004
0.000449417
0.00102321
0.00197624
0.00335907
0.00503751
0.00658442
0.00751377
0.00783018
0.00814659
0.00907595
0.0106229
0.0123013
0.0136841
0.0146372
0.015211
0.0155164
0.0156604
0.0157205
0.0157205
0
0.000143429
0.000447623
0.00101913
0.00196835
0.00334566
0.00501741
0.00655814
0.00748378
0.00779893
0.00811408
0.00903973
0.0105805
0.0122522
0.0136295
0.0145787
0.0151502
0.0154544
0.0155979
0.0156578
0.0156578
0
0.00014085
0.000439573
0.0010008
0.00193295
0.00328549
0.00492717
0.0064402
0.00734919
0.00765867
0.00796815
0.00887715
0.0103902
0.0120319
0.0133844
0.0143165
0.0148778
0.0151765
0.0153173
0.0153762
0.0153762
0
0.000132911
0.000414796
0.000944387
0.001824
0.0031003
0.00464945
0.00607718
0.00693494
0.00722698
0.00751902
0.00837678
0.00980451
0.0113537
0.01263
0.0135096
0.0140392
0.014321
0.014454
0.0145095
0.0145095
0
0.000115552
0.000360622
0.000821046
0.00158578
0.00269539
0.00404221
0.00528348
0.00602921
0.00628311
0.006537
0.00728274
0.00852401
0.00987083
0.0109804
0.0117452
0.0122056
0.0124507
0.0125662
0.0126145
0.0126145
0
8.81525e-05
0.000275112
0.000626361
0.00120976
0.00205626
0.00308373
0.00403067
0.00459957
0.00479327
0.00498696
0.00555586
0.00650281
0.00753027
0.00837677
0.00896017
0.00931142
0.00949838
0.00958653
0.00962336
0.00962336
0
5.66184e-05
0.000176698
0.000402298
0.000777004
0.00132069
0.00198061
0.00258881
0.00295421
0.00307861
0.00320302
0.00356841
0.00417661
0.00483653
0.00538022
0.00575493
0.00598053
0.00610061
0.00615722
0.00618088
0.00618088
0
2.98463e-05
9.31461e-05
0.00021207
0.000409595
0.000696199
0.00104407
0.00136468
0.0015573
0.00162288
0.00168846
0.00188108
0.00220169
0.00254956
0.00283617
0.00303369
0.00315262
0.00321592
0.00324576
0.00325823
0.00325823
0
1.27844e-05
3.98984e-05
9.08387e-05
0.000175447
0.000298212
0.000447221
0.000584553
0.000667059
0.000695149
0.00072324
0.000805746
0.000943078
0.00109209
0.00121485
0.00129946
0.0013504
0.00137751
0.0013903
0.00139564
0.00139564
0
4.44795e-06
1.38814e-05
3.16046e-05
6.10415e-05
0.000103754
0.000155597
0.000203377
0.000232083
0.000241856
0.000251629
0.000280335
0.000328115
0.000379959
0.000422671
0.000452108
0.000469831
0.000479264
0.000483712
0.00048557
0.00048557
0
2.43151e-06
7.58842e-06
1.72769e-05
3.33689e-05
5.67179e-05
8.50586e-05
0.000111178
0.00012687
0.000132213
0.000137555
0.000153248
0.000179367
0.000207708
0.000231057
0.000247149
0.000256837
0.000261994
0.000264426
0.000265442
0.000265442
