3.39922e-06
1.15358e-05
2.87925e-05
6.12133e-05
0.000115062
0.000193195
0.000288032
0.000375436
0.000427947
0.000445825
0.000463703
0.000516214
0.000603618
0.000698455
0.000776588
0.000830437
0.000862858
0.000880114
0.000888251
0.00089165
0.00089165
9.77012e-06
3.31566e-05
8.2756e-05
0.000175941
0.000330714
0.000555287
0.000827869
0.00107909
0.00123002
0.0012814
0.00133279
0.00148372
0.00173494
0.00200752
0.00223209
0.00238686
0.00248005
0.00252965
0.00255303
0.0025628
0.0025628
2.28091e-05
7.74067e-05
0.000193201
0.000410748
0.000772079
0.00129636
0.00193273
0.00251922
0.00287157
0.00299154
0.0031115
0.00346385
0.00405035
0.00468671
0.00521099
0.00557233
0.00578987
0.00590567
0.00596026
0.00598307
0.00598307
4.3269e-05
0.000146841
0.000366502
0.00077919
0.00146464
0.0024592
0.00366639
0.00477896
0.00544738
0.00567495
0.00590253
0.00657094
0.00768352
0.00889071
0.00988527
0.0105707
0.0109834
0.0112031
0.0113066
0.0113499
0.0113499
6.73679e-05
0.000228625
0.000570628
0.00121317
0.00228038
0.00382887
0.00570841
0.00744064
0.00848134
0.00883566
0.00918998
0.0102307
0.0119629
0.0138424
0.0153909
0.0164582
0.0171007
0.0174427
0.017604
0.0176713
0.0176713
8.83072e-05
0.000299686
0.000747991
0.00159024
0.00298916
0.00501896
0.0074827
0.00975334
0.0111175
0.011582
0.0120464
0.0134106
0.0156812
0.018145
0.0201748
0.0215737
0.0224159
0.0228642
0.0230756
0.0231639
0.0231639
0.000101573
0.000344706
0.000860356
0.00182913
0.00343821
0.00577293
0.00860677
0.0112185
0.0127876
0.0133218
0.0138561
0.0154252
0.0180369
0.0208708
0.0232055
0.0248145
0.0257833
0.026299
0.0265421
0.0266437
0.0266437
0.00010764
0.000365296
0.000911749
0.00193839
0.00364358
0.00611777
0.00912089
0.0118886
0.0135515
0.0141176
0.0146837
0.0163466
0.0191143
0.0221174
0.0245916
0.0262968
0.0273235
0.0278699
0.0281276
0.0282352
0.0282352
0.000109612
0.000371986
0.000928446
0.00197389
0.00371031
0.0062298
0.00928793
0.0121064
0.0137997
0.0143761
0.0149526
0.0166459
0.0194644
0.0225225
0.025042
0.0267784
0.0278238
0.0283803
0.0286427
0.0287523
0.0287523
0.000110051
0.000373477
0.000932167
0.0019818
0.00372518
0.00625477
0.00932514
0.0121549
0.0138549
0.0144338
0.0150126
0.0167126
0.0195424
0.0226127
0.0251423
0.0268857
0.0279353
0.028494
0.0287575
0.0288675
0.0288675
0.000110051
0.000373477
0.000932167
0.0019818
0.00372518
0.00625477
0.00932514
0.0121549
0.0138549
0.0144338
0.0150126
0.0167126
0.0195424
0.0226127
0.0251423
0.0268857
0.0279353
0.028494
0.0287575
0.0288675
0.0288675
0.000109612
0.000371986
0.000928446
0.00197389
0.00371031
0.0062298
0.00928793
0.0121064
0.0137997
0.0143761
0.0149526
0.0166459
0.0194644
0.0225225
0.025042
0.0267784
0.0278238
0.0283803
0.0286427
0.0287523
0.0287523
0.00010764
0.000365296
0.000911749
0.00193839
0.00364358
0.00611777
0.00912089
0.0118886
0.0135515
0.0141176
0.0146837
0.0163466
0.0191143
0.0221174
0.0245916
0.0262968
0.0273235
0.0278699
0.0281276
0.0282352
0.0282352
0.000101573
0.000344706
0.000860356
0.00182913
0.00343821
0.00577293
0.00860677
0.0112185
0.0127876
0.0133218
0.0138561
0.0154252
0.0180369
0.0208708
0.0232055
0.0248145
0.0257833
0.026299
0.0265421
0.0266437
0.0266437
8.83072e-05
0.000299686
0.000747991
0.00159024
0.00298916
0.00501896
0.0074827
0.00975334
0.0111175
0.011582
0.0120464
0.0134106
0.0156812
0.018145
0.0201748
0.0215737
0.0224159
0.0228642
0.0230756
0.0231639
0.0231639
6.73679e-05
0.000228625
0.000570628
0.00121317
0.00228038
0.00382887
0.00570841
0.00744064
0.00848134
0.00883566
0.00918998
0.0102307
0.0119629
0.0138424
0.0153909
0.0164582
0.0171007
0.0174427
0.017604
0.0176713
0.0176713
4.3269e-05
0.000146841
0.000366502
0.00077919
0.00146464
0.0024592
0.00366639
0.00477896
0.00544738
0.00567495
0.00590253
0.00657094
0.00768352
0.00889071
0.00988527
0.0105707
0.0109834
0.0112031
0.0113066
0.0113499
0.0113499
2.28091e-05
7.74067e-05
0.000193201
0.000410748
0.000772079
0.00129636
0.00193273
0.00251922
0.00287157
0.00299154
0.0031115
0.00346385
0.00405035
0.00468671
0.00521099
0.00557233
0.00578987
0.00590567
0.00596026
0.00598307
0.00598307
9.77012e-06
3.31566e-05
8.2756e-05
0.000175941
0.000330714
0.000555287
0.000827869
0.00107909
0.00123002
0.0012814
0.00133279
0.00148372
0.00173494
0.00200752
0.00223209
0.00238686
0.00248005
0.00252965
0.00255303
0.0025628
0.0025628
3.39922e-06
1.15358e-05
2.87925e-05
6.12133e-05
0.000115062
0.000193195
0.000288032
0.000375436
0.000427947
0.000445825
0.000463703
0.000516214
0.000603618
0.000698455
0.000776588
0.000830437
0.000862858
0.000880114
0.000888251
0.00089165
0.00089165
1.85821e-06
6.30616e-06
1.57397e-05
3.34628e-05
6.28997e-05
0.000105612
0.000157455
0.000205236
0.000233941
0.000243714
0.000253488
0.000282193
0.000329973
0.000381817
0.000424529
0.000453966
0.000471689
0.000481122
0.00048557
0.000487429
0.000487429
9.77012e-06
3.31566e-05
8.2756e-05
0.000175941
0.000330714
0.000555287
0.000827869
0.00107909
0.00123002
0.0012814
0.00133279
0.00148372
0.00173494
0.00200752
0.00223209
0.00238686
0.00248005
0.00252965
0.00255303
0.0025628
0.0025628
2.80815e-05
9.52995e-05
0.00023786
0.000505694
0.000950548
0.00159602
0.00237948
0.00310155
0.00353535
0.00368304
0.00383074
0.00426454
0.0049866
0.00577006
0.00641554
0.00686039
0.00712822
0.00727078
0.007338
0.00736608
0.00736608
6.55586e-05
0.000222484
0.000555302
0.00118058
0.00221913
0.00372604
0.0055551
0.00724081
0.00825355
0.00859836
0.00894316
0.00995591
0.0116416
0.0134707
0.0149776
0.0160161
0.0166414
0.0169742
0.0171312
0.0171967
0.0171967
0.000124365
0.000422054
0.00105341
0.00223957
0.0042097
0.00706831
0.010538
0.0137358
0.015657
0.0163111
0.0169652
0.0188864
0.0220842
0.0255539
0.0284125
0.0303826
0.0315688
0.0322002
0.0324978
0.0326222
0.0326222
0.000193631
0.000657119
0.00164011
0.00348691
0.00655432
0.011005
0.0164073
0.0213861
0.0243773
0.0253957
0.0264141
0.0294053
0.0343841
0.0397863
0.0442371
0.0473045
0.0491513
0.0501343
0.0505978
0.0507914
0.0507914
0.000253815
0.000861365
0.0021499
0.00457072
0.00859153
0.0144256
0.021507
0.0280333
0.0319542
0.0332892
0.0346241
0.038545
0.0450714
0.0521527
0.0579868
0.0620076
0.0644285
0.065717
0.0663245
0.0665784
0.0665784
0.000291944
0.000990762
0.00247286
0.00525734
0.00988218
0.0165927
0.0247378
0.0322446
0.0367545
0.03829
0.0398255
0.0443354
0.0518422
0.0599873
0.0666978
0.0713227
0.0741071
0.0755892
0.0762881
0.07658
0.07658
0.000309383
0.00104994
0.00262057
0.00557138
0.0104725
0.0175838
0.0262155
0.0341707
0.03895
0.0405772
0.0422044
0.0469837
0.0549389
0.0635705
0.0706819
0.075583
0.0785338
0.0801044
0.080845
0.0811544
0.0811544
0.000315049
0.00106917
0.00266857
0.00567342
0.0106643
0.0179059
0.0266956
0.0347965
0.0396633
0.0413203
0.0429773
0.0478442
0.055945
0.0647348
0.0719764
0.0769672
0.0799721
0.0815715
0.0823256
0.0826406
0.0826406
0.000316311
0.00107346
0.00267926
0.00569615
0.010707
0.0179776
0.0268026
0.0349359
0.0398223
0.0414859
0.0431495
0.0480359
0.0561692
0.0649942
0.0722648
0.0772756
0.0802925
0.0818983
0.0826555
0.0829718
0.0829718
0.000316311
0.00107346
0.00267926
0.00569615
0.010707
0.0179776
0.0268026
0.0349359
0.0398223
0.0414859
0.0431495
0.0480359
0.0561692
0.0649942
0.0722648
0.0772756
0.0802925
0.0818983
0.0826555
0.0829718
0.0829718
0.000315049
0.00106917
0.00266857
0.00567342
0.0106643
0.0179059
0.0266956
0.0347965
0.0396633
0.0413203
0.0429773
0.0478442
0.055945
0.0647348
0.0719764
0.0769672
0.0799721
0.0815715
0.0823256
0.0826406
0.0826406
0.000309383
0.00104994
0.00262057
0.00557138
0.0104725
0.0175838
0.0262155
0.0341707
0.03895
0.0405772
0.0422044
0.0469837
0.0549389
0.0635705
0.0706819
0.075583
0.0785338
0.0801044
0.080845
0.0811544
0.0811544
0.000291944
0.000990762
0.00247286
0.00525734
0.00988218
0.0165927
0.0247378
0.0322446
0.0367545
0.03829
0.0398255
0.0443354
0.0518422
0.0599873
0.0666978
0.0713227
0.0741071
0.0755892
0.0762881
0.07658
0.07658
0.000253815
0.000861365
0.0021499
0.00457072
0.00859153
0.0144256
0.021507
0.0280333
0.0319542
0.0332892
0.0346241
0.038545
0.0450714
0.0521527
0.0579868
0.0620076
0.0644285
0.065717
0.0663245
0.0665784
0.0665784
0.000193631
0.000657119
0.00164011
0.00348691
0.00655432
0.011005
0.0164073
0.0213861
0.0243773
0.0253957
0.0264141
0.0294053
0.0343841
0.0397863
0.0442371
0.0473045
0.0491513
0.0501343
0.0505978
0.0507914
0.0507914
0.000124365
0.000422054
0.00105341
0.00223957
0.0042097
0.00706831
0.010538
0.0137358
0.015657
0.0163111
0.0169652
0.0188864
0.0220842
0.0255539
0.0284125
0.0303826
0.0315688
0.0322002
0.0324978
0.0326222
0.0326222
6.55586e-05
0.000222484
0.000555302
0.00118058
0.00221913
0.00372604
0.0055551
0.00724081
0.00825355
0.00859836
0.00894316
0.00995591
0.0116416
0.0134707
0.0149776
0.0160161
0.0166414
0.0169742
0.0171312
0.0171967
0.0171967
2.80815e-05
9.52995e-05
0.00023786
0.000505694
0.000950548
0.00159602
0.00237948
0.00310155
0.00353535
0.00368304
0.00383074
0.00426454
0.0049866
0.00577006
0.00641554
0.00686039
0.00712822
0.00727078
0.007338
0.00736608
0.00736608
9.77012e-06
3.31566e-05
8.2756e-05
0.000175941
0.000330714
0.000555287
0.000827869
0.00107909
0.00123002
0.0012814
0.00133279
0.00148372
0.00173494
0.00200752
0.00223209
0.00238686
0.00248005
0.00252965
0.00255303
0.0025628
0.0025628
5.34092e-06
1.81253e-05
4.52393e-05
9.61797e-05
0.000180788
0.000303553
0.000452562
0.000589894
0.0006724
0.00070049
0.000728581
0.000811087
0.000948418
0.00109743
0.00122019
0.0013048
0.00135574
0.00138286
0.00139564
0.00140098
0.00140098
2.28091e-05
7.74067e-05
0.000193201
0.000410748
0.000772079
0.00129636
0.00193273
0.00251922
0.00287157
0.00299154
0.0031115
0.00346385
0.00405035
0.00468671
0.00521099
0.00557233
0.00578987
0.00590567
0.00596026
0.00598307
0.00598307
6.55586e-05
0.000222484
0.000555302
0.00118058
0.00221913
0.00372604
0.0055551
0.00724081
0.00825355
0.00859836
0.00894316
0.00995591
0.0116416
0.0134707
0.0149776
0.0160161
0.0166414
0.0169742
0.0171312
0.0171967
0.0171967
0.000153052
0.000519408
0.0012964
0.00275617
0.00518074
0.00869873
0.0129688
0.0169042
0.0192686
0.0200736
0.0208785
0.0232429
0.0271783
0.0314484
0.0349664
0.0373909
0.0388507
0.0396277
0.0399941
0.0401471
0.0401471
0.00029034
0.000985318
0.00245927
0.00522845
0.00982788
0.0165015
0.0246019
0.0320674
0.0365526
0.0380796
0.0396066
0.0440918
0.0515573
0.0596576
0.0663313
0.0709307
0.0736999
0.0751739
0.0758688
0.0761592
0.0761592
0.000452046
0.0015341
0.00382898
0.00814048
0.0153016
0.0256922
0.0383041
0.0499276
0.0569108
0.0592883
0.0616658
0.068649
0.0802725
0.0928844
0.103275
0.110436
0.114748
0.117042
0.118125
0.118577
0.118577
0.000592551
0.00201093
0.0050191
0.0106707
0.0200576
0.0336778
0.0502097
0.065446
0.0745998
0.0777163
0.0808327
0.0899865
0.105223
0.121755
0.135375
0.144762
0.150413
0.153422
0.15484
0.155433
0.155433
0.000681567
0.00231301
0.00577309
0.0122737
0.0230708
0.038737
0.0577524
0.0752776
0.0858064
0.0893911
0.0929757
0.103505
0.12103
0.140045
0.155711
0.166508
0.173009
0.176469
0.178101
0.178782
0.178782
0.000722279
0.00245118
0.00611794
0.0130068
0.0244488
0.0410509
0.0612022
0.0797742
0.0909319
0.0947307
0.0985295
0.109687
0.128259
0.148411
0.165013
0.176455
0.183343
0.18701
0.188739
0.189461
0.189461
0.000735507
0.00249607
0.00622998
0.013245
0.0248966
0.0418027
0.062323
0.0812351
0.0925972
0.0964656
0.100334
0.111696
0.130608
0.151128
0.168035
0.179686
0.186701
0.190435
0.192196
0.192931
0.192931
0.000738454
0.00250607
0.00625494
0.0132981
0.0249964
0.0419702
0.0625728
0.0815607
0.0929683
0.0968521
0.100736
0.112144
0.131132
0.151734
0.168708
0.180406
0.187449
0.191198
0.192966
0.193704
0.193704
0.000738454
0.00250607
0.00625494
0.0132981
0.0249964
0.0419702
0.0625728
0.0815607
0.0929683
0.0968521
0.100736
0.112144
0.131132
0.151734
0.168708
0.180406
0.187449
0.191198
0.192966
0.193704
0.193704
0.000735507
0.00249607
0.00622998
0.013245
0.0248966
0.0418027
0.062323
0.0812351
0.0925972
0.0964656
0.100334
0.111696
0.130608
0.151128
0.168035
0.179686
0.186701
0.190435
0.192196
0.192931
0.192931
0.000722279
0.00245118
0.00611794
0.0130068
0.0244488
0.0410509
0.0612022
0.0797742
0.0909319
0.0947307
0.0985295
0.109687
0.128259
0.148411
0.165013
0.176455
0.183343
0.18701
0.188739
0.189461
0.189461
0.000681567
0.00231301
0.00577309
0.0122737
0.0230708
0.038737
0.0577524
0.0752776
0.0858064
0.0893911
0.0929757
0.103505
0.12103
0.140045
0.155711
0.166508
0.173009
0.176469
0.178101
0.178782
0.178782
0.000592551
0.00201093
0.0050191
0.0106707
0.0200576
0.0336778
0.0502097
0.065446
0.0745998
0.0777163
0.0808327
0.0899865
0.105223
0.121755
0.135375
0.144762
0.150413
0.153422
0.15484
0.155433
0.155433
0.000452046
0.0015341
0.00382898
0.00814048
0.0153016
0.0256922
0.0383041
0.0499276
0.0569108
0.0592883
0.0616658
0.068649
0.0802725
0.0928844
0.103275
0.110436
0.114748
0.117042
0.118125
0.118577
0.118577
0.00029034
0.000985318
0.00245927
0.00522845
0.00982788
0.0165015
0.0246019
0.0320674
0.0365526
0.0380796
0.0396066
0.0440918
0.0515573
0.0596576
0.0663313
0.0709307
0.0736999
0.0751739
0.0758688
0.0761592
0.0761592
0.000153052
0.000519408
0.0012964
0.00275617
0.00518074
0.00869873
0.0129688
0.0169042
0.0192686
0.0200736
0.0208785
0.0232429
0.0271783
0.0314484
0.0349664
0.0373909
0.0388507
0.0396277
0.0399941
0.0401471
0.0401471
6.55586e-05
0.000222484
0.000555302
0.00118058
0.00221913
0.00372604
0.0055551
0.00724081
0.00825355
0.00859836
0.00894316
0.00995591
0.0116416
0.0134707
0.0149776
0.0160161
0.0166414
0.0169742
0.0171312
0.0171967
0.0171967
2.28091e-05
7.74067e-05
0.000193201
0.000410748
0.000772079
0.00129636
0.00193273
0.00251922
0.00287157
0.00299154
0.0031115
0.00346385
0.00405035
0.00468671
0.00521099
0.00557233
0.00578987
0.00590567
0.00596026
0.00598307
0.00598307
1.24688e-05
4.23151e-05
0.000105615
0.000224539
0.000422064
0.000708668
0.00105654
0.00137715
0.00156977
0.00163535
0.00170093
0.00189355
0.00221416
0.00256203
0.00284864
0.00304616
0.00316509
0.00322839
0.00325823
0.0032707
0.0032707
4.3269e-05
0.000146841
0.000366502
0.00077919
0.00146464
0.0024592
0.00366639
0.00477896
0.00544738
0.00567495
0.00590253
0.00657094
0.00768352
0.00889071
0.00988527
0.0105707
0.0109834
0.0112031
0.0113066
0.0113499
0.0113499
0.000124365
0.000422054
0.00105341
0.00223957
0.0042097
0.00706831
0.010538
0.0137358
0.015657
0.0163111
0.0169652
0.0188864
0.0220842
0.0255539
0.0284125
0.0303826
0.0315688
0.0322002
0.0324978
0.0326222
0.0326222
0.00029034
0.000985318
0.00245927
0.00522845
0.00982788
0.0165015
0.0246019
0.0320674
0.0365526
0.0380796
0.0396066
0.0440918
0.0515573
0.0596576
0.0663313
0.0709307
0.0736999
0.0751739
0.0758688
0.0761592
0.0761592
0.000550775
0.00186915
0.00466524
0.00991839
0.0186435
0.0313034
0.0466698
0.0608319
0.0693403
0.0722371
0.0751339
0.0836422
0.0978043
0.113171
0.125831
0.134556
0.139809
0.142605
0.143923
0.144474
0.144474
0.000857533
0.00291019
0.00726358
0.0154425
0.0290272
0.0487381
0.0726629
0.0947127
0.10796
0.11247
0.11698
0.130227
0.152277
0.176202
0.195913
0.209498
0.217676
0.22203
0.224083
0.22494
0.22494
0.00112407
0.00381473
0.00952125
0.0202424
0.0380494
0.0638869
0.095248
0.124151
0.141516
0.147428
0.15334
0.170705
0.199608
0.230969
0.256807
0.274614
0.285335
0.291041
0.293732
0.294856
0.294856
0.00129293
0.00438779
0.0109516
0.0232832
0.0437653
0.0734842
0.109557
0.142802
0.162775
0.169575
0.176375
0.196348
0.229594
0.265666
0.295385
0.315867
0.328199
0.334762
0.337857
0.33915
0.33915
0.00137017
0.00464989
0.0116057
0.024674
0.0463795
0.0778737
0.116101
0.151332
0.172498
0.179704
0.186911
0.208077
0.243308
0.281535
0.313029
0.334735
0.347803
0.354759
0.358039
0.359409
0.359409
0.00139526
0.00473505
0.0118183
0.0251259
0.0472289
0.0792998
0.118227
0.154103
0.175657
0.182996
0.190334
0.211888
0.247764
0.286691
0.318762
0.340865
0.354173
0.361256
0.364596
0.365991
0.365991
0.00140085
0.00475402
0.0118656
0.0252266
0.0474182
0.0796176
0.118701
0.154721
0.176361
0.183729
0.191096
0.212737
0.248757
0.28784
0.320039
0.342231
0.355592
0.362704
0.366057
0.367458
0.367458
0.00140085
0.00475402
0.0118656
0.0252266
0.0474182
0.0796176
0.118701
0.154721
0.176361
0.183729
0.191096
0.212737
0.248757
0.28784
0.320039
0.342231
0.355592
0.362704
0.366057
0.367458
0.367458
0.00139526
0.00473505
0.0118183
0.0251259
0.0472289
0.0792998
0.118227
0.154103
0.175657
0.182996
0.190334
0.211888
0.247764
0.286691
0.318762
0.340865
0.354173
0.361256
0.364596
0.365991
0.365991
0.00137017
0.00464989
0.0116057
0.024674
0.0463795
0.0778737
0.116101
0.151332
0.172498
0.179704
0.186911
0.208077
0.243308
0.281535
0.313029
0.334735
0.347803
0.354759
0.358039
0.359409
0.359409
0.00129293
0.00438779
0.0109516
0.0232832
0.0437653
0.0734842
0.109557
0.142802
0.162775
0.169575
0.176375
0.196348
0.229594
0.265666
0.295385
0.315867
0.328199
0.334762
0.337857
0.33915
0.33915
0.00112407
0.00381473
0.00952125
0.0202424
0.0380494
0.0638869
0.095248
0.124151
0.141516
0.147428
0.15334
0.170705
0.199608
0.230969
0.256807
0.274614
0.285335
0.291041
0.293732
0.294856
0.294856
0.000857533
0.00291019
0.00726358
0.0154425
0.0290272
0.0487381
0.0726629
0.0947127
0.10796
0.11247
0.11698
0.130227
0.152277
0.176202
0.195913
0.209498
0.217676
0.22203
0.224083
0.22494
0.22494
0.000550775
0.00186915
0.00466524
0.00991839
0.0186435
0.0313034
0.0466698
0.0608319
0.0693403
0.0722371
0.0751339
0.0836422
0.0978043
0.113171
0.125831
0.134556
0.139809
0.142605
0.143923
0.144474
0.144474
0.00029034
0.000985318
0.00245927
0.00522845
0.00982788
0.0165015
0.0246019
0.0320674
0.0365526
0.0380796
0.0396066
0.0440918
0.0515573
0.0596576
0.0663313
0.0709307
0.0736999
0.0751739
0.0758688
0.0761592
0.0761592
0.000124365
0.000422054
0.00105341
0.00223957
0.0042097
0.00706831
0.010538
0.0137358
0.015657
0.0163111
0.0169652
0.0188864
0.0220842
0.0255539
0.0284125
0.0303826
0.0315688
0.0322002
0.0324978
0.0326222
0.0326222
4.3269e-05
0.000146841
0.000366502
0.00077919
0.00146464
0.0024592
0.00366639
0.00477896
0.00544738
0.00567495
0.00590253
0.00657094
0.00768352
0.00889071
0.00988527
0.0105707
0.0109834
0.0112031
0.0113066
0.0113499
0.0113499
2.36534e-05
8.02718e-05
0.000200352
0.000425951
0.000800657
0.00134435
0.00200426
0.00261246
0.00297786
0.00310227
0.00322667
0.00359207
0.00420027
0.00486019
0.00540387
0.00577858
0.00600418
0.00612426
0.00618088
0.00620453
0.00620453
6.73679e-05
0.000228625
0.000570628
0.00121317
0.00228038
0.00382887
0.00570841
0.00744064
0.00848134
0.00883566
0.00918998
0.0102307
0.0119629
0.0138424
0.0153909
0.0164582
0.0171007
0.0174427
0.017604
0.0176713
0.0176713
0.000193631
0.000657119
0.00164011
0.00348691
0.00655432
0.011005
0.0164073
0.0213861
0.0243773
0.0253957
0.0264141
0.0294053
0.0343841
0.0397863
0.0442371
0.0473045
0.0491513
0.0501343
0.0505978
0.0507914
0.0507914
0.000452046
0.0015341
0.00382898
0.00814048
0.0153016
0.0256922
0.0383041
0.0499276
0.0569108
0.0592883
0.0616658
0.068649
0.0802725
0.0928844
0.103275
0.110436
0.114748
0.117042
0.118125
0.118577
0.118577
0.000857533
0.00291019
0.00726358
0.0154425
0.0290272
0.0487381
0.0726629
0.0947127
0.10796
0.11247
0.11698
0.130227
0.152277
0.176202
0.195913
0.209498
0.217676
0.22203
0.224083
0.22494
0.22494
0.00133514
0.00453104
0.0113091
0.0240433
0.045194
0.0758831
0.113133
0.147464
0.168089
0.175111
0.182133
0.202758
0.237089
0.274339
0.305028
0.326179
0.338913
0.345691
0.348887
0.350222
0.350222
0.00175013
0.00593937
0.0148242
0.0315165
0.0592412
0.0994691
0.148297
0.193298
0.220334
0.229539
0.238744
0.26578
0.310781
0.359609
0.399837
0.427562
0.444254
0.453139
0.457328
0.459078
0.459078
0.00201304
0.00683161
0.0170511
0.036251
0.0681407
0.114412
0.170575
0.222336
0.253434
0.264021
0.274609
0.305706
0.357468
0.413631
0.459902
0.491791
0.510991
0.521211
0.526029
0.528042
0.528042
0.00213329
0.00723968
0.0180696
0.0384164
0.0722109
0.121246
0.180764
0.235617
0.268572
0.279792
0.291012
0.323967
0.37882
0.438338
0.487373
0.521168
0.541515
0.552345
0.557451
0.559584
0.559584
0.00217236
0.00737227
0.0184006
0.0391199
0.0735334
0.123466
0.184074
0.239932
0.273491
0.284916
0.296342
0.3299
0.385758
0.446366
0.496299
0.530712
0.551432
0.56246
0.56766
0.569832
0.569832
0.00218106
0.00740181
0.0184743
0.0392767
0.0738281
0.123961
0.184812
0.240894
0.274587
0.286058
0.297529
0.331222
0.387304
0.448154
0.498288
0.532839
0.553641
0.564714
0.569935
0.572116
0.572116
0.00218106
0.00740181
0.0184743
0.0392767
0.0738281
0.123961
0.184812
0.240894
0.274587
0.286058
0.297529
0.331222
0.387304
0.448154
0.498288
0.532839
0.553641
0.564714
0.569935
0.572116
0.572116
0.00217236
0.00737227
0.0184006
0.0391199
0.0735334
0.123466
0.184074
0.239932
0.273491
0.284916
0.296342
0.3299
0.385758
0.446366
0.496299
0.530712
0.551432
0.56246
0.56766
0.569832
0.569832
0.00213329
0.00723968
0.0180696
0.0384164
0.0722109
0.121246
0.180764
0.235617
0.268572
0.279792
0.291012
0.323967
0.37882
0.438338
0.487373
0.521168
0.541515
0.552345
0.557451
0.559584
0.559584
0.00201304
0.00683161
0.0170511
0.036251
0.0681407
0.114412
0.170575
0.222336
0.253434
0.264021
0.274609
0.305706
0.357468
0.413631
0.459902
0.491791
0.510991
0.521211
0.526029
0.528042
0.528042
0.00175013
0.00593937
0.0148242
0.0315165
0.0592412
0.0994691
0.148297
0.193298
0.220334
0.229539
0.238744
0.26578
0.310781
0.359609
0.399837
0.427562
0.444254
0.453139
0.457328
0.459078
0.459078
0.00133514
0.00453104
0.0113091
0.0240433
0.045194
0.0758831
0.113133
0.147464
0.168089
0.175111
0.182133
0.202758
0.237089
0.274339
0.305028
0.326179
0.338913
0.345691
0.348887
0.350222
0.350222
0.000857533
0.00291019
0.00726358
0.0154425
0.0290272
0.0487381
0.0726629
0.0947127
0.10796
0.11247
0.11698
0.130227
0.152277
0.176202
0.195913
0.209498
0.217676
0.22203
0.224083
0.22494
0.22494
0.000452046
0.0015341
0.00382898
0.00814048
0.0153016
0.0256922
0.0383041
0.0499276
0.0569108
0.0592883
0.0616658
0.068649
0.0802725
0.0928844
0.103275
0.110436
0.114748
0.117042
0.118125
0.118577
0.118577
0.000193631
0.000657119
0.00164011
0.00348691
0.00655432
0.011005
0.0164073
0.0213861
0.0243773
0.0253957
0.0264141
0.0294053
0.0343841
0.0397863
0.0442371
0.0473045
0.0491513
0.0501343
0.0505978
0.0507914
0.0507914
6.73679e-05
0.000228625
0.000570628
0.00121317
0.00228038
0.00382887
0.00570841
0.00744064
0.00848134
0.00883566
0.00918998
0.0102307
0.0119629
0.0138424
0.0153909
0.0164582
0.0171007
0.0174427
0.017604
0.0176713
0.0176713
3.68273e-05
0.00012498
0.000311939
0.000663188
0.00124659
0.00209309
0.00312055
0.0040675
0.0046364
0.00483009
0.00502379
0.00559269
0.00653963
0.0075671
0.0084136
0.008997
0.00934825
0.00953521
0.00962336
0.00966019
0.00966019
8.83072e-05
0.000299686
0.000747991
0.00159024
0.00298916
0.00501896
0.0074827
0.00975334
0.0111175
0.011582
0.0120464
0.0134106
0.0156812
0.018145
0.0201748
0.0215737
0.0224159
0.0228642
0.0230756
0.0231639
0.0231639
0.000253815
0.000861365
0.0021499
0.00457072
0.00859153
0.0144256
0.021507
0.0280333
0.0319542
0.0332892
0.0346241
0.038545
0.0450714
0.0521527
0.0579868
0.0620076
0.0644285
0.065717
0.0663245
0.0665784
0.0665784
0.000592551
0.00201093
0.0050191
0.0106707
0.0200576
0.0336778
0.0502097
0.065446
0.0745998
0.0777163
0.0808327
0.0899865
0.105223
0.121755
0.135375
0.144762
0.150413
0.153422
0.15484
0.155433
0.155433
0.00112407
0.00381473
0.00952125
0.0202424
0.0380494
0.0638869
0.095248
0.124151
0.141516
0.147428
0.15334
0.170705
0.199608
0.230969
0.256807
0.274614
0.285335
0.291041
0.293732
0.294856
0.294856
0.00175013
0.00593937
0.0148242
0.0315165
0.0592412
0.0994691
0.148297
0.193298
0.220334
0.229539
0.238744
0.26578
0.310781
0.359609
0.399837
0.427562
0.444254
0.453139
0.457328
0.459078
0.459078
0.00229411
0.00778545
0.0194318
0.0413124
0.0776546
0.130386
0.194391
0.253379
0.288819
0.300884
0.31295
0.348389
0.407378
0.471382
0.524114
0.560456
0.582337
0.593983
0.599474
0.601769
0.601769
0.00263874
0.00895501
0.0223509
0.0475185
0.0893201
0.149973
0.223593
0.291443
0.332206
0.346084
0.359963
0.400726
0.468576
0.542195
0.602848
0.64465
0.669817
0.683213
0.68953
0.692168
0.692168
0.00279636
0.00948992
0.0236861
0.050357
0.0946555
0.158932
0.236949
0.308852
0.35205
0.366757
0.381464
0.424662
0.496565
0.574582
0.638859
0.683157
0.709828
0.724024
0.730718
0.733514
0.733514
0.00284757
0.00966372
0.0241198
0.0512792
0.096389
0.161842
0.241288
0.314508
0.358497
0.373474
0.38845
0.43244
0.505659
0.585105
0.650558
0.695668
0.722828
0.737284
0.7441
0.746947
0.746947
0.00285898
0.00970244
0.0242165
0.0514847
0.0967753
0.162491
0.242255
0.315768
0.359934
0.37497
0.390007
0.434172
0.507685
0.58745
0.653165
0.698456
0.725724
0.740238
0.747082
0.749941
0.749941
0.00285898
0.00970244
0.0242165
0.0514847
0.0967753
0.162491
0.242255
0.315768
0.359934
0.37497
0.390007
0.434172
0.507685
0.58745
0.653165
0.698456
0.725724
0.740238
0.747082
0.749941
0.749941
0.00284757
0.00966372
0.0241198
0.0512792
0.096389
0.161842
0.241288
0.314508
0.358497
0.373474
0.38845
0.43244
0.505659
0.585105
0.650558
0.695668
0.722828
0.737284
0.7441
0.746947
0.746947
0.00279636
0.00948992
0.0236861
0.050357
0.0946555
0.158932
0.236949
0.308852
0.35205
0.366757
0.381464
0.424662
0.496565
0.574582
0.638859
0.683157
0.709828
0.724024
0.730718
0.733514
0.733514
0.00263874
0.00895501
0.0223509
0.0475185
0.0893201
0.149973
0.223593
0.291443
0.332206
0.346084
0.359963
0.400726
0.468576
0.542195
0.602848
0.64465
0.669817
0.683213
0.68953
0.692168
0.692168
0.00229411
0.00778545
0.0194318
0.0413124
0.0776546
0.130386
0.194391
0.253379
0.288819
0.300884
0.31295
0.348389
0.407378
0.471382
0.524114
0.560456
0.582337
0.593983
0.599474
0.601769
0.601769
0.00175013
0.00593937
0.0148242
0.0315165
0.0592412
0.0994691
0.148297
0.193298
0.220334
0.229539
0.238744
0.26578
0.310781
0.359609
0.399837
0.427562
0.444254
0.453139
0.457328
0.459078
0.459078
0.00112407
0.00381473
0.00952125
0.0202424
0.0380494
0.0638869
0.095248
0.124151
0.141516
0.147428
0.15334
0.170705
0.199608
0.230969
0.256807
0.274614
0.285335
0.291041
0.293732
0.294856
0.294856
0.000592551
0.00201093
0.0050191
0.0106707
0.0200576
0.0336778
0.0502097
0.065446
0.0745998
0.0777163
0.0808327
0.0899865
0.105223
0.121755
0.135375
0.144762
0.150413
0.153422
0.15484
0.155433
0.155433
0.000253815
0.000861365
0.0021499
0.00457072
0.00859153
0.0144256
0.021507
0.0280333
0.0319542
0.0332892
0.0346241
0.038545
0.0450714
0.0521527
0.0579868
0.0620076
0.0644285
0.065717
0.0663245
0.0665784
0.0665784
8.83072e-05
0.000299686
0.000747991
0.00159024
0.00298916
0.00501896
0.0074827
0.00975334
0.0111175
0.011582
0.0120464
0.0134106
0.0156812
0.018145
0.0201748
0.0215737
0.0224159
0.0228642
0.0230756
0.0231639
0.0231639
4.82739e-05
0.000163826
0.000408896
0.00086932
0.00163405
0.00274366
0.00409048
0.00533175
0.00607749
0.00633138
0.00658528
0.00733101
0.00857228
0.0099191
0.0110287
0.0117934
0.0122539
0.0124989
0.0126145
0.0126628
0.0126628
0.000101573
0.000344706
0.000860356
0.00182913
0.00343821
0.00577293
0.00860677
0.0112185
0.0127876
0.0133218
0.0138561
0.0154252
0.0180369
0.0208708
0.0232055
0.0248145
0.0257833
0.026299
0.0265421
0.0266437
0.0266437
0.000291944
0.000990762
0.00247286
0.00525734
0.00988218
0.0165927
0.0247378
0.0322446
0.0367545
0.03829
0.0398255
0.0443354
0.0518422
0.0599873
0.0666978
0.0713227
0.0741071
0.0755892
0.0762881
0.07658
0.07658
0.000681567
0.00231301
0.00577309
0.0122737
0.0230708
0.038737
0.0577524
0.0752776
0.0858064
0.0893911
0.0929757
0.103505
0.12103
0.140045
0.155711
0.166508
0.173009
0.176469
0.178101
0.178782
0.178782
0.00129293
0.00438779
0.0109516
0.0232832
0.0437653
0.0734842
0.109557
0.142802
0.162775
0.169575
0.176375
0.196348
0.229594
0.265666
0.295385
0.315867
0.328199
0.334762
0.337857
0.33915
0.33915
0.00201304
0.00683161
0.0170511
0.036251
0.0681407
0.114412
0.170575
0.222336
0.253434
0.264021
0.274609
0.305706
0.357468
0.413631
0.459902
0.491791
0.510991
0.521211
0.526029
0.528042
0.528042
0.00263874
0.00895501
0.0223509
0.0475185
0.0893201
0.149973
0.223593
0.291443
0.332206
0.346084
0.359963
0.400726
0.468576
0.542195
0.602848
0.64465
0.669817
0.683213
0.68953
0.692168
0.692168
0.00303514
0.0103003
0.0257086
0.0546569
0.102738
0.172503
0.257182
0.335224
0.382111
0.398074
0.414037
0.460924
0.538967
0.623646
0.69341
0.741491
0.77044
0.785848
0.793113
0.796148
0.796148
0.00321644
0.0109155
0.0272443
0.0579218
0.108875
0.182807
0.272544
0.355248
0.404936
0.421853
0.438769
0.488457
0.571161
0.660898
0.73483
0.785783
0.816461
0.83279
0.840489
0.843705
0.843705
0.00327534
0.0111154
0.0277432
0.0589825
0.110869
0.186155
0.277535
0.361754
0.412352
0.429578
0.446805
0.497402
0.581621
0.673002
0.748288
0.800174
0.831413
0.848041
0.855881
0.859157
0.859157
0.00328847
0.01116
0.0278544
0.0592189
0.111313
0.186901
0.278648
0.363204
0.414004
0.4313
0.448595
0.499395
0.583952
0.675699
0.751286
0.80338
0.834745
0.851439
0.859311
0.862599
0.862599
0.00328847
0.01116
0.0278544
0.0592189
0.111313
0.186901
0.278648
0.363204
0.414004
0.4313
0.448595
0.499395
0.583952
0.675699
0.751286
0.80338
0.834745
0.851439
0.859311
0.862599
0.862599
0.00327534
0.0111154
0.0277432
0.0589825
0.110869
0.186155
0.277535
0.361754
0.412352
0.429578
0.446805
0.497402
0.581621
0.673002
0.748288
0.800174
0.831413
0.848041
0.855881
0.859157
0.859157
0.00321644
0.0109155
0.0272443
0.0579218
0.108875
0.182807
0.272544
0.355248
0.404936
0.421853
0.438769
0.488457
0.571161
0.660898
0.73483
0.785783
0.816461
0.83279
0.840489
0.843705
0.843705
0.00303514
0.0103003
0.0257086
0.0546569
0.102738
0.172503
0.257182
0.335224
0.382111
0.398074
0.414037
0.460924
0.538967
0.623646
0.69341
0.741491
0.77044
0.785848
0.793113
0.796148
0.796148
0.00263874
0.00895501
0.0223509
0.0475185
0.0893201
0.149973
0.223593
0.291443
0.332206
0.346084
0.359963
0.400726
0.468576
0.542195
0.602848
0.64465
0.669817
0.683213
0.68953
0.692168
0.692168
0.00201304
0.00683161
0.0170511
0.036251
0.0681407
0.114412
0.170575
0.222336
0.253434
0.264021
0.274609
0.305706
0.357468
0.413631
0.459902
0.491791
0.510991
0.521211
0.526029
0.528042
0.528042
0.00129293
0.00438779
0.0109516
0.0232832
0.0437653
0.0734842
0.109557
0.142802
0.162775
0.169575
0.176375
0.196348
0.229594
0.265666
0.295385
0.315867
0.328199
0.334762
0.337857
0.33915
0.33915
0.000681567
0.00231301
0.00577309
0.0122737
0.0230708
0.038737
0.0577524
0.0752776
0.0858064
0.0893911
0.0929757
0.103505
0.12103
0.140045
0.155711
0.166508
0.173009
0.176469
0.178101
0.178782
0.178782
0.000291944
0.000990762
0.00247286
0.00525734
0.00988218
0.0165927
0.0247378
0.0322446
0.0367545
0.03829
0.0398255
0.0443354
0.0518422
0.0599873
0.0666978
0.0713227
0.0741071
0.0755892
0.0762881
0.07658
0.07658
0.000101573
0.000344706
0.000860356
0.00182913
0.00343821
0.00577293
0.00860677
0.0112185
0.0127876
0.0133218
0.0138561
0.0154252
0.0180369
0.0208708
0.0232055
0.0248145
0.0257833
0.026299
0.0265421
0.0266437
0.0266437
5.55258e-05
0.000188436
0.000470322
0.000999912
0.00187953
0.00315582
0.00470497
0.00613271
0.00699047
0.00728251
0.00757454
0.0084323
0.00986004
0.0114092
0.0126855
0.0135651
0.0140947
0.0143766
0.0145095
0.014565
0.014565
0.00010764
0.000365296
0.000911749
0.00193839
0.00364358
0.00611777
0.00912089
0.0118886
0.0135515
0.0141176
0.0146837
0.0163466
0.0191143
0.0221174
0.0245916
0.0262968
0.0273235
0.0278699
0.0281276
0.0282352
0.0282352
0.000309383
0.00104994
0.00262057
0.00557138
0.0104725
0.0175838
0.0262155
0.0341707
0.03895
0.0405772
0.0422044
0.0469837
0.0549389
0.0635705
0.0706819
0.075583
0.0785338
0.0801044
0.080845
0.0811544
0.0811544
0.000722279
0.00245118
0.00611794
0.0130068
0.0244488
0.0410509
0.0612022
0.0797742
0.0909319
0.0947307
0.0985295
0.109687
0.128259
0.148411
0.165013
0.176455
0.183343
0.18701
0.188739
0.189461
0.189461
0.00137017
0.00464989
0.0116057
0.024674
0.0463795
0.0778737
0.116101
0.151332
0.172498
0.179704
0.186911
0.208077
0.243308
0.281535
0.313029
0.334735
0.347803
0.354759
0.358039
0.359409
0.359409
0.00213329
0.00723968
0.0180696
0.0384164
0.0722109
0.121246
0.180764
0.235617
0.268572
0.279792
0.291012
0.323967
0.37882
0.438338
0.487373
0.521168
0.541515
0.552345
0.557451
0.559584
0.559584
0.00279636
0.00948992
0.0236861
0.050357
0.0946555
0.158932
0.236949
0.308852
0.35205
0.366757
0.381464
0.424662
0.496565
0.574582
0.638859
0.683157
0.709828
0.724024
0.730718
0.733514
0.733514
0.00321644
0.0109155
0.0272443
0.0579218
0.108875
0.182807
0.272544
0.355248
0.404936
0.421853
0.438769
0.488457
0.571161
0.660898
0.73483
0.785783
0.816461
0.83279
0.840489
0.843705
0.843705
0.00340857
0.0115676
0.0288717
0.0613816
0.115379
0.193727
0.288824
0.376469
0.429124
0.447051
0.464979
0.517634
0.605279
0.700376
0.778724
0.832721
0.865231
0.882535
0.890694
0.894103
0.894103
0.00347099
0.0117794
0.0294004
0.0625058
0.117492
0.197274
0.294114
0.383363
0.436983
0.455239
0.473494
0.527114
0.616363
0.713203
0.792986
0.847971
0.881077
0.898698
0.907006
0.910477
0.910477
0.0034849
0.0118266
0.0295182
0.0627562
0.117962
0.198065
0.295292
0.384899
0.438734
0.457063
0.475391
0.529226
0.618833
0.716061
0.796163
0.851369
0.884607
0.902299
0.910641
0.914125
0.914125
0.0034849
0.0118266
0.0295182
0.0627562
0.117962
0.198065
0.295292
0.384899
0.438734
0.457063
0.475391
0.529226
0.618833
0.716061
0.796163
0.851369
0.884607
0.902299
0.910641
0.914125
0.914125
0.00347099
0.0117794
0.0294004
0.0625058
0.117492
0.197274
0.294114
0.383363
0.436983
0.455239
0.473494
0.527114
0.616363
0.713203
0.792986
0.847971
0.881077
0.898698
0.907006
0.910477
0.910477
0.00340857
0.0115676
0.0288717
0.0613816
0.115379
0.193727
0.288824
0.376469
0.429124
0.447051
0.464979
0.517634
0.605279
0.700376
0.778724
0.832721
0.865231
0.882535
0.890694
0.894103
0.894103
0.00321644
0.0109155
0.0272443
0.0579218
0.108875
0.182807
0.272544
0.355248
0.404936
0.421853
0.438769
0.488457
0.571161
0.660898
0.73483
0.785783
0.816461
0.83279
0.840489
0.843705
0.843705
0.00279636
0.00948992
0.0236861
0.050357
0.0946555
0.158932
0.236949
0.308852
0.35205
0.366757
0.381464
0.424662
0.496565
0.574582
0.638859
0.683157
0.709828
0.724024
0.730718
0.733514
0.733514
0.00213329
0.00723968
0.0180696
0.0384164
0.0722109
0.121246
0.180764
0.235617
0.268572
0.279792
0.291012
0.323967
0.37882
0.438338
0.487373
0.521168
0.541515
0.552345
0.557451
0.559584
0.559584
0.00137017
0.00464989
0.0116057
0.024674
0.0463795
0.0778737
0.116101
0.151332
0.172498
0.179704
0.186911
0.208077
0.243308
0.281535
0.313029
0.334735
0.347803
0.354759
0.358039
0.359409
0.359409
0.000722279
0.00245118
0.00611794
0.0130068
0.0244488
0.0410509
0.0612022
0.0797742
0.0909319
0.0947307
0.0985295
0.109687
0.128259
0.148411
0.165013
0.176455
0.183343
0.18701
0.188739
0.189461
0.189461
0.000309383
0.00104994
0.00262057
0.00557138
0.0104725
0.0175838
0.0262155
0.0341707
0.03895
0.0405772
0.0422044
0.0469837
0.0549389
0.0635705
0.0706819
0.075583
0.0785338
0.0801044
0.080845
0.0811544
0.0811544
0.00010764
0.000365296
0.000911749
0.00193839
0.00364358
0.00611777
0.00912089
0.0118886
0.0135515
0.0141176
0.0146837
0.0163466
0.0191143
0.0221174
0.0245916
0.0262968
0.0273235
0.0278699
0.0281276
0.0282352
0.0282352
5.88426e-05
0.000199692
0.000498416
0.00105964
0.0019918
0.00334433
0.00498602
0.00649904
0.00740804
0.00771752
0.008027
0.00893599
0.010449
0.0120907
0.0134432
0.0143754
0.0149366
0.0152353
0.0153762
0.015435
0.015435
0.000109612
0.000371986
0.000928446
0.00197389
0.00371031
0.0062298
0.00928793
0.0121064
0.0137997
0.0143761
0.0149526
0.0166459
0.0194644
0.0225225
0.025042
0.0267784
0.0278238
0.0283803
0.0286427
0.0287523
0.0287523
0.000315049
0.00106917
0.00266857
0.00567342
0.0106643
0.0179059
0.0266956
0.0347965
0.0396633
0.0413203
0.0429773
0.0478442
0.055945
0.0647348
0.0719764
0.0769672
0.0799721
0.0815715
0.0823256
0.0826406
0.0826406
0.000735507
0.00249607
0.00622998
0.013245
0.0248966
0.0418027
0.062323
0.0812351
0.0925972
0.0964656
0.100334
0.111696
0.130608
0.151128
0.168035
0.179686
0.186701
0.190435
0.192196
0.192931
0.192931
0.00139526
0.00473505
0.0118183
0.0251259
0.0472289
0.0792998
0.118227
0.154103
0.175657
0.182996
0.190334
0.211888
0.247764
0.286691
0.318762
0.340865
0.354173
0.361256
0.364596
0.365991
0.365991
0.00217236
0.00737227
0.0184006
0.0391199
0.0735334
0.123466
0.184074
0.239932
0.273491
0.284916
0.296342
0.3299
0.385758
0.446366
0.496299
0.530712
0.551432
0.56246
0.56766
0.569832
0.569832
0.00284757
0.00966372
0.0241198
0.0512792
0.096389
0.161842
0.241288
0.314508
0.358497
0.373474
0.38845
0.43244
0.505659
0.585105
0.650558
0.695668
0.722828
0.737284
0.7441
0.746947
0.746947
0.00327534
0.0111154
0.0277432
0.0589825
0.110869
0.186155
0.277535
0.361754
0.412352
0.429578
0.446805
0.497402
0.581621
0.673002
0.748288
0.800174
0.831413
0.848041
0.855881
0.859157
0.859157
0.00347099
0.0117794
0.0294004
0.0625058
0.117492
0.197274
0.294114
0.383363
0.436983
0.455239
0.473494
0.527114
0.616363
0.713203
0.792986
0.847971
0.881077
0.898698
0.907006
0.910477
0.910477
0.00353456
0.0119951
0.0299388
0.0636505
0.119643
0.200887
0.2995
0.390384
0.444986
0.463576
0.482165
0.536767
0.627651
0.726264
0.807508
0.863501
0.897212
0.915156
0.923617
0.927151
0.927151
0.00354872
0.0120432
0.0300588
0.0639055
0.120123
0.201692
0.3007
0.391948
0.446769
0.465433
0.484098
0.538918
0.630166
0.729174
0.810744
0.866961
0.900808
0.918823
0.927318
0.930867
0.930867
0.00354872
0.0120432
0.0300588
0.0639055
0.120123
0.201692
0.3007
0.391948
0.446769
0.465433
0.484098
0.538918
0.630166
0.729174
0.810744
0.866961
0.900808
0.918823
0.927318
0.930867
0.930867
0.00353456
0.0119951
0.0299388
0.0636505
0.119643
0.200887
0.2995
0.390384
0.444986
0.463576
0.482165
0.536767
0.627651
0.726264
0.807508
0.863501
0.897212
0.915156
0.923617
0.927151
0.927151
0.00347099
0.0117794
0.0294004
0.0625058
0.117492
0.197274
0.294114
0.383363
0.436983
0.455239
0.473494
0.527114
0.616363
0.713203
0.792986
0.847971
0.881077
0.898698
0.907006
0.910477
0.910477
0.00327534
0.0111154
0.0277432
0.0589825
0.110869
0.186155
0.277535
0.361754
0.412352
0.429578
0.446805
0.497402
0.581621
0.673002
0.748288
0.800174
0.831413
0.848041
0.855881
0.859157
0.859157
0.00284757
0.00966372
0.0241198
0.0512792
0.096389
0.161842
0.241288
0.314508
0.358497
0.373474
0.38845
0.43244
0.505659
0.585105
0.650558
0.695668
0.722828
0.737284
0.7441
0.746947
0.746947
0.00217236
0.00737227
0.0184006
0.0391199
0.0735334
0.123466
0.184074
0.239932
0.273491
0.284916
0.296342
0.3299
0.385758
0.446366
0.496299
0.530712
0.551432
0.56246
0.56766
0.569832
0.569832
0.00139526
0.00473505
0.0118183
0.0251259
0.0472289
0.0792998
0.118227
0.154103
0.175657
0.182996
0.190334
0.211888
0.247764
0.286691
0.318762
0.340865
0.354173
0.361256
0.364596
0.365991
0.365991
0.000735507
0.00249607
0.00622998
0.013245
0.0248966
0.0418027
0.062323
0.0812351
0.0925972
0.0964656
0.100334
0.111696
0.130608
0.151128
0.168035
0.179686
0.186701
0.190435
0.192196
0.192931
0.192931
0.000315049
0.00106917
0.00266857
0.00567342
0.0106643
0.0179059
0.0266956
0.0347965
0.0396633
0.0413203
0.0429773
0.0478442
0.055945
0.0647348
0.0719764
0.0769672
0.0799721
0.0815715
0.0823256
0.0826406
0.0826406
0.000109612
0.000371986
0.000928446
0.00197389
0.00371031
0.0062298
0.00928793
0.0121064
0.0137997
0.0143761
0.0149526
0.0166459
0.0194644
0.0225225
0.025042
0.0267784
0.0278238
0.0283803
0.0286427
0.0287523
0.0287523
5.99202e-05
0.00020335
0.000507544
0.00107905
0.00202827
0.00340558
0.00507733
0.00661806
0.0075437
0.00785885
0.008174
0.00909965
0.0106404
0.0123121
0.0136894
0.0146387
0.0152102
0.0155144
0.0156578
0.0157177
0.0157177
0.000110051
0.000373477
0.000932167
0.0019818
0.00372518
0.00625477
0.00932514
0.0121549
0.0138549
0.0144338
0.0150126
0.0167126
0.0195424
0.0226127
0.0251423
0.0268857
0.0279353
0.028494
0.0287575
0.0288675
0.0288675
0.000316311
0.00107346
0.00267926
0.00569615
0.010707
0.0179776
0.0268026
0.0349359
0.0398223
0.0414859
0.0431495
0.0480359
0.0561692
0.0649942
0.0722648
0.0772756
0.0802925
0.0818983
0.0826555
0.0829718
0.0829718
0.000738454
0.00250607
0.00625494
0.0132981
0.0249964
0.0419702
0.0625728
0.0815607
0.0929683
0.0968521
0.100736
0.112144
0.131132
0.151734
0.168708
0.180406
0.187449
0.191198
0.192966
0.193704
0.193704
0.00140085
0.00475402
0.0118656
0.0252266
0.0474182
0.0796176
0.118701
0.154721
0.176361
0.183729
0.191096
0.212737
0.248757
0.28784
0.320039
0.342231
0.355592
0.362704
0.366057
0.367458
0.367458
0.00218106
0.00740181
0.0184743
0.0392767
0.0738281
0.123961
0.184812
0.240894
0.274587
0.286058
0.297529
0.331222
0.387304
0.448154
0.498288
0.532839
0.553641
0.564714
0.569935
0.572116
0.572116
0.00285898
0.00970244
0.0242165
0.0514847
0.0967753
0.162491
0.242255
0.315768
0.359934
0.37497
0.390007
0.434172
0.507685
0.58745
0.653165
0.698456
0.725724
0.740238
0.747082
0.749941
0.749941
0.00328847
0.01116
0.0278544
0.0592189
0.111313
0.186901
0.278648
0.363204
0.414004
0.4313
0.448595
0.499395
0.583952
0.675699
0.751286
0.80338
0.834745
0.851439
0.859311
0.862599
0.862599
0.0034849
0.0118266
0.0295182
0.0627562
0.117962
0.198065
0.295292
0.384899
0.438734
0.457063
0.475391
0.529226
0.618833
0.716061
0.796163
0.851369
0.884607
0.902299
0.910641
0.914125
0.914125
0.00354872
0.0120432
0.0300588
0.0639055
0.120123
0.201692
0.3007
0.391948
0.446769
0.465433
0.484098
0.538918
0.630166
0.729174
0.810744
0.866961
0.900808
0.918823
0.927318
0.930867
0.930867
0.00356294
0.0120914
0.0301792
0.0641616
0.120604
0.2025
0.301905
0.393519
0.448559
0.467298
0.486037
0.541078
0.632692
0.732096
0.813993
0.870435
0.904417
0.922505
0.931034
0.934597
0.934597
0.00356294
0.0120914
0.0301792
0.0641616
0.120604
0.2025
0.301905
0.393519
0.448559
0.467298
0.486037
0.541078
0.632692
0.732096
0.813993
0.870435
0.904417
0.922505
0.931034
0.934597
0.934597
0.00354872
0.0120432
0.0300588
0.0639055
0.120123
0.201692
0.3007
0.391948
0.446769
0.465433
0.484098
0.538918
0.630166
0.729174
0.810744
0.866961
0.900808
0.918823
0.927318
0.930867
0.930867
0.0034849
0.0118266
0.0295182
0.0627562
0.117962
0.198065
0.295292
0.384899
0.438734
0.457063
0.475391
0.529226
0.618833
0.716061
0.796163
0.851369
0.884607
0.902299
0.910641
0.914125
0.914125
0.00328847
0.01116
0.0278544
0.0592189
0.111313
0.186901
0.278648
0.363204
0.414004
0.4313
0.448595
0.499395
0.583952
0.675699
0.751286
0.80338
0.834745
0.851439
0.859311
0.862599
0.862599
0.00285898
0.00970244
0.0242165
0.0514847
0.0967753
0.162491
0.242255
0.315768
0.359934
0.37497
0.390007
0.434172
0.507685
0.58745
0.653165
0.698456
0.725724
0.740238
0.747082
0.749941
0.749941
0.00218106
0.00740181
0.0184743
0.0392767
0.0738281
0.123961
0.184812
0.240894
0.274587
0.286058
0.297529
0.331222
0.387304
0.448154
0.498288
0.532839
0.553641
0.564714
0.569935
0.572116
0.572116
0.00140085
0.00475402
0.0118656
0.0252266
0.0474182
0.0796176
0.118701
0.154721
0.176361
0.183729
0.191096
0.212737
0.248757
0.28784
0.320039
0.342231
0.355592
0.362704
0.366057
0.367458
0.367458
0.000738454
0.00250607
0.00625494
0.0132981
0.0249964
0.0419702
0.0625728
0.0815607
0.0929683
0.0968521
0.100736
0.112144
0.131132
0.151734
0.168708
0.180406
0.187449
0.191198
0.192966
0.193704
0.193704
0.000316311
0.00107346
0.00267926
0.00569615
0.010707
0.0179776
0.0268026
0.0349359
0.0398223
0.0414859
0.0431495
0.0480359
0.0561692
0.0649942
0.0722648
0.0772756
0.0802925
0.0818983
0.0826555
0.0829718
0.0829718
0.000110051
0.000373477
0.000932167
0.0019818
0.00372518
0.00625477
0.00932514
0.0121549
0.0138549
0.0144338
0.0150126
0.0167126
0.0195424
0.0226127
0.0251423
0.0268857
0.0279353
0.028494
0.0287575
0.0288675
0.0288675
6.01603e-05
0.000204164
0.000509577
0.00108337
0.0020364
0.00341923
0.00509767
0.00664458
0.00757393
0.00789034
0.00820675
0.00913611
0.010683
0.0123615
0.0137443
0.0146973
0.0152711
0.0155765
0.0157205
0.0157807
0.0157807
0.000110051
0.000373477
0.000932167
0.0019818
0.00372518
0.00625477
0.00932514
0.0121549
0.0138549
0.0144338
0.0150126
0.0167126
0.0195424
0.0226127
0.0251423
0.0268857
0.0279353
0.028494
0.0287575
0.0288675
0.0288675
0.000316311
0.00107346
0.00267926
0.00569615
0.010707
0.0179776
0.0268026
0.0349359
0.0398223
0.0414859
0.0431495
0.0480359
0.0561692
0.0649942
0.0722648
0.0772756
0.0802925
0.0818983
0.0826555
0.0829718
0.0829718
0.000738454
0.00250607
0.00625494
0.0132981
0.0249964
0.0419702
0.0625728
0.0815607
0.0929683
0.0968521
0.100736
0.112144
0.131132
0.151734
0.168708
0.180406
0.187449
0.191198
0.192966
0.193704
0.193704
0.00140085
0.00475402
0.0118656
0.0252266
0.0474182
0.0796176
0.118701
0.154721
0.176361
0.183729
0.191096
0.212737
0.248757
0.28784
0.320039
0.342231
0.355592
0.362704
0.366057
0.367458
0.367458
0.00218106
0.00740181
0.0184743
0.0392767
0.0738281
0.123961
0.184812
0.240894
0.274587
0.286058
0.297529
0.331222
0.387304
0.448154
0.498288
0.532839
0.553641
0.564714
0.569935
0.572116
0.572116
0.00285898
0.00970244
0.0242165
0.0514847
0.0967753
0.162491
0.242255
0.315768
0.359934
0.37497
0.390007
0.434172
0.507685
0.58745
0.653165
0.698456
0.725724
0.740238
0.747082
0.749941
0.749941
0.00328847
0.01116
0.0278544
0.0592189
0.111313
0.186901
0.278648
0.363204
0.414004
0.4313
0.448595
0.499395
0.583952
0.675699
0.751286
0.80338
0.834745
0.851439
0.859311
0.862599
0.862599
0.0034849
0.0118266
0.0295182
0.0627562
0.117962
0.198065
0.295292
0.384899
0.438734
0.457063
0.475391
0.529226
0.618833
0.716061
0.796163
0.851369
0.884607
0.902299
0.910641
0.914125
0.914125
0.00354872
0.0120432
0.0300588
0.0639055
0.120123
0.201692
0.3007
0.391948
0.446769
0.465433
0.484098
0.538918
0.630166
0.729174
0.810744
0.866961
0.900808
0.918823
0.927318
0.930867
0.930867
0.00356294
0.0120914
0.0301792
0.0641616
0.120604
0.2025
0.301905
0.393519
0.448559
0.467298
0.486037
0.541078
0.632692
0.732096
0.813993
0.870435
0.904417
0.922505
0.931034
0.934597
0.934597
0.00356294
0.0120914
0.0301792
0.0641616
0.120604
0.2025
0.301905
0.393519
0.448559
0.467298
0.486037
0.541078
0.632692
0.732096
0.813993
0.870435
0.904417
0.922505
0.931034
0.934597
0.934597
0.00354872
0.0120432
0.0300588
0.0639055
0.120123
0.201692
0.3007
0.391948
0.446769
0.465433
0.484098
0.538918
0.630166
0.729174
0.810744
0.866961
0.900808
0.918823
0.927318
0.930867
0.930867
0.0034849
0.0118266
0.0295182
0.0627562
0.117962
0.198065
0.295292
0.384899
0.438734
0.457063
0.475391
0.529226
0.618833
0.716061
0.796163
0.851369
0.884607
0.902299
0.910641
0.914125
0.914125
0.00328847
0.01116
0.0278544
0.0592189
0.111313
0.186901
0.278648
0.363204
0.414004
0.4313
0.448595
0.499395
0.583952
0.675699
0.751286
0.80338
0.834745
0.851439
0.859311
0.862599
0.862599
0.00285898
0.00970244
0.0242165
0.0514847
0.0967753
0.162491
0.242255
0.315768
0.359934
0.37497
0.390007
0.434172
0.507685
0.58745
0.653165
0.698456
0.725724
0.740238
0.747082
0.749941
0.749941
0.00218106
0.00740181
0.0184743
0.0392767
0.0738281
0.123961
0.184812
0.240894
0.274587
0.286058
0.297529
0.331222
0.387304
0.448154
0.498288
0.532839
0.553641
0.564714
0.569935
0.572116
0.572116
0.00140085
0.00475402
0.0118656
0.0252266
0.0474182
0.0796176
0.118701
0.154721
0.176361
0.183729
0.191096
0.212737
0.248757
0.28784
0.320039
0.342231
0.355592
0.362704
0.366057
0.367458
0.367458
0.000738454
0.00250607
0.00625494
0.0132981
0.0249964
0.0419702
0.0625728
0.0815607
0.0929683
0.0968521
0.100736
0.112144
0.131132
0.151734
0.168708
0.180406
0.187449
0.191198
0.192966
0.193704
0.193704
0.000316311
0.00107346
0.00267926
0.00569615
0.010707
0.0179776
0.0268026
0.0349359
0.0398223
0.0414859
0.0431495
0.0480359
0.0561692
0.0649942
0.0722648
0.0772756
0.0802925
0.0818983
0.0826555
0.0829718
0.0829718
0.000110051
0.000373477
0.000932167
0.0019818
0.00372518
0.00625477
0.00932514
0.0121549
0.0138549
0.0144338
0.0150126
0.0167126
0.0195424
0.0226127
0.0251423
0.0268857
0.0279353
0.028494
0.0287575
0.0288675
0.0288675
6.01603e-05
0.000204164
0.000509577
0.00108337
0.0020364
0.00341923
0.00509767
0.00664458
0.00757393
0.00789034
0.00820675
0.00913611
0.010683
0.0123615
0.0137443
0.0146973
0.0152711
0.0155765
0.0157205
0.0157807
0.0157807
0.000109612
0.000371986
0.000928446
0.00197389
0.00371031
0.0062298
0.00928793
0.0121064
0.0137997
0.0143761
0.0149526
0.0166459
0.0194644
0.0225225
0.025042
0.0267784
0.0278238
0.0283803
0.0286427
0.0287523
0.0287523
0.000315049
0.00106917
0.00266857
0.00567342
0.0106643
0.0179059
0.0266956
0.0347965
0.0396633
0.0413203
0.0429773
0.0478442
0.055945
0.0647348
0.0719764
0.0769672
0.0799721
0.0815715
0.0823256
0.0826406
0.0826406
0.000735507
0.00249607
0.00622998
0.013245
0.0248966
0.0418027
0.062323
0.0812351
0.0925972
0.0964656
0.100334
0.111696
0.130608
0.151128
0.168035
0.179686
0.186701
0.190435
0.192196
0.192931
0.192931
0.00139526
0.00473505
0.0118183
0.0251259
0.0472289
0.0792998
0.118227
0.154103
0.175657
0.182996
0.190334
0.211888
0.247764
0.286691
0.318762
0.340865
0.354173
0.361256
0.364596
0.365991
0.365991
0.00217236
0.00737227
0.0184006
0.0391199
0.0735334
0.123466
0.184074
0.239932
0.273491
0.284916
0.296342
0.3299
0.385758
0.446366
0.496299
0.530712
0.551432
0.56246
0.56766
0.569832
0.569832
0.00284757
0.00966372
0.0241198
0.0512792
0.096389
0.161842
0.241288
0.314508
0.358497
0.373474
0.38845
0.43244
0.505659
0.585105
0.650558
0.695668
0.722828
0.737284
0.7441
0.746947
0.746947
0.00327534
0.0111154
0.0277432
0.0589825
0.110869
0.186155
0.277535
0.361754
0.412352
0.429578
0.446805
0.497402
0.581621
0.673002
0.748288
0.800174
0.831413
0.848041
0.855881
0.859157
0.859157
0.00347099
0.0117794
0.0294004
0.0625058
0.117492
0.197274
0.294114
0.383363
0.436983
0.455239
0.473494
0.527114
0.616363
0.713203
0.792986
0.847971
0.881077
0.898698
0.907006
0.910477
0.910477
0.00353456
0.0119951
0.0299388
0.0636505
0.119643
0.200887
0.2995
0.390384
0.444986
0.463576
0.482165
0.536767
0.627651
0.726264
0.807508
0.863501
0.897212
0.915156
0.923617
0.927151
0.927151
0.00354872
0.0120432
0.0300588
0.0639055
0.120123
0.201692
0.3007
0.391948
0.446769
0.465433
0.484098
0.538918
0.630166
0.729174
0.810744
0.866961
0.900808
0.918823
0.927318
0.930867
0.930867
0.00354872
0.0120432
0.0300588
0.0639055
0.120123
0.201692
0.3007
0.391948
0.446769
0.465433
0.484098
0.538918
0.630166
0.729174
0.810744
0.866961
0.900808
0.918823
0.927318
0.930867
0.930867
0.00353456
0.0119951
0.0299388
0.0636505
0.119643
0.200887
0.2995
0.390384
0.444986
0.463576
0.482165
0.536767
0.627651
0.726264
0.807508
0.863501
0.897212
0.915156
0.923617
0.927151
0.927151
0.00347099
0.0117794
0.0294004
0.0625058
0.117492
0.197274
0.294114
0.383363
0.436983
0.455239
0.473494
0.527114
0.616363
0.713203
0.792986
0.847971
0.881077
0.898698
0.907006
0.910477
0.910477
0.00327534
0.0111154
0.0277432
0.0589825
0.110869
0.186155
0.277535
0.361754
0.412352
0.429578
0.446805
0.497402
0.581621
0.673002
0.748288
0.800174
0.831413
0.848041
0.855881
0.859157
0.859157
0.00284757
0.00966372
0.0241198
0.0512792
0.096389
0.161842
0.241288
0.314508
0.358497
0.373474
0.38845
0.43244
0.505659
0.585105
0.650558
0.695668
0.722828
0.737284
0.7441
0.746947
0.746947
0.00217236
0.00737227
0.0184006
0.0391199
0.0735334
0.123466
0.184074
0.239932
0.273491
0.284916
0.296342
0.3299
0.385758
0.446366
0.496299
0.530712
0.551432
0.56246
0.56766
0.569832
0.569832
0.00139526
0.00473505
0.0118183
0.0251259
0.0472289
0.0792998
0.118227
0.154103
0.175657
0.182996
0.190334
0.211888
0.247764
0.286691
0.318762
0.340865
0.354173
0.361256
0.364596
0.365991
0.365991
0.000735507
0.00249607
0.00622998
0.013245
0.0248966
0.0418027
0.062323
0.0812351
0.0925972
0.0964656
0.100334
0.111696
0.130608
0.151128
0.168035
0.179686
0.186701
0.190435
0.192196
0.192931
0.192931
0.000315049
0.00106917
0.00266857
0.00567342
0.0106643
0.0179059
0.0266956
0.0347965
0.0396633
0.0413203
0.0429773
0.0478442
0.055945
0.0647348
0.0719764
0.0769672
0.0799721
0.0815715
0.0823256
0.0826406
0.0826406
0.000109612
0.000371986
0.000928446
0.00197389
0.00371031
0.0062298
0.00928793
0.0121064
0.0137997
0.0143761
0.0149526
0.0166459
0.0194644
0.0225225
0.025042
0.0267784
0.0278238
0.0283803
0.0286427
0.0287523
0.0287523
5.99202e-05
0.00020335
0.000507544
0.00107905
0.00202827
0.00340558
0.00507733
0.00661806
0.0075437
0.00785885
0.008174
0.00909965
0.0106404
0.0123121
0.0136894
0.0146387
0.0152102
0.0155144
0.0156578
0.0157177
0.0157177
0.00010764
0.000365296
0.000911749
0.00193839
0.00364358
0.00611777
0.00912089
0.0118886
0.0135515
0.0141176
0.0146837
0.0163466
0.0191143
0.0221174
0.0245916
0.0262968
0.0273235
0.0278699
0.0281276
0.0282352
0.0282352
0.000309383
0.00104994
0.00262057
0.00557138
0.0104725
0.0175838
0.0262155
0.0341707
0.03895
0.0405772
0.0422044
0.0469837
0.0549389
0.0635705
0.0706819
0.075583
0.0785338
0.0801044
0.080845
0.0811544
0.0811544
0.000722279
0.00245118
0.00611794
0.0130068
0.0244488
0.0410509
0.0612022
0.0797742
0.0909319
0.0947307
0.0985295
0.109687
0.128259
0.148411
0.165013
0.176455
0.183343
0.18701
0.188739
0.189461
0.189461
0.00137017
0.00464989
0.0116057
0.024674
0.0463795
0.0778737
0.116101
0.151332
0.172498
0.179704
0.186911
0.208077
0.243308
0.281535
0.313029
0.334735
0.347803
0.354759
0.358039
0.359409
0.359409
0.00213329
0.00723968
0.0180696
0.0384164
0.0722109
0.121246
0.180764
0.235617
0.268572
0.279792
0.291012
0.323967
0.37882
0.438338
0.487373
0.521168
0.541515
0.552345
0.557451
0.559584
0.559584
0.00279636
0.00948992
0.0236861
0.050357
0.0946555
0.158932
0.236949
0.308852
0.35205
0.366757
0.381464
0.424662
0.496565
0.574582
0.638859
0.683157
0.709828
0.724024
0.730718
0.733514
0.733514
0.00321644
0.0109155
0.0272443
0.0579218
0.108875
0.182807
0.272544
0.355248
0.404936
0.421853
0.438769
0.488457
0.571161
0.660898
0.73483
0.785783
0.816461
0.83279
0.840489
0.843705
0.843705
0.00340857
0.0115676
0.0288717
0.0613816
0.115379
0.193727
0.288824
0.376469
0.429124
0.447051
0.464979
0.517634
0.605279
0.700376
0.778724
0.832721
0.865231
0.882535
0.890694
0.894103
0.894103
0.00347099
0.0117794
0.0294004
0.0625058
0.117492
0.197274
0.294114
0.383363
0.436983
0.455239
0.473494
0.527114
0.616363
0.713203
0.792986
0.847971
0.881077
0.898698
0.907006
0.910477
0.910477
0.0034849
0.0118266
0.0295182
0.0627562
0.117962
0.198065
0.295292
0.384899
0.438734
0.457063
0.475391
0.529226
0.618833
0.716061
0.796163
0.851369
0.884607
0.902299
0.910641
0.914125
0.914125
0.0034849
0.0118266
0.0295182
0.0627562
0.117962
0.198065
0.295292
0.384899
0.438734
0.457063
0.475391
0.529226
0.618833
0.716061
0.796163
0.851369
0.884607
0.902299
0.910641
0.914125
0.914125
0.00347099
0.0117794
0.0294004
0.0625058
0.117492
0.197274
0.294114
0.383363
0.436983
0.455239
0.473494
0.527114
0.616363
0.713203
0.792986
0.847971
0.881077
0.898698
0.907006
0.910477
0.910477
0.00340857
0.0115676
0.0288717
0.0613816
0.115379
0.193727
0.288824
0.376469
0.429124
0.447051
0.464979
0.517634
0.605279
0.700376
0.778724
0.832721
0.865231
0.882535
0.890694
0.894103
0.894103
0.00321644
0.0109155
0.0272443
0.0579218
0.108875
0.182807
0.272544
0.355248
0.404936
0.421853
0.438769
0.488457
0.571161
0.660898
0.73483
0.785783
0.816461
0.83279
0.840489
0.843705
0.843705
0.00279636
0.00948992
0.0236861
0.050357
0.0946555
0.158932
0.236949
0.308852
0.35205
0.366757
0.381464
0.424662
0.496565
0.574582
0.638859
0.683157
0.709828
0.724024
0.730718
0.733514
0.733514
0.00213329
0.00723968
0.0180696
0.0384164
0.0722109
0.121246
0.180764
0.235617
0.268572
0.279792
0.291012
0.323967
0.37882
0.438338
0.487373
0.521168
0.541515
0.552345
0.557451
0.559584
0.559584
0.00137017
0.00464989
0.0116057
0.024674
0.0463795
0.0778737
0.116101
0.151332
0.172498
0.179704
0.186911
0.208077
0.243308
0.281535
0.313029
0.334735
0.347803
0.354759
0.358039
0.359409
0.359409
0.000722279
0.00245118
0.00611794
0.0130068
0.0244488
0.0410509
0.0612022
0.0797742
0.0909319
0.0947307
0.0985295
0.109687
0.128259
0.148411
0.165013
0.176455
0.183343
0.18701
0.188739
0.189461
0.189461
0.000309383
0.00104994
0.00262057
0.00557138
0.0104725
0.0175838
0.0262155
0.0341707
0.03895
0.0405772
0.0422044
0.0469837
0.0549389
0.0635705
0.0706819
0.075583
0.0785338
0.0801044
0.080845
0.0811544
0.0811544
0.00010764
0.000365296
0.000911749
0.00193839
0.00364358
0.00611777
0.00912089
0.0118886
0.0135515
0.0141176
0.0146837
0.0163466
0.0191143
0.0221174
0.0245916
0.0262968
0.0273235
0.0278699
0.0281276
0.0282352
0.0282352
5.88426e-05
0.000199692
0.000498416
0.00105964
0.0019918
0.00334433
0.00498602
0.00649904
0.00740804
0.00771752
0.008027
0.00893599
0.010449
0.0120907
0.0134432
0.0143754
0.0149366
0.0152353
0.0153762
0.015435
0.015435
0.000101573
0.000344706
0.000860356
0.00182913
0.00343821
0.00577293
0.00860677
0.0112185
0.0127876
0.0133218
0.0138561
0.0154252
0.0180369
0.0208708
0.0232055
0.0248145
0.0257833
0.026299
0.0265421
0.0266437
0.0266437
0.000291944
0.000990762
0.00247286
0.00525734
0.00988218
0.0165927
0.0247378
0.0322446
0.0367545
0.03829
0.0398255
0.0443354
0.0518422
0.0599873
0.0666978
0.0713227
0.0741071
0.0755892
0.0762881
0.07658
0.07658
0.000681567
0.00231301
0.00577309
0.0122737
0.0230708
0.038737
0.0577524
0.0752776
0.0858064
0.0893911
0.0929757
0.103505
0.12103
0.140045
0.155711
0.166508
0.173009
0.176469
0.178101
0.178782
0.178782
0.00129293
0.00438779
0.0109516
0.0232832
0.0437653
0.0734842
0.109557
0.142802
0.162775
0.169575
0.176375
0.196348
0.229594
0.265666
0.295385
0.315867
0.328199
0.334762
0.337857
0.33915
0.33915
0.00201304
0.00683161
0.0170511
0.036251
0.0681407
0.114412
0.170575
0.222336
0.253434
0.264021
0.274609
0.305706
0.357468
0.413631
0.459902
0.491791
0.510991
0.521211
0.526029
0.528042
0.528042
0.00263874
0.00895501
0.0223509
0.0475185
0.0893201
0.149973
0.223593
0.291443
0.332206
0.346084
0.359963
0.400726
0.468576
0.542195
0.602848
0.64465
0.669817
0.683213
0.68953
0.692168
0.692168
0.00303514
0.0103003
0.0257086
0.0546569
0.102738
0.172503
0.257182
0.335224
0.382111
0.398074
0.414037
0.460924
0.538967
0.623646
0.69341
0.741491
0.77044
0.785848
0.793113
0.796148
0.796148
0.00321644
0.0109155
0.0272443
0.0579218
0.108875
0.182807
0.272544
0.355248
0.404936
0.421853
0.438769
0.488457
0.571161
0.660898
0.73483
0.785783
0.816461
0.83279
0.840489
0.843705
0.843705
0.00327534
0.0111154
0.0277432
0.0589825
0.110869
0.186155
0.277535
0.361754
0.412352
0.429578
0.446805
0.497402
0.581621
0.673002
0.748288
0.800174
0.831413
0.848041
0.855881
0.859157
0.859157
0.00328847
0.01116
0.0278544
0.0592189
0.111313
0.186901
0.278648
0.363204
0.414004
0.4313
0.448595
0.499395
0.583952
0.675699
0.751286
0.80338
0.834745
0.851439
0.859311
0.862599
0.862599
0.00328847
0.01116
0.0278544
0.0592189
0.111313
0.186901
0.278648
0.363204
0.414004
0.4313
0.448595
0.499395
0.583952
0.675699
0.751286
0.80338
0.834745
0.851439
0.859311
0.862599
0.862599
0.00327534
0.0111154
0.0277432
0.0589825
0.110869
0.186155
0.277535
0.361754
0.412352
0.429578
0.446805
0.497402
0.581621
0.673002
0.748288
0.800174
0.831413
0.848041
0.855881
0.859157
0.859157
0.00321644
0.0109155
0.0272443
0.0579218
0.108875
0.182807
0.272544
0.355248
0.404936
0.421853
0.438769
0.488457
0.571161
0.660898
0.73483
0.785783
0.816461
0.83279
0.840489
0.843705
0.843705
0.00303514
0.0103003
0.0257086
0.0546569
0.102738
0.172503
0.257182
0.335224
0.382111
0.398074
0.414037
0.460924
0.538967
0.623646
0.69341
0.741491
0.77044
0.785848
0.793113
0.796148
0.796148
0.00263874
0.00895501
0.0223509
0.0475185
0.0893201
0.149973
0.223593
0.291443
0.332206
0.346084
0.359963
0.400726
0.468576
0.542195
0.602848
0.64465
0.669817
0.683213
0.68953
0.692168
0.692168
0.00201304
0.00683161
0.0170511
0.036251
0.0681407
0.114412
0.170575
0.222336
0.253434
0.264021
0.274609
0.305706
0.357468
0.413631
0.459902
0.491791
0.510991
0.521211
0.526029
0.528042
0.528042
0.00129293
0.00438779
0.0109516
0.0232832
0.0437653
0.0734842
0.109557
0.142802
0.162775
0.169575
0.176375
0.196348
0.229594
0.265666
0.295385
0.315867
0.328199
0.334762
0.337857
0.33915
0.33915
0.000681567
0.00231301
0.00577309
0.0122737
0.0230708
0.038737
0.0577524
0.0752776
0.0858064
0.0893911
0.0929757
0.103505
0.12103
0.140045
0.155711
0.166508
0.173009
0.176469
0.178101
0.178782
0.178782
0.000291944
0.000990762
0.00247286
0.00525734
0.00988218
0.0165927
0.0247378
0.0322446
0.0367545
0.03829
0.0398255
0.0443354
0.0518422
0.0599873
0.0666978
0.0713227
0.0741071
0.0755892
0.0762881
0.07658
0.07658
0.000101573
0.000344706
0.000860356
0.00182913
0.00343821
0.00577293
0.00860677
0.0112185
0.0127876
0.0133218
0.0138561
0.0154252
0.0180369
0.0208708
0.0232055
0.0248145
0.0257833
0.026299
0.0265421
0.0266437
0.0266437
5.55258e-05
0.000188436
0.000470322
0.000999912
0.00187953
0.00315582
0.00470497
0.00613271
0.00699047
0.00728251
0.00757454
0.0084323
0.00986004
0.0114092
0.0126855
0.0135651
0.0140947
0.0143766
0.0145095
0.014565
0.014565
8.83072e-05
0.000299686
0.000747991
0.00159024
0.00298916
0.00501896
0.0074827
0.00975334
0.0111175
0.011582
0.0120464
0.0134106
0.0156812
0.018145
0.0201748
0.0215737
0.0224159
0.0228642
0.0230756
0.0231639
0.0231639
0.000253815
0.000861365
0.0021499
0.00457072
0.00859153
0.0144256
0.021507
0.0280333
0.0319542
0.0332892
0.0346241
0.038545
0.0450714
0.0521527
0.0579868
0.0620076
0.0644285
0.065717
0.0663245
0.0665784
0.0665784
0.000592551
0.00201093
0.0050191
0.0106707
0.0200576
0.0336778
0.0502097
0.065446
0.0745998
0.0777163
0.0808327
0.0899865
0.105223
0.121755
0.135375
0.144762
0.150413
0.153422
0.15484
0.155433
0.155433
0.00112407
0.00381473
0.00952125
0.0202424
0.0380494
0.0638869
0.095248
0.124151
0.141516
0.147428
0.15334
0.170705
0.199608
0.230969
0.256807
0.274614
0.285335
0.291041
0.293732
0.294856
0.294856
0.00175013
0.00593937
0.0148242
0.0315165
0.0592412
0.0994691
0.148297
0.193298
0.220334
0.229539
0.238744
0.26578
0.310781
0.359609
0.399837
0.427562
0.444254
0.453139
0.457328
0.459078
0.459078
0.00229411
0.00778545
0.0194318
0.0413124
0.0776546
0.130386
0.194391
0.253379
0.288819
0.300884
0.31295
0.348389
0.407378
0.471382
0.524114
0.560456
0.582337
0.593983
0.599474
0.601769
0.601769
0.00263874
0.00895501
0.0223509
0.0475185
0.0893201
0.149973
0.223593
0.291443
0.332206
0.346084
0.359963
0.400726
0.468576
0.542195
0.602848
0.64465
0.669817
0.683213
0.68953
0.692168
0.692168
0.00279636
0.00948992
0.0236861
0.050357
0.0946555
0.158932
0.236949
0.308852
0.35205
0.366757
0.381464
0.424662
0.496565
0.574582
0.638859
0.683157
0.709828
0.724024
0.730718
0.733514
0.733514
0.00284757
0.00966372
0.0241198
0.0512792
0.096389
0.161842
0.241288
0.314508
0.358497
0.373474
0.38845
0.43244
0.505659
0.585105
0.650558
0.695668
0.722828
0.737284
0.7441
0.746947
0.746947
0.00285898
0.00970244
0.0242165
0.0514847
0.0967753
0.162491
0.242255
0.315768
0.359934
0.37497
0.390007
0.434172
0.507685
0.58745
0.653165
0.698456
0.725724
0.740238
0.747082
0.749941
0.749941
0.00285898
0.00970244
0.0242165
0.0514847
0.0967753
0.162491
0.242255
0.315768
0.359934
0.37497
0.390007
0.434172
0.507685
0.58745
0.653165
0.698456
0.725724
0.740238
0.747082
0.749941
0.749941
0.00284757
0.00966372
0.0241198
0.0512792
0.096389
0.161842
0.241288
0.314508
0.358497
0.373474
0.38845
0.43244
0.505659
0.585105
0.650558
0.695668
0.722828
0.737284
0.7441
0.746947
0.746947
0.00279636
0.00948992
0.0236861
0.050357
0.0946555
0.158932
0.236949
0.308852
0.35205
0.366757
0.381464
0.424662
0.496565
0.574582
0.638859
0.683157
0.709828
0.724024
0.730718
0.733514
0.733514
0.00263874
0.00895501
0.0223509
0.0475185
0.0893201
0.149973
0.223593
0.291443
0.332206
0.346084
0.359963
0.400726
0.468576
0.542195
0.602848
0.64465
0.669817
0.683213
0.68953
0.692168
0.692168
0.00229411
0.00778545
0.0194318
0.0413124
0.0776546
0.130386
0.194391
0.253379
0.288819
0.300884
0.31295
0.348389
0.407378
0.471382
0.524114
0.560456
0.582337
0.593983
0.599474
0.601769
0.601769
0.00175013
0.00593937
0.0148242
0.0315165
0.0592412
0.0994691
0.148297
0.193298
0.220334
0.229539
0.238744
0.26578
0.310781
0.359609
0.399837
0.427562
0.444254
0.453139
0.457328
0.459078
0.459078
0.00112407
0.00381473
0.00952125
0.0202424
0.0380494
0.0638869
0.095248
0.124151
0.141516
0.147428
0.15334
0.170705
0.199608
0.230969
0.256807
0.274614
0.285335
0.291041
0.293732
0.294856
0.294856
0.000592551
0.00201093
0.0050191
0.0106707
0.0200576
0.0336778
0.0502097
0.065446
0.0745998
0.0777163
0.0808327
0.0899865
0.105223
0.121755
0.135375
0.144762
0.150413
0.153422
0.15484
0.155433
0.155433
0.000253815
0.000861365
0.0021499
0.00457072
0.00859153
0.0144256
0.021507
0.0280333
0.0319542
0.0332892
0.0346241
0.038545
0.0450714
0.0521527
0.0579868
0.0620076
0.0644285
0.065717
0.0663245
0.0665784
0.0665784
8.83072e-05
0.000299686
0.000747991
0.00159024
0.00298916
0.00501896
0.0074827
0.00975334
0.0111175
0.011582
0.0120464
0.0134106
0.0156812
0.018145
0.0201748
0.0215737
0.0224159
0.0228642
0.0230756
0.0231639
0.0231639
4.82739e-05
0.000163826
0.000408896
0.00086932
0.00163405
0.00274366
0.00409048
0.00533175
0.00607749
0.00633138
0.00658528
0.00733101
0.00857228
0.0099191
0.0110287
0.0117934
0.0122539
0.0124989
0.0126145
0.0126628
0.0126628
6.73679e-05
0.000228625
0.000570628
0.00121317
0.00228038
0.00382887
0.00570841
0.00744064
0.00848134
0.00883566
0.00918998
0.0102307
0.0119629
0.0138424
0.0153909
0.0164582
0.0171007
0.0174427
0.017604
0.0176713
0.0176713
0.000193631
0.000657119
0.00164011
0.00348691
0.00655432
0.011005
0.0164073
0.0213861
0.0243773
0.0253957
0.0264141
0.0294053
0.0343841
0.0397863
0.0442371
0.0473045
0.0491513
0.0501343
0.0505978
0.0507914
0.0507914
0.000452046
0.0015341
0.00382898
0.00814048
0.0153016
0.0256922
0.0383041
0.0499276
0.0569108
0.0592883
0.0616658
0.068649
0.0802725
0.0928844
0.103275
0.110436
0.114748
0.117042
0.118125
0.118577
0.118577
0.000857533
0.00291019
0.00726358
0.0154425
0.0290272
0.0487381
0.0726629
0.0947127
0.10796
0.11247
0.11698
0.130227
0.152277
0.176202
0.195913
0.209498
0.217676
0.22203
0.224083
0.22494
0.22494
0.00133514
0.00453104
0.0113091
0.0240433
0.045194
0.0758831
0.113133
0.147464
0.168089
0.175111
0.182133
0.202758
0.237089
0.274339
0.305028
0.326179
0.338913
0.345691
0.348887
0.350222
0.350222
0.00175013
0.00593937
0.0148242
0.0315165
0.0592412
0.0994691
0.148297
0.193298
0.220334
0.229539
0.238744
0.26578
0.310781
0.359609
0.399837
0.427562
0.444254
0.453139
0.457328
0.459078
0.459078
0.00201304
0.00683161
0.0170511
0.036251
0.0681407
0.114412
0.170575
0.222336
0.253434
0.264021
0.274609
0.305706
0.357468
0.413631
0.459902
0.491791
0.510991
0.521211
0.526029
0.528042
0.528042
0.00213329
0.00723968
0.0180696
0.0384164
0.0722109
0.121246
0.180764
0.235617
0.268572
0.279792
0.291012
0.323967
0.37882
0.438338
0.487373
0.521168
0.541515
0.552345
0.557451
0.559584
0.559584
0.00217236
0.00737227
0.0184006
0.0391199
0.0735334
0.123466
0.184074
0.239932
0.273491
0.284916
0.296342
0.3299
0.385758
0.446366
0.496299
0.530712
0.551432
0.56246
0.56766
0.569832
0.569832
0.00218106
0.00740181
0.0184743
0.0392767
0.0738281
0.123961
0.184812
0.240894
0.274587
0.286058
0.297529
0.331222
0.387304
0.448154
0.498288
0.532839
0.553641
0.564714
0.569935
0.572116
0.572116
0.00218106
0.00740181
0.0184743
0.0392767
0.0738281
0.123961
0.184812
0.240894
0.274587
0.286058
0.297529
0.331222
0.387304
0.448154
0.498288
0.532839
0.553641
0.564714
0.569935
0.572116
0.572116
0.00217236
0.00737227
0.0184006
0.0391199
0.0735334
0.123466
0.184074
0.239932
0.273491
0.284916
0.296342
0.3299
0.385758
0.446366
0.496299
0.530712
0.551432
0.56246
0.56766
0.569832
0.569832
0.00213329
0.00723968
0.0180696
0.0384164
0.0722109
0.121246
0.180764
0.235617
0.268572
0.279792
0.291012
0.323967
0.37882
0.438338
0.487373
0.521168
0.541515
0.552345
0.557451
0.559584
0.559584
0.00201304
0.00683161
0.0170511
0.036251
0.0681407
0.114412
0.170575
0.222336
0.253434
0.264021
0.274609
0.305706
0.357468
0.413631
0.459902
0.491791
0.510991
0.521211
0.526029
0.528042
0.528042
0.00175013
0.00593937
0.0148242
0.0315165
0.0592412
0.0994691
0.148297
0.193298
0.220334
0.229539
0.238744
0.26578
0.310781
0.359609
0.399837
0.427562
0.444254
0.453139
0.457328
0.459078
0.459078
0.00133514
0.00453104
0.0113091
0.0240433
0.045194
0.0758831
0.113133
0.147464
0.168089
0.175111
0.182133
0.202758
0.237089
0.274339
0.305028
0.326179
0.338913
0.345691
0.348887
0.350222
0.350222
0.000857533
0.00291019
0.00726358
0.0154425
0.0290272
0.0487381
0.0726629
0.0947127
0.10796
0.11247
0.11698
0.130227
0.152277
0.176202
0.195913
0.209498
0.217676
0.22203
0.224083
0.22494
0.22494
0.000452046
0.0015341
0.00382898
0.00814048
0.0153016
0.0256922
0.0383041
0.0499276
0.0569108
0.0592883
0.0616658
0.068649
0.0802725
0.0928844
0.103275
0.110436
0.114748
0.117042
0.118125
0.118577
0.118577
0.000193631
0.000657119
0.00164011
0.00348691
0.00655432
0.011005
0.0164073
0.0213861
0.0243773
0.0253957
0.0264141
0.0294053
0.0343841
0.0397863
0.0442371
0.0473045
0.0491513
0.0501343
0.0505978
0.0507914
0.0507914
6.73679e-05
0.000228625
0.000570628
0.00121317
0.00228038
0.00382887
0.00570841
0.00744064
0.00848134
0.00883566
0.00918998
0.0102307
0.0119629
0.0138424
0.0153909
0.0164582
0.0171007
0.0174427
0.017604
0.0176713
0.0176713
3.68273e-05
0.00012498
0.000311939
0.000663188
0.00124659
0.00209309
0.00312055
0.0040675
0.0046364
0.00483009
0.00502379
0.00559269
0.00653963
0.0075671
0.0084136
0.008997
0.00934825
0.00953521
0.00962336
0.00966019
0.00966019
4.3269e-05
0.000146841
0.000366502
0.00077919
0.00146464
0.0024592
0.00366639
0.00477896
0.00544738
0.00567495
0.00590253
0.00657094
0.00768352
0.00889071
0.00988527
0.0105707
0.0109834
0.0112031
0.0113066
0.0113499
0.0113499
0.000124365
0.000422054
0.00105341
0.00223957
0.0042097
0.00706831
0.010538
0.0137358
0.015657
0.0163111
0.0169652
0.0188864
0.0220842
0.0255539
0.0284125
0.0303826
0.0315688
0.0322002
0.0324978
0.0326222
0.0326222
0.00029034
0.000985318
0.00245927
0.00522845
0.00982788
0.0165015
0.0246019
0.0320674
0.0365526
0.0380796
0.0396066
0.0440918
0.0515573
0.0596576
0.0663313
0.0709307
0.0736999
0.0751739
0.0758688
0.0761592
0.0761592
0.000550775
0.00186915
0.00466524
0.00991839
0.0186435
0.0313034
0.0466698
0.0608319
0.0693403
0.0722371
0.0751339
0.0836422
0.0978043
0.113171
0.125831
0.134556
0.139809
0.142605
0.143923
0.144474
0.144474
0.000857533
0.00291019
0.00726358
0.0154425
0.0290272
0.0487381
0.0726629
0.0947127
0.10796
0.11247
0.11698
0.130227
0.152277
0.176202
0.195913
0.209498
0.217676
0.22203
0.224083
0.22494
0.22494
0.00112407
0.00381473
0.00952125
0.0202424
0.0380494
0.0638869
0.095248
0.124151
0.141516
0.147428
0.15334
0.170705
0.199608
0.230969
0.256807
0.274614
0.285335
0.291041
0.293732
0.294856
0.294856
0.00129293
0.00438779
0.0109516
0.0232832
0.0437653
0.0734842
0.109557
0.142802
0.162775
0.169575
0.176375
0.196348
0.229594
0.265666
0.295385
0.315867
0.328199
0.334762
0.337857
0.33915
0.33915
0.00137017
0.00464989
0.0116057
0.024674
0.0463795
0.0778737
0.116101
0.151332
0.172498
0.179704
0.186911
0.208077
0.243308
0.281535
0.313029
0.334735
0.347803
0.354759
0.358039
0.359409
0.359409
0.00139526
0.00473505
0.0118183
0.0251259
0.0472289
0.0792998
0.118227
0.154103
0.175657
0.182996
0.190334
0.211888
0.247764
0.286691
0.318762
0.340865
0.354173
0.361256
0.364596
0.365991
0.365991
0.00140085
0.00475402
0.0118656
0.0252266
0.0474182
0.0796176
0.118701
0.154721
0.176361
0.183729
0.191096
0.212737
0.248757
0.28784
0.320039
0.342231
0.355592
0.362704
0.366057
0.367458
0.367458
0.00140085
0.00475402
0.0118656
0.0252266
0.0474182
0.0796176
0.118701
0.154721
0.176361
0.183729
0.191096
0.212737
0.248757
0.28784
0.320039
0.342231
0.355592
0.362704
0.366057
0.367458
0.367458
0.00139526
0.00473505
0.0118183
0.0251259
0.0472289
0.0792998
0.118227
0.154103
0.175657
0.182996
0.190334
0.211888
0.247764
0.286691
0.318762
0.340865
0.354173
0.361256
0.364596
0.365991
0.365991
0.00137017
0.00464989
0.0116057
0.024674
0.0463795
0.0778737
0.116101
0.151332
0.172498
0.179704
0.186911
0.208077
0.243308
0.281535
0.313029
0.334735
0.347803
0.354759
0.358039
0.359409
0.359409
0.00129293
0.00438779
0.0109516
0.0232832
0.0437653
0.0734842
0.109557
0.142802
0.162775
0.169575
0.176375
0.196348
0.229594
0.265666
0.295385
0.315867
0.328199
0.334762
0.337857
0.33915
0.33915
0.00112407
0.00381473
0.00952125
0.0202424
0.0380494
0.0638869
0.095248
0.124151
0.141516
0.147428
0.15334
0.170705
0.199608
0.230969
0.256807
0.274614
0.285335
0.291041
0.293732
0.294856
0.294856
0.000857533
0.00291019
0.00726358
0.0154425
0.0290272
0.0487381
0.0726629
0.0947127
0.10796
0.11247
0.11698
0.130227
0.152277
0.176202
0.195913
0.209498
0.217676
0.22203
0.224083
0.22494
0.22494
0.000550775
0.00186915
0.00466524
0.00991839
0.0186435
0.0313034
0.0466698
0.0608319
0.0693403
0.0722371
0.0751339
0.0836422
0.0978043
0.113171
0.125831
0.134556
0.139809
0.142605
0.143923
0.144474
0.144474
0.00029034
0.000985318
0.00245927
0.00522845
0.00982788
0.0165015
0.0246019
0.0320674
0.0365526
0.0380796
0.0396066
0.0440918
0.0515573
0.0596576
0.0663313
0.0709307
0.0736999
0.0751739
0.0758688
0.0761592
0.0761592
0.000124365
0.000422054
0.00105341
0.00223957
0.0042097
0.00706831
0.010538
0.0137358
0.015657
0.0163111
0.0169652
0.0188864
0.0220842
0.0255539
0.0284125
0.0303826
0.0315688
0.0322002
0.0324978
0.0326222
0.0326222
4.3269e-05
0.000146841
0.000366502
0.00077919
0.00146464
0.0024592
0.00366639
0.00477896
0.00544738
0.00567495
0.00590253
0.00657094
0.00768352
0.00889071
0.00988527
0.0105707
0.0109834
0.0112031
0.0113066
0.0113499
0.0113499
2.36534e-05
8.02718e-05
0.000200352
0.000425951
0.000800657
0.00134435
0.00200426
0.00261246
0.00297786
0.00310227
0.00322667
0.00359207
0.00420027
0.00486019
0.00540387
0.00577858
0.00600418
0.00612426
0.00618088
0.00620453
0.00620453
2.28091e-05
7.74067e-05
0.000193201
0.000410748
0.000772079
0.00129636
0.00193273
0.00251922
0.00287157
0.00299154
0.0031115
0.00346385
0.00405035
0.00468671
0.00521099
0.00557233
0.00578987
0.00590567
0.00596026
0.00598307
0.00598307
6.55586e-05
0.000222484
0.000555302
0.00118058
0.00221913
0.00372604
0.0055551
0.00724081
0.00825355
0.00859836
0.00894316
0.00995591
0.0116416
0.0134707
0.0149776
0.0160161
0.0166414
0.0169742
0.0171312
0.0171967
0.0171967
0.000153052
0.000519408
0.0012964
0.00275617
0.00518074
0.00869873
0.0129688
0.0169042
0.0192686
0.0200736
0.0208785
0.0232429
0.0271783
0.0314484
0.0349664
0.0373909
0.0388507
0.0396277
0.0399941
0.0401471
0.0401471
0.00029034
0.000985318
0.00245927
0.00522845
0.00982788
0.0165015
0.0246019
0.0320674
0.0365526
0.0380796
0.0396066
0.0440918
0.0515573
0.0596576
0.0663313
0.0709307
0.0736999
0.0751739
0.0758688
0.0761592
0.0761592
0.000452046
0.0015341
0.00382898
0.00814048
0.0153016
0.0256922
0.0383041
0.0499276
0.0569108
0.0592883
0.0616658
0.068649
0.0802725
0.0928844
0.103275
0.110436
0.114748
0.117042
0.118125
0.118577
0.118577
0.000592551
0.00201093
0.0050191
0.0106707
0.0200576
0.0336778
0.0502097
0.065446
0.0745998
0.0777163
0.0808327
0.0899865
0.105223
0.121755
0.135375
0.144762
0.150413
0.153422
0.15484
0.155433
0.155433
0.000681567
0.00231301
0.00577309
0.0122737
0.0230708
0.038737
0.0577524
0.0752776
0.0858064
0.0893911
0.0929757
0.103505
0.12103
0.140045
0.155711
0.166508
0.173009
0.176469
0.178101
0.178782
0.178782
0.000722279
0.00245118
0.00611794
0.0130068
0.0244488
0.0410509
0.0612022
0.0797742
0.0909319
0.0947307
0.0985295
0.109687
0.128259
0.148411
0.165013
0.176455
0.183343
0.18701
0.188739
0.189461
0.189461
0.000735507
0.00249607
0.00622998
0.013245
0.0248966
0.0418027
0.062323
0.0812351
0.0925972
0.0964656
0.100334
0.111696
0.130608
0.151128
0.168035
0.179686
0.186701
0.190435
0.192196
0.192931
0.192931
0.000738454
0.00250607
0.00625494
0.0132981
0.0249964
0.0419702
0.0625728
0.0815607
0.0929683
0.0968521
0.100736
0.112144
0.131132
0.151734
0.168708
0.180406
0.187449
0.191198
0.192966
0.193704
0.193704
0.000738454
0.00250607
0.00625494
0.0132981
0.0249964
0.0419702
0.0625728
0.0815607
0.0929683
0.0968521
0.100736
0.112144
0.131132
0.151734
0.168708
0.180406
0.187449
0.191198
0.192966
0.193704
0.193704
0.000735507
0.00249607
0.00622998
0.013245
0.0248966
0.0418027
0.062323
0.0812351
0.0925972
0.0964656
0.100334
0.111696
0.130608
0.151128
0.168035
0.179686
0.186701
0.190435
0.192196
0.192931
0.192931
0.000722279
0.00245118
0.00611794
0.0130068
0.0244488
0.0410509
0.0612022
0.0797742
0.0909319
0.0947307
0.0985295
0.109687
0.128259
0.148411
0.165013
0.176455
0.183343
0.18701
0.188739
0.189461
0.189461
0.000681567
0.00231301
0.00577309
0.0122737
0.0230708
0.038737
0.0577524
0.0752776
0.0858064
0.0893911
0.0929757
0.103505
0.12103
0.140045
0.155711
0.166508
0.173009
0.176469
0.178101
0.178782
0.178782
0.000592551
0.00201093
0.0050191
0.0106707
0.0200576
0.0336778
0.0502097
0.065446
0.0745998
0.0777163
0.0808327
0.0899865
0.105223
0.121755
0.135375
0.144762
0.150413
0.153422
0.15484
0.155433
0.155433
0.000452046
0.0015341
0.00382898
0.00814048
0.0153016
0.0256922
0.0383041
0.0499276
0.0569108
0.0592883
0.0616658
0.068649
0.0802725
0.0928844
0.103275
0.110436
0.114748
0.117042
0.118125
0.118577
0.118577
0.00029034
0.000985318
0.00245927
0.00522845
0.00982788
0.0165015
0.0246019
0.0320674
0.0365526
0.0380796
0.0396066
0.0440918
0.0515573
0.0596576
0.0663313
0.0709307
0.0736999
0.0751739
0.0758688
0.0761592
0.0761592
0.000153052
0.000519408
0.0012964
0.00275617
0.00518074
0.00869873
0.0129688
0.0169042
0.0192686
0.0200736
0.0208785
0.0232429
0.0271783
0.0314484
0.0349664
0.0373909
0.0388507
0.0396277
0.0399941
0.0401471
0.0401471
6.55586e-05
0.000222484
0.000555302
0.00118058
0.00221913
0.00372604
0.0055551
0.00724081
0.00825355
0.00859836
0.00894316
0.00995591
0.0116416
0.0134707
0.0149776
0.0160161
0.0166414
0.0169742
0.0171312
0.0171967
0.0171967
2.28091e-05
7.74067e-05
0.000193201
0.000410748
0.000772079
0.00129636
0.00193273
0.00251922
0.00287157
0.00299154
0.0031115
0.00346385
0.00405035
0.00468671
0.00521099
0.00557233
0.00578987
0.00590567
0.00596026
0.00598307
0.00598307
1.24688e-05
4.23151e-05
0.000105615
0.000224539
0.000422064
0.000708668
0.00105654
0.00137715
0.00156977
0.00163535
0.00170093
0.00189355
0.00221416
0.00256203
0.00284864
0.00304616
0.00316509
0.00322839
0.00325823
0.0032707
0.0032707
9.77012e-06
3.31566e-05
8.2756e-05
0.000175941
0.000330714
0.000555287
0.000827869
0.00107909
0.00123002
0.0012814
0.00133279
0.00148372
0.00173494
0.00200752
0.00223209
0.00238686
0.00248005
0.00252965
0.00255303
0.0025628
0.0025628
2.80815e-05
9.52995e-05
0.00023786
0.000505694
0.000950548
0.00159602
0.00237948
0.00310155
0.00353535
0.00368304
0.00383074
0.00426454
0.0049866
0.00577006
0.00641554
0.00686039
0.00712822
0.00727078
0.007338
0.00736608
0.00736608
6.55586e-05
0.000222484
0.000555302
0.00118058
0.00221913
0.00372604
0.0055551
0.00724081
0.00825355
0.00859836
0.00894316
0.00995591
0.0116416
0.0134707
0.0149776
0.0160161
0.0166414
0.0169742
0.0171312
0.0171967
0.0171967
0.000124365
0.000422054
0.00105341
0.00223957
0.0042097
0.00706831
0.010538
0.0137358
0.015657
0.0163111
0.0169652
0.0188864
0.0220842
0.0255539
0.0284125
0.0303826
0.0315688
0.0322002
0.0324978
0.0326222
0.0326222
0.000193631
0.000657119
0.00164011
0.00348691
0.00655432
0.011005
0.0164073
0.0213861
0.0243773
0.0253957
0.0264141
0.0294053
0.0343841
0.0397863
0.0442371
0.0473045
0.0491513
0.0501343
0.0505978
0.0507914
0.0507914
0.000253815
0.000861365
0.0021499
0.00457072
0.00859153
0.0144256
0.021507
0.0280333
0.0319542
0.0332892
0.0346241
0.038545
0.0450714
0.0521527
0.0579868
0.0620076
0.0644285
0.065717
0.0663245
0.0665784
0.0665784
0.000291944
0.000990762
0.00247286
0.00525734
0.00988218
0.0165927
0.0247378
0.0322446
0.0367545
0.03829
0.0398255
0.0443354
0.0518422
0.0599873
0.0666978
0.0713227
0.0741071
0.0755892
0.0762881
0.07658
0.07658
0.000309383
0.00104994
0.00262057
0.00557138
0.0104725
0.0175838
0.0262155
0.0341707
0.03895
0.0405772
0.0422044
0.0469837
0.0549389
0.0635705
0.0706819
0.075583
0.0785338
0.0801044
0.080845
0.0811544
0.0811544
0.000315049
0.00106917
0.00266857
0.00567342
0.0106643
0.0179059
0.0266956
0.0347965
0.0396633
0.0413203
0.0429773
0.0478442
0.055945
0.0647348
0.0719764
0.0769672
0.0799721
0.0815715
0.0823256
0.0826406
0.0826406
0.000316311
0.00107346
0.00267926
0.00569615
0.010707
0.0179776
0.0268026
0.0349359
0.0398223
0.0414859
0.0431495
0.0480359
0.0561692
0.0649942
0.0722648
0.0772756
0.0802925
0.0818983
0.0826555
0.0829718
0.0829718
0.000316311
0.00107346
0.00267926
0.00569615
0.010707
0.0179776
0.0268026
0.0349359
0.0398223
0.0414859
0.0431495
0.0480359
0.0561692
0.0649942
0.0722648
0.0772756
0.0802925
0.0818983
0.0826555
0.0829718
0.0829718
0.000315049
0.00106917
0.00266857
0.00567342
0.0106643
0.0179059
0.0266956
0.0347965
0.0396633
0.0413203
0.0429773
0.0478442
0.055945
0.0647348
0.0719764
0.0769672
0.0799721
0.0815715
0.0823256
0.0826406
0.0826406
0.000309383
0.00104994
0.00262057
0.00557138
0.0104725
0.0175838
0.0262155
0.0341707
0.03895
0.0405772
0.0422044
0.0469837
0.0549389
0.0635705
0.0706819
0.075583
0.0785338
0.0801044
0.080845
0.0811544
0.0811544
0.000291944
0.000990762
0.00247286
0.00525734
0.00988218
0.0165927
0.0247378
0.0322446
0.0367545
0.03829
0.0398255
0.0443354
0.0518422
0.0599873
0.0666978
0.0713227
0.0741071
0.0755892
0.0762881
0.07658
0.07658
0.000253815
0.000861365
0.0021499
0.00457072
0.00859153
0.0144256
0.021507
0.0280333
0.0319542
0.0332892
0.0346241
0.038545
0.0450714
0.0521527
0.0579868
0.0620076
0.0644285
0.065717
0.0663245
0.0665784
0.0665784
0.000193631
0.000657119
0.00164011
0.00348691
0.00655432
0.011005
0.0164073
0.0213861
0.0243773
0.0253957
0.0264141
0.0294053
0.0343841
0.0397863
0.0442371
0.0473045
0.0491513
0.0501343
0.0505978
0.0507914
0.0507914
0.000124365
0.000422054
0.00105341
0.00223957
0.0042097
0.00706831
0.010538
0.0137358
0.015657
0.0163111
0.0169652
0.0188864
0.0220842
0.0255539
0.0284125
0.0303826
0.0315688
0.0322002
0.0324978
0.0326222
0.0326222
6.55586e-05
0.000222484
0.000555302
0.00118058
0.00221913
0.00372604
0.0055551
0.00724081
0.00825355
0.00859836
0.00894316
0.00995591
0.0116416
0.0134707
0.0149776
0.0160161
0.0166414
0.0169742
0.0171312
0.0171967
0.0171967
2.80815e-05
9.52995e-05
0.00023786
0.000505694
0.000950548
0.00159602
0.00237948
0.00310155
0.00353535
0.00368304
0.00383074
0.00426454
0.0049866
0.00577006
0.00641554
0.00686039
0.00712822
0.00727078
0.007338
0.00736608
0.00736608
9.77012e-06
3.31566e-05
8.2756e-05
0.000175941
0.000330714
0.000555287
0.000827869
0.00107909
0.00123002
0.0012814
0.00133279
0.00148372
0.00173494
0.00200752
0.00223209
0.00238686
0.00248005
0.00252965
0.00255303
0.0025628
0.0025628
5.34092e-06
1.81253e-05
4.52393e-05
9.61797e-05
0.000180788
0.000303553
0.000452562
0.000589894
0.0006724
0.00070049
0.000728581
0.000811087
0.000948418
0.00109743
0.00122019
0.0013048
0.00135574
0.00138286
0.00139564
0.00140098
0.00140098
3.39922e-06
1.15358e-05
2.87925e-05
6.12133e-05
0.000115062
0.000193195
0.000288032
0.000375436
0.000427947
0.000445825
0.000463703
0.000516214
0.000603618
0.000698455
0.000776588
0.000830437
0.000862858
0.000880114
0.000888251
0.00089165
0.00089165
9.77012e-06
3.31566e-05
8.2756e-05
0.000175941
0.000330714
0.000555287
0.000827869
0.00107909
0.00123002
0.0012814
0.00133279
0.00148372
0.00173494
0.00200752
0.00223209
0.00238686
0.00248005
0.00252965
0.00255303
0.0025628
0.0025628
2.28091e-05
7.74067e-05
0.000193201
0.000410748
0.000772079
0.00129636
0.00193273
0.00251922
0.00287157
0.00299154
0.0031115
0.00346385
0.00405035
0.00468671
0.00521099
0.00557233
0.00578987
0.00590567
0.00596026
0.00598307
0.00598307
4.3269e-05
0.000146841
0.000366502
0.00077919
0.00146464
0.0024592
0.00366639
0.00477896
0.00544738
0.00567495
0.00590253
0.00657094
0.00768352
0.00889071
0.00988527
0.0105707
0.0109834
0.0112031
0.0113066
0.0113499
0.0113499
6.73679e-05
0.000228625
0.000570628
0.00121317
0.00228038
0.00382887
0.00570841
0.00744064
0.00848134
0.00883566
0.00918998
0.0102307
0.0119629
0.0138424
0.0153909
0.0164582
0.0171007
0.0174427
0.017604
0.0176713
0.0176713
8.83072e-05
0.000299686
0.000747991
0.00159024
0.00298916
0.00501896
0.0074827
0.00975334
0.0111175
0.011582
0.0120464
0.0134106
0.0156812
0.018145
0.0201748
0.0215737
0.0224159
0.0228642
0.0230756
0.0231639
0.0231639
0.000101573
0.000344706
0.000860356
0.00182913
0.00343821
0.00577293
0.00860677
0.0112185
0.0127876
0.0133218
0.0138561
0.0154252
0.0180369
0.0208708
0.0232055
0.0248145
0.0257833
0.026299
0.0265421
0.0266437
0.0266437
0.00010764
0.000365296
0.000911749
0.00193839
0.00364358
0.00611777
0.00912089
0.0118886
0.0135515
0.0141176
0.0146837
0.0163466
0.0191143
0.0221174
0.0245916
0.0262968
0.0273235
0.0278699
0.0281276
0.0282352
0.0282352
0.000109612
0.000371986
0.000928446
0.00197389
0.00371031
0.0062298
0.00928793
0.0121064
0.0137997
0.0143761
0.0149526
0.0166459
0.0194644
0.0225225
0.025042
0.0267784
0.0278238
0.0283803
0.0286427
0.0287523
0.0287523
0.000110051
0.000373477
0.000932167
0.0019818
0.00372518
0.00625477
0.00932514
0.0121549
0.0138549
0.0144338
0.0150126
0.0167126
0.0195424
0.0226127
0.0251423
0.0268857
0.0279353
0.028494
0.0287575
0.0288675
0.0288675
0.000110051
0.000373477
0.000932167
0.0019818
0.00372518
0.00625477
0.00932514
0.0121549
0.0138549
0.0144338
0.0150126
0.0167126
0.0195424
0.0226127
0.0251423
0.0268857
0.0279353
0.028494
0.0287575
0.0288675
0.0288675
0.000109612
0.000371986
0.000928446
0.00197389
0.00371031
0.0062298
0.00928793
0.0121064
0.0137997
0.0143761
0.0149526
0.0166459
0.0194644
0.0225225
0.025042
0.0267784
0.0278238
0.0283803
0.0286427
0.0287523
0.0287523
0.00010764
0.000365296
0.000911749
0.00193839
0.00364358
0.00611777
0.00912089
0.0118886
0.0135515
0.0141176
0.0146837
0.0163466
0.0191143
0.0221174
0.0245916
0.0262968
0.0273235
0.0278699
0.0281276
0.0282352
0.0282352
0.000101573
0.000344706
0.000860356
0.00182913
0.00343821
0.00577293
0.00860677
0.0112185
0.0127876
0.0133218
0.0138561
0.0154252
0.0180369
0.0208708
0.0232055
0.0248145
0.0257833
0.026299
0.0265421
0.0266437
0.0266437
8.83072e-05
0.000299686
0.000747991
0.00159024
0.00298916
0.00501896
0.0074827
0.00975334
0.0111175
0.011582
0.0120464
0.0134106
0.0156812
0.018145
0.0201748
0.0215737
0.0224159
0.0228642
0.0230756
0.0231639
0.0231639
6.73679e-05
0.000228625
0.000570628
0.00121317
0.00228038
0.00382887
0.00570841
0.00744064
0.00848134
0.00883566
0.00918998
0.0102307
0.0119629
0.0138424
0.0153909
0.0164582
0.0171007
0.0174427
0.017604
0.0176713
0.0176713
4.3269e-05
0.000146841
0.000366502
0.00077919
0.00146464
0.0024592
0.00366639
0.00477896
0.00544738
0.00567495
0.00590253
0.00657094
0.00768352
0.00889071
0.00988527
0.0105707
0.0109834
0.0112031
0.0113066
0.0113499
0.0113499
2.28091e-05
7.74067e-05
0.000193201
0.000410748
0.000772079
0.00129636
0.00193273
0.00251922
0.00287157
0.00299154
0.0031115
0.00346385
0.00405035
0.00468671
0.00521099
0.00557233
0.00578987
0.00590567
0.00596026
0.00598307
0.00598307
9.77012e-06
3.31566e-05
8.2756e-05
0.000175941
0.000330714
0.000555287
0.000827869
0.00107909
0.00123002
0.0012814
0.00133279
0.00148372
0.00173494
0.00200752
0.00223209
0.00238686
0.00248005
0.00252965
0.00255303
0.0025628
0.0025628
3.39922e-06
1.15358e-05
2.87925e-05
6.12133e-05
0.000115062
0.000193195
0.000288032
0.000375436
0.000427947
0.000445825
0.000463703
0.000516214
0.000603618
0.000698455
0.000776588
0.000830437
0.000862858
0.000880114
0.000888251
0.00089165
0.00089165
1.85821e-06
6.30616e-06
1.57397e-05
3.34628e-05
6.28997e-05
0.000105612
0.000157455
0.000205236
0.000233941
0.000243714
0.000253488
0.000282193
0.000329973
0.000381817
0.000424529
0.000453966
0.000471689
0.000481122
0.00048557
0.000487429
0.000487429
1.85821e-06
6.30616e-06
1.57397e-05
3.34628e-05
6.28997e-05
0.000105612
0.000157455
0.000205236
0.000233941
0.000243714
0.000253488
0.000282193
0.000329973
0.000381817
0.000424529
0.000453966
0.000471689
0.000481122
0.00048557
0.000487429
0.000487429
5.34092e-06
1.81253e-05
4.52393e-05
9.61797e-05
0.000180788
0.000303553
0.000452562
0.000589894
0.0006724
0.00070049
0.000728581
0.000811087
0.000948418
0.00109743
0.00122019
0.0013048
0.00135574
0.00138286
0.00139564
0.00140098
0.00140098
1.24688e-05
4.23151e-05
0.000105615
0.000224539
0.000422064
0.000708668
0.00105654
0.00137715
0.00156977
0.00163535
0.00170093
0.00189355
0.00221416
0.00256203
0.00284864
0.00304616
0.00316509
0.00322839
0.00325823
0.0032707
0.0032707
2.36534e-05
8.02718e-05
0.000200352
0.000425951
0.000800657
0.00134435
0.00200426
0.00261246
0.00297786
0.00310227
0.00322667
0.00359207
0.00420027
0.00486019
0.00540387
0.00577858
0.00600418
0.00612426
0.00618088
0.00620453
0.00620453
3.68273e-05
0.00012498
0.000311939
0.000663188
0.00124659
0.00209309
0.00312055
0.0040675
0.0046364
0.00483009
0.00502379
0.00559269
0.00653963
0.0075671
0.0084136
0.008997
0.00934825
0.00953521
0.00962336
0.00966019
0.00966019
4.82739e-05
0.000163826
0.000408896
0.00086932
0.00163405
0.00274366
0.00409048
0.00533175
0.00607749
0.00633138
0.00658528
0.00733101
0.00857228
0.0099191
0.0110287
0.0117934
0.0122539
0.0124989
0.0126145
0.0126628
0.0126628
5.55258e-05
0.000188436
0.000470322
0.000999912
0.00187953
0.00315582
0.00470497
0.00613271
0.00699047
0.00728251
0.00757454
0.0084323
0.00986004
0.0114092
0.0126855
0.0135651
0.0140947
0.0143766
0.0145095
0.014565
0.014565
5.88426e-05
0.000199692
0.000498416
0.00105964
0.0019918
0.00334433
0.00498602
0.00649904
0.00740804
0.00771752
0.008027
0.00893599
0.010449
0.0120907
0.0134432
0.0143754
0.0149366
0.0152353
0.0153762
0.015435
0.015435
5.99202e-05
0.00020335
0.000507544
0.00107905
0.00202827
0.00340558
0.00507733
0.00661806
0.0075437
0.00785885
0.008174
0.00909965
0.0106404
0.0123121
0.0136894
0.0146387
0.0152102
0.0155144
0.0156578
0.0157177
0.0157177
6.01603e-05
0.000204164
0.000509577
0.00108337
0.0020364
0.00341923
0.00509767
0.00664458
0.00757393
0.00789034
0.00820675
0.00913611
0.010683
0.0123615
0.0137443
0.0146973
0.0152711
0.0155765
0.0157205
0.0157807
0.0157807
6.01603e-05
0.000204164
0.000509577
0.00108337
0.0020364
0.00341923
0.00509767
0.00664458
0.00757393
0.00789034
0.00820675
0.00913611
0.010683
0.0123615
0.0137443
0.0146973
0.0152711
0.0155765
0.0157205
0.0157807
0.0157807
5.99202e-05
0.00020335
0.000507544
0.00107905
0.00202827
0.00340558
0.00507733
0.00661806
0.0075437
0.00785885
0.008174
0.00909965
0.0106404
0.0123121
0.0136894
0.0146387
0.0152102
0.0155144
0.0156578
0.0157177
0.0157177
5.88426e-05
0.000199692
0.000498416
0.00105964
0.0019918
0.00334433
0.00498602
0.00649904
0.00740804
0.00771752
0.008027
0.00893599
0.010449
0.0120907
0.0134432
0.0143754
0.0149366
0.0152353
0.0153762
0.015435
0.015435
5.55258e-05
0.000188436
0.000470322
0.000999912
0.00187953
0.00315582
0.00470497
0.00613271
0.00699047
0.00728251
0.00757454
0.0084323
0.00986004
0.0114092
0.0126855
0.0135651
0.0140947
0.0143766
0.0145095
0.014565
0.014565
4.82739e-05
0.000163826
0.000408896
0.00086932
0.00163405
0.00274366
0.00409048
0.00533175
0.00607749
0.00633138
0.00658528
0.00733101
0.00857228
0.0099191
0.0110287
0.0117934
0.0122539
0.0124989
0.0126145
0.0126628
0.0126628
3.68273e-05
0.00012498
0.000311939
0.000663188
0.00124659
0.00209309
0.00312055
0.0040675
0.0046364
0.00483009
0.00502379
0.00559269
0.00653963
0.0075671
0.0084136
0.008997
0.00934825
0.00953521
0.00962336
0.00966019
0.00966019
2.36534e-05
8.02718e-05
0.000200352
0.000425951
0.000800657
0.00134435
0.00200426
0.00261246
0.00297786
0.00310227
0.00322667
0.00359207
0.00420027
0.00486019
0.00540387
0.00577858
0.00600418
0.00612426
0.00618088
0.00620453
0.00620453
1.24688e-05
4.23151e-05
0.000105615
0.000224539
0.000422064
0.000708668
0.00105654
0.00137715
0.00156977
0.00163535
0.00170093
0.00189355
0.00221416
0.00256203
0.00284864
0.00304616
0.00316509
0.00322839
0.00325823
0.0032707
0.0032707
5.34092e-06
1.81253e-05
4.52393e-05
9.61797e-05
0.000180788
0.000303553
0.000452562
0.000589894
0.0006724
0.00070049
0.000728581
0.000811087
0.000948418
0.00109743
0.00122019
0.0013048
0.00135574
0.00138286
0.00139564
0.00140098
0.00140098
1.85821e-06
6.30616e-06
1.57397e-05
3.34628e-05
6.28997e-05
0.000105612
0.000157455
0.000205236
0.000233941
0.000243714
0.000253488
0.000282193
0.000329973
0.000381817
0.000424529
0.000453966
0.000471689
0.000481122
0.00048557
0.000487429
0.000487429
1.01581e-06
3.44732e-06
8.60423e-06
1.82927e-05
3.43847e-05
5.77337e-05
8.60744e-05
0.000112194
0.000127886
0.000133229
0.000138571
0.000154263
0.000180383
0.000208724
0.000232073
0.000248165
0.000257853
0.00026301
0.000265442
0.000266457
0.000266457
