0.884004
1.08281
1.03007
0.866786
0.890949
1.07332
0.756719
1.11989
1.09706
1.01867
1.04801
0.967827
1.07341
0.78533
1.08477
0.860155
0.814456
1.03176
0.821609
1.0743
0.796998
1.05625
0.999685
0.981037
0.844706
1.01349
0.9085
0.976953
0.871405
0.998521
1.0334
1.00791
1.07043
1.07418
1.04945
1.04887
0.969678
1.05682
0.984202
1.11856
0.96431
0.971738
0.898585
1.16423
1.05913
1.08649
1.01431
0.83237
0.982228
0.830573
1.05074
1.01084
0.902708
0.792792
1.14309
0.929621
0.952739
1.00302
1.07231
1.03361
1.00226
1.0775
0.974526
1.06777
0.882595
0.96661
1.11349
0.903846
1.20199
1.12426
1.05784
0.915617
0.989699
1.06922
1.06829
0.891911
1.06564
0.956562
1.02989
0.95292
0.992722
1.18558
1.02631
1.18842
0.781994
1.1021
1.0496
1.06036
1.18334
0.844081
0.908094
0.7562
0.909168
1.00946
0.86224
1.03557
0.882243
0.96692
1.14075
0.934185
0.921285
1.02344
1.0195
0.867943
0.976949
0.887927
0.98435
0.91949
1.05705
1.05139
0.933561
0.879643
1.05521
0.958543
0.941876
1.01357
1.02463
0.971353
0.997717
0.953212
0.889793
1.13533
0.947469
1.17286
1.13022
1.14052
1.08761
0.909762
0.832432
0.870807
0.955349
0.788195
1.11013
1.19195
1.135
1.0429
1.04466
1.03174
0.972841
1.10362
0.915064
0.739225
1.07272
0.839563
0.995441
1.01584
1.09874
0.772964
0.866081
1.04874
1.27474
1.09239
1.0091
1.09248
0.94914
0.823162
0.978261
0.962259
0.945617
1.06942
1.05872
1.00805
0.859282
0.964096
0.960687
1.10833
1.07233
1.05967
0.943111
0.890518
0.849499
0.997189
1.13055
1.08855
0.851497
1.1769
0.83634
0.960142
0.866597
1.1081
0.979156
1.00892
1.08249
0.928178
0.999116
1.11008
1.34851
0.892692
1.00502
1.04575
1.04892
0.902525
1.00693
0.95981
1.08681
0.957508
1.02414
0.969708
0.960684
1.1687
0.867529
0.987285
0.997165
1.05927
1.1386
0.787329
1.00335
0.948679
0.914316
0.94322
0.957944
1.11466
1.01243
1.09743
1.00317
1.01907
1.09102
1.14875
1.20341
0.877574
0.754767
0.920563
0.972465
0.888184
0.871944
1.10256
0.979513
0.790798
1.01215
1.0332
1.06749
1.07432
0.961974
1.18164
0.969045
0.855546
1.04487
0.910958
0.953514
1.03107
0.992941
0.810659
0.953369
1.14267
0.892654
1.06598
0.960634
0.945869
1.12713
0.976069
1.08898
0.996339
0.960032
1.10741
1.08656
0.83183
0.864947
0.992875
0.929164
1.01948
1.18042
0.991699
0.904079
1.06992
0.990777
1.08594
0.88827
1.03343
0.970737
1.05148
0.98713
1.11673
1.08316
1.15691
0.963906
1.06609
1.01772
1.02319
1.01927
0.90855
0.989455
1.16116
0.978227
1.02964
0.992786
0.778692
1.00299
1.00903
1.10571
0.898294
1.07232
1.00037
0.855092
1.10552
1.16584
1.0944
1.00773
1.02606
1.01857
1.0859
1.01886
0.882793
1.05789
0.958217
1.02688
1.17267
0.957902
0.920481
0.97148
1.14095
1.01083
1.01523
1.11702
1.04493
1.03827
1.10264
1.22701
1.09629
0.947174
0.90878
0.92663
0.893555
1.2039
1.07479
0.841562
1.1313
1.0246
1.0727
0.95299
1.11438
1.10326
0.906343
0.881723
1.01701
1.07753
1.01768
1.08763
0.906191
1.09154
0.951991
1.07761
0.833349
1.04522
0.953494
1.034
0.914654
1.08601
0.9681
0.77824
1.09108
1.03745
1.05417
0.996435
0.945109
0.978021
0.974504
0.93666
1.10691
0.987866
0.946418
1.07925
0.964687
1.11529
1.04299
0.843232
1.1132
1.10924
0.973171
1.09672
1.04075
0.973257
0.872696
1.10283
1.22395
1.04236
0.974024
0.970457
1.1229
0.975775
0.946313
0.98791
1.01776
1.00174
0.914317
1.09459
0.900112
1.00737
0.909557
1.01607
0.831859
1.2466
1.03449
0.966034
1.14134
0.99419
0.934533
1.10354
0.990317
0.68052
1.2354
0.830982
1.00744
0.729341
1.16285
1.10678
0.939373
0.916052
0.987589
0.947894
1.15639
0.951943
1.06552
1.19716
0.819139
1.00711
0.98058
1.09966
1.09733
1.06533
0.872514
0.952425
0.996315
1.14005
0.965585
1.02274
0.889785
0.978116
1.03222
0.943152
1.00546
1.13198
1.09062
0.866353
0.996602
1.03665
0.987099
1.00342
1.02038
0.901131
0.899857
0.991052
0.810787
0.941859
1.03018
0.920262
0.884199
0.941633
1.08013
1.26453
1.10274
0.865799
0.95748
1.10946
0.837868
1.16518
0.838925
1.07733
0.935755
0.937421
0.956625
1.1868
1.10917
1.14765
0.826374
1.07929
1.09212
0.951557
0.936359
1.05036
0.849246
1.02788
1.07775
1.05931
1.06661
1.10345
0.936916
1.15927
0.889892
1.01721
1.09588
1.00034
0.984597
1.04317
1.14356
0.923802
0.982799
0.973474
1.21462
1.09761
0.997939
0.918718
1.09862
1.18324
1.10295
1.05622
0.981125
0.91085
1.24134
0.830611
0.971128
1.21996
1.05891
1.06804
0.909408
0.756736
0.872894
1.15075
0.834902
0.944889
1.09382
1.0176
0.962934
1.13634
1.09553
0.977922
0.806851
0.990303
0.974479
0.961433
1.20871
0.895961
1.01161
1.0378
1.17654
1.10585
0.875542
1.11709
1.0136
0.932561
1.08732
0.969327
0.990674
1.00351
0.810562
1.02756
0.950282
1.0008
1.05171
0.83066
1.00568
1.01842
0.973916
1.07579
1.03279
1.22228
0.992694
1.00456
1.09585
0.949702
0.811801
1.13351
1.09044
1.06603
0.947714
1.00628
1.01394
0.998366
1.08746
1.14789
1.12026
1.08732
0.936701
1.04156
1.04637
0.860021
1.15158
0.960423
0.976176
1.04592
0.919985
1.04438
1.0725
0.873604
0.91325
1.33913
1.01932
0.890867
0.919997
1.12774
1.13664
0.990492
1.06336
1.0822
0.756105
0.927731
1.11305
1.05301
0.961582
1.07822
1.19373
0.818472
0.885293
0.899993
0.872848
1.05329
0.759281
0.93208
1.06322
1.12875
0.830563
0.892678
1.05694
1.07087
1.07985
1.27623
1.00237
1.09562
1.13354
1.03313
1.0939
0.959498
0.892194
1.00669
0.970465
0.976126
1.02
1.00913
0.92113
0.90713
1.17111
1.00787
0.963594
0.992067
1.01097
0.896813
0.988826
1.09443
0.907878
1.13633
0.944282
0.989709
1.00239
0.995081
1.04094
1.08539
0.94322
0.951384
0.937328
0.986837
1.1071
1.01621
0.978326
1.07166
1.0099
1.08953
0.851118
0.980257
0.989779
1.0511
1.2403
0.850453
1.05456
0.972474
0.913984
1.05988
0.960977
0.954901
1.02619
0.994701
1.02711
0.905068
0.994601
1.05507
1.0548
1.06773
1.05208
1.09065
1.02676
1.0861
0.758316
0.88187
0.938078
1.12892
1.01224
0.957891
1.07012
1.01457
1.12483
0.927611
1.10766
1.14955
0.969404
1.04063
0.953063
1.01052
1.03638
0.896738
0.78983
1.15038
1.02429
0.832238
1.03184
0.887218
1.05453
1.10627
0.988833
0.96375
1.15206
0.996405
0.923965
0.816296
1.11315
0.858013
0.982066
1.06556
0.80217
0.794328
0.964583
1.09619
0.984652
0.9111
1.04972
1.05317
0.964764
1.06915
1.11354
1.23534
1.07046
1.04461
0.998787
0.810367
1.06882
0.945724
0.94042
0.934191
0.860399
0.897907
0.871926
1.05906
0.916738
0.948752
0.901324
1.04485
0.984075
1.0345
1.04428
0.99678
0.853627
1.06865
0.994999
1.14645
0.937003
1.03993
0.770481
0.997094
0.81391
1.13876
1.0363
0.970244
0.925608
0.99274
1.16033
0.810853
0.9934
1.09233
1.03848
0.889754
1.06232
0.994345
1.13048
1.06232
1.17936
1.06854
1.03295
0.907928
0.930065
0.968716
0.894841
1.13387
1.05657
1.04613
1.24789
0.755083
0.894117
1.12238
1.00669
1.04623
0.976206
1.11326
0.946729
1.00195
1.00744
1.02149
1.01313
1.02854
0.990097
0.995958
0.956103
0.982904
0.805479
0.984739
0.763071
0.956626
0.920062
1.10343
0.924525
1.00055
1.0165
0.946428
0.972176
1.02417
1.26085
0.993369
0.780683
1.02341
1.0447
1.03381
1.21201
0.87049
0.830294
0.918027
0.996248
0.898315
1.03255
1.00678
1.01003
0.87187
0.824287
0.957154
0.970785
1.07393
1.20141
0.922615
1.04429
0.925119
0.976442
1.07117
1.00434
1.08368
1.0125
0.978516
0.887913
1.03142
0.840869
0.974971
0.92178
1.02499
0.949305
1.14981
0.977273
1.06117
1.0767
1.08044
0.972162
0.931024
1.09432
0.955877
1.18226
1.14645
0.834161
0.887987
0.805914
1.03457
0.781949
1.0255
1.13239
1.03738
0.993563
1.20555
0.935152
0.948753
0.770996
1.02119
0.986754
1.17741
1.08555
1.00041
0.901792
0.952766
1.13349
1.03204
1.15708
0.905655
1.06917
0.916373
1.1375
0.928333
1.18951
1.02951
1.29268
0.947576
0.971665
1.03302
0.968181
1.00151
0.972973
0.972397
1.10016
1.06906
1.1344
1.04138
1.06814
0.963701
1.12837
1.14934
1.06867
1.05655
0.957848
1.00575
1.04542
0.994599
0.993817
1.04575
0.88937
1.00343
0.91331
1.07505
0.795099
0.895521
0.826459
1.06924
1.04808
1.02949
0.951166
0.996161
1.00309
0.994987
1.06678
0.841318
0.917552
0.989379
0.988955
0.912532
1.01859
1.15317
0.978205
0.939796
1.18593
1.12868
1.02405
0.960108
1.04025
1.05702
1.11173
1.14202
0.971975
0.934281
1.06004
0.971206
0.993156
0.980143
1.16431
1.04659
1.09317
1.0223
1.13612
1.14059
1.01045
0.993975
0.835449
0.903547
1.15938
1.08415
0.97381
1.10545
0.848676
0.955924
1.14562
1.10002
1.06653
0.89775
1.14038
0.985385
1.04286
0.953552
1.10371
1.01852
0.998069
0.862724
0.91706
0.827937
1.05084
0.866258
0.992392
0.900507
1.06452
0.888302
0.990743
0.941613
1.12796
0.902046
0.910747
1.17163
1.13068
1.08247
1.10924
0.865471
1.10081
1.0337
0.897212
1.12035
1.089
1.04259
0.93263
0.931226
0.919688
1.0307
0.999783
0.966452
0.944842
