0.884004
1.08281
1.03007
0.866786
0.890949
1.07332
0.756719
1.11989
1.09706
1.01867
1.04801
0.967827
1.07341
0.78533
1.08477
0.860155
0.814456
1.03176
0.821609
1.0743
0.796998
1.05625
0.999685
0.981037
0.844706
1.01349
0.9085
0.976953
0.871405
0.998521
1.0334
1.00791
1.07043
1.07418
1.04945
1.04887
0.969678
1.05682
0.984202
1.11856
0.96431
0.971738
0.898585
1.16423
1.05913
1.08649
1.01431
0.83237
0.982228
0.830573
1.05074
1.01084
0.902708
0.792792
1.14309
0.929621
0.952739
1.00302
1.07231
1.03361
1.00226
1.0775
0.974526
1.06777
0.882595
0.96661
1.11349
0.903846
1.20199
1.12426
1.05784
0.915617
0.989699
1.06922
1.06829
0.891911
1.06564
0.956562
1.02989
0.95292
0.992722
1.18558
1.02631
1.18842
0.781994
1.1021
1.0496
1.06036
1.18334
0.844081
0.908094
0.7562
0.909168
1.00946
0.86224
1.03557
0.882243
0.96692
1.14075
0.934185
0.921285
1.02344
1.0195
0.867943
0.976949
0.887927
0.98435
0.91949
1.05705
1.05139
0.933561
0.879643
1.05521
0.958543
0.941876
1.01357
1.02463
0.971353
0.997717
0.953212
0.889793
1.13533
0.947469
1.17286
1.13022
1.14052
1.08761
0.909762
0.832432
0.870807
0.955349
0.788195
1.11013
1.19195
1.135
1.0429
1.04466
1.03174
0.972841
1.10362
0.915064
0.739225
1.07272
0.839563
0.995441
1.01584
1.09874
0.772964
0.866081
1.04874
1.27474
1.09239
1.0091
1.09248
0.94914
0.823162
0.978261
0.962259
0.945617
1.06942
1.05872
1.00805
0.859282
0.964096
0.960687
1.10833
1.07233
1.05967
0.943111
0.890518
0.849499
0.997189
1.13055
1.08855
0.851497
1.1769
0.83634
0.960142
0.866597
1.1081
0.979156
1.00892
1.08249
0.928178
0.999116
1.11008
1.34851
0.892692
1.00502
1.04575
1.04892
0.902525
1.00693
0.95981
1.08681
0.957508
1.02414
0.969708
0.960684
1.1687
0.867529
0.987285
0.997165
1.05927
1.1386
0.787329
1.00335
0.948679
0.914316
0.94322
0.957944
1.11466
1.01243
1.09743
1.00317
1.01907
1.09102
1.14875
1.20341
0.877574
0.754767
0.920563
0.972465
0.888184
0.871944
1.10256
0.979513
0.790798
1.01215
1.0332
1.06749
1.07432
0.961974
1.18164
0.969045
0.855546
1.04487
0.910958
0.953514
1.03107
0.992941
0.810659
0.953369
1.14267
0.892654
1.06598
0.960634
0.945869
1.12713
0.976069
1.08898
0.996339
0.960032
1.10741
1.08656
0.83183
0.864947
0.992875
0.929164
1.01948
1.18042
0.991699
0.904079
1.06992
0.990777
1.08594
0.88827
1.03343
0.970737
1.05148
0.98713
1.11673
1.08316
1.15691
0.963906
1.06609
1.01772
1.02319
1.01927
0.90855
0.989455
1.16116
0.978227
1.02964
0.992786
0.778692
1.00299
1.00903
1.10571
0.898294
1.07232
1.00037
0.855092
1.10552
1.16584
1.0944
1.00773
1.02606
1.01857
1.0859
1.01886
0.882793
1.05789
0.958217
1.02688
1.17267
0.957902
0.920481
0.97148
1.14095
1.01083
1.01523
1.11702
1.04493
1.03827
1.10264
1.22701
1.09629
0.947174
0.90878
0.92663
0.893555
1.2039
1.07479
0.841562
1.1313
1.0246
1.0727
0.95299
1.11438
1.10326
0.906343
0.881723
1.01701
1.07753
1.01768
1.08763
0.906191
1.09154
0.951991
1.07761
0.833349
1.04522
0.953494
1.034
0.914654
1.08601
0.9681
0.77824
1.09108
1.03745
1.05417
0.996435
0.945109
0.978021
0.974504
0.93666
1.10691
0.987866
0.946418
1.07925
0.964687
1.11529
1.04299
0.843232
1.1132
1.10924
0.973171
1.09672
1.04075
0.973257
0.872696
1.10283
1.22395
1.04236
0.974024
0.970457
1.1229
0.975775
0.946313
0.98791
1.01776
1.00174
0.914317
1.09459
0.900112
1.00737
0.909557
1.01607
0.831859
1.2466
1.03449
0.966034
1.14134
0.99419
0.934533
1.10354
0.990317
0.68052
1.2354
0.830982
1.00744
0.729341
1.16285
1.10678
0.939373
0.916052
0.987589
0.947894
1.15639
0.951943
1.06552
1.19716
0.819139
1.00711
0.98058
1.09966
1.09733
1.06533
0.872514
0.952425
0.996315
1.14005
0.965585
1.02274
0.889785
0.978116
1.03222
0.943152
1.00546
1.13198
1.09062
0.866353
0.996602
1.03665
0.987099
1.00342
1.02038
0.901131
0.899857
0.991052
0.810787
0.941859
1.03018
0.920262
0.884199
0.941633
1.08013
1.26453
1.10274
0.865799
0.95748
1.10946
0.837868
1.16518
0.838925
1.07733
0.935755
0.937421
0.956625
1.1868
1.10917
1.14765
0.826374
1.07929
1.09212
0.951557
0.936359
1.05036
0.849246
1.02788
1.07775
1.05931
1.06661
1.10345
0.936916
1.15927
0.889892
1.01721
1.09588
1.00034
0.984597
1.04317
1.14356
0.923802
0.982799
0.973474
1.21462
1.09761
0.997939
0.918718
1.09862
1.18324
1.10295
1.05622
0.981125
0.91085
1.24134
0.830611
0.971128
1.21996
1.05891
1.06804
0.909408
0.756736
0.872894
1.15075
0.834902
0.944889
1.09382
1.0176
0.962934
1.13634
1.09553
0.977922
0.806851
0.990303
0.974479
0.961433
1.20871
0.895961
1.01161
1.0378
1.17654
1.10585
0.875542
1.11709
1.0136
0.932561
1.08732
0.969327
0.990674
1.00351
0.810562
1.02756
0.950282
1.0008
1.05171
0.83066
1.00568
1.01842
0.973916
1.07579
1.03279
1.22228
0.992694
1.00456
1.09585
0.949702
0.811801
1.13351
1.09044
1.06603
0.947714
1.00628
1.01394
0.998366
1.08746
1.14789
1.12026
1.08732
0.936701
1.04156
1.04637
0.860021
1.15158
0.960423
0.976176
1.04592
0.919985
1.04438
1.0725
0.873604
0.91325
1.33913
1.01932
0.890867
0.919997
1.12774
1.13664
0.990492
1.06336
1.0822
0.756105
0.927731
1.11305
1.05301
0.961582
1.07822
1.19373
0.818472
0.885293
0.899993
0.872848
1.05329
0.759281
0.93208
1.06322
1.12875
0.830563
0.892678
1.05694
1.07087
1.07985
1.27623
1.00237
1.09562
1.13354
1.03313
1.0939
0.959498
0.892194
1.00669
0.970465
0.976126
1.02
1.00913
0.92113
0.90713
1.17111
1.00787
0.963594
0.992067
1.01097
0.896813
0.988826
1.09443
0.907878
1.13633
0.944282
0.989709
1.00239
0.995081
1.04094
1.08539
0.94322
0.951384
0.937328
0.986837
1.1071
1.01621
0.978326
1.07166
1.0099
1.08953
0.851118
0.980257
0.989779
1.0511
1.2403
0.850453
1.05456
0.972474
0.913984
1.05988
0.960977
0.954901
1.02619
0.994701
1.02711
0.905068
0.994601
1.05507
1.0548
1.06773
1.05208
1.09065
1.02676
1.0861
0.758316
0.88187
0.938078
1.12892
1.01224
0.957891
1.07012
1.01457
1.12483
0.927611
1.10766
1.14955
0.969404
1.04063
0.953063
1.01052
1.03638
0.896738
0.78983
1.15038
1.02429
0.832238
1.03184
0.887218
1.05453
1.10627
0.988833
0.96375
1.15206
0.996405
0.923965
0.816296
1.11315
0.858013
0.982066
1.06556
0.80217
0.794328
0.964583
1.09619
0.984652
0.9111
1.04972
1.05317
0.964764
1.06915
1.11354
1.23534
1.07046
1.04461
0.998787
0.810367
1.06882
0.945724
0.94042
0.934191
0.860399
0.897907
0.871926
1.05906
0.916738
0.948752
0.901324
1.04485
0.984075
1.0345
1.04428
0.99678
0.853627
1.06865
0.994999
1.14645
0.937003
1.03993
0.770481
0.997094
0.81391
1.13876
1.0363
0.970244
0.925608
0.99274
1.16033
0.810853
0.9934
1.09233
1.03848
0.889754
1.06232
0.994345
1.13048
1.06232
1.17936
1.06854
1.03295
0.907928
0.930065
0.968716
0.894841
1.13387
1.05657
1.04613
1.24789
0.755083
0.894117
1.12238
1.00669
1.04623
0.976206
1.11326
0.946729
1.00195
1.00744
1.02149
1.01313
1.02854
0.990097
0.995958
0.956103
0.982904
0.805479
0.984739
0.763071
0.956626
0.920062
1.10343
0.924525
1.00055
1.0165
0.946428
0.972176
1.02417
1.26085
0.993369
0.780683
1.02341
1.0447
1.03381
1.21201
0.87049
0.830294
0.918027
0.996248
0.898315
1.03255
1.00678
1.01003
0.87187
0.824287
0.957154
0.970785
1.07393
1.20141
0.922615
1.04429
0.925119
0.976442
1.07117
1.00434
1.08368
1.0125
0.978516
0.887913
1.03142
0.840869
0.974971
0.92178
1.02499
0.949305
1.14981
0.977273
1.06117
1.0767
1.08044
0.972162
0.931024
1.09432
0.955877
1.18226
1.14645
0.834161
0.887987
0.805914
1.03457
0.781949
1.0255
1.13239
1.03738
0.993563
1.20555
0.935152
0.948753
0.770996
1.02119
0.986754
1.17741
1.08555
1.00041
0.901792
0.952766
1.13349
1.03204
1.15708
0.905655
1.06917
0.916373
1.1375
0.928333
1.18951
1.02951
1.29268
0.947576
0.971665
1.03302
0.968181
1.00151
0.972973
0.972397
1.10016
1.06906
1.1344
1.04138
1.06814
0.963701
1.12837
1.14934
1.06867
1.05655
0.957848
1.00575
1.04542
0.994599
0.993817
1.04575
0.88937
1.00343
0.91331
1.07505
0.795099
0.895521
0.826459
1.06924
1.04808
1.02949
0.951166
0.996161
1.00309
0.994987
1.06678
0.841318
0.917552
0.989379
0.988955
0.912532
1.01859
1.15317
0.978205
0.939796
1.18593
1.12868
1.02405
0.960108
1.04025
1.05702
1.11173
1.14202
0.971975
0.934281
1.06004
0.971206
0.993156
0.980143
1.16431
1.04659
1.09317
1.0223
1.13612
1.14059
1.01045
0.993975
0.835449
0.903547
1.15938
1.08415
0.97381
1.10545
0.848676
0.955924
1.14562
1.10002
1.06653
0.89775
1.14038
0.985385
1.04286
0.953552
1.10371
1.01852
0.998069
0.862724
0.91706
0.827937
1.05084
0.866258
0.992392
0.900507
1.06452
0.888302
0.990743
0.941613
1.12796
0.902046
0.910747
1.17163
1.13068
1.08247
1.10924
0.865471
1.10081
1.0337
0.897212
1.12035
1.089
1.04259
0.93263
0.931226
0.919688
1.0307
0.999783
0.966452
0.944842
0.947201
0.772591
0.81572
1.0554
1.15676
0.909607
0.973531
1.00578
1.03848
1.06633
1.04568
0.965294
0.914181
0.935211
0.911615
0.982446
0.913801
1.10789
1.10633
1.07048
1.08852
0.907051
1.0126
1.17451
0.800184
1.11733
0.951495
1.03222
1.16729
1.08134
0.944553
0.923426
1.08332
1.07321
0.940681
0.874907
0.920418
1.18291
0.903648
1.04738
0.865105
1.1672
0.977233
0.896853
0.927832
1.05691
0.902576
1.04827
1.13128
1.05888
0.908798
0.978472
0.885124
0.9575
1.13239
0.918502
1.04014
0.932566
0.995122
0.83952
0.953225
0.913261
0.808912
1.05186
0.88195
1.02354
1.10788
0.850892
0.962736
0.984822
0.992398
0.832913
0.842454
1.02859
0.912797
1.06238
0.97502
0.975848
1.06792
0.936825
1.09464
1.04259
0.989609
0.932595
1.02768
1.02597
1.01635
0.974815
0.965611
1.17806
1.02085
0.723303
1.20955
1.0657
1.08138
0.938232
1.01448
0.945189
0.936149
0.861267
1.09494
1.04554
0.811225
0.970355
1.05846
1.04345
1.05085
0.824919
1.03954
0.895411
0.88025
0.741709
1.15511
0.973919
0.882862
0.928137
1.04156
1.01474
0.772986
1.02069
1.22871
1.08962
1.0071
0.922071
0.99574
1.10433
0.921249
0.998901
1.12982
0.992461
0.892191
1.21606
0.98034
0.964271
1.10689
1.07793
0.900774
0.897615
0.893405
1.10028
0.955736
1.03677
0.945275
1.10856
1.03128
0.939534
0.968712
0.939334
0.946156
1.01558
1.13117
0.90753
1.07914
0.996026
1.00634
0.995365
0.946118
0.994512
1.11806
0.771207
1.08849
1.00031
0.955537
0.897891
1.03
1.044
0.998186
1.01316
0.914565
1.01221
0.79192
0.872862
1.03224
0.964647
1.00289
0.964023
1.02775
1.0583
0.939415
1.02347
0.927647
1.03313
1.08888
1.00875
0.938991
1.22431
0.952093
1.02498
1.01374
1.03956
0.967207
0.824878
1.0777
0.993575
1.07189
0.955457
1.12455
1.08599
1.01007
1.04371
0.848942
1.12174
0.913297
0.993041
1.01158
1.05996
0.870763
1.02231
0.993777
0.889085
0.800729
1.13032
1.06128
1.03695
1.27342
0.976783
1.04767
1.16715
0.963945
1.00067
1.02036
1.02089
1.00546
1.03951
0.88503
0.968476
0.990706
0.989377
0.954522
0.979235
0.860597
0.91478
0.97469
1.07073
1.04847
1.02511
0.940903
0.999664
1.01139
1.08891
1.08596
0.927996
0.979184
0.760102
1.05096
0.924492
0.932142
1.01375
1.02684
0.892128
0.859698
0.876194
1.05551
0.993271
1.02438
1.07994
0.95366
0.781005
0.963312
0.974597
1.12773
0.863933
0.935445
0.998355
0.98101
1.06074
1.10413
0.972456
0.96833
1.11358
0.78811
1.0739
0.958033
1.0309
0.905645
0.813315
1.08456
0.803368
0.973983
1.09911
1.1826
1.03504
0.905737
0.823122
0.874873
1.07957
1.01873
1.01642
1.01621
0.982733
1.07224
1.05905
0.970428
1.05231
1.11533
0.98018
0.762793
0.905987
1.13137
0.891467
1.10112
1.14552
1.08062
1.09407
1.12756
0.961826
0.99993
0.809068
1.18855
1.04384
0.872334
0.876341
0.976036
0.914128
1.11038
0.818393
1.04542
1.11568
0.952996
0.919668
0.859664
0.887495
0.94814
0.915238
1.25215
0.847511
1.20507
1.09082
0.969213
0.918137
0.870318
0.971284
1.16552
1.10861
1.08553
0.964918
0.946726
0.942992
1.01019
1.02783
1.00467
1.03778
1.02031
1.21442
1.11869
1.01683
1.04733
1.13016
1.02672
0.997418
0.912266
1.12253
1.04766
1.0805
0.97683
1.05993
1.02359
1.04124
1.19319
0.979819
0.949603
1.04254
0.899602
0.946937
0.894984
1.01193
1.03903
1.07939
0.972466
1.06179
0.883165
1.02844
0.940129
0.752262
1.14896
1.09504
1.03594
0.887195
0.910937
1.04067
1.04518
1.14837
0.92386
0.985599
1.06246
0.902786
1.02718
0.845655
1.1321
1.0079
1.00018
0.988807
1.00705
1.05525
1.12095
0.931305
0.972441
1.19206
0.941318
0.817774
1.11745
0.912791
0.979341
0.939118
1.02729
0.89194
0.959476
1.02798
1.18775
0.730607
1.06035
1.04201
0.991937
1.06912
1.01376
0.950581
1.0625
0.922948
1.03815
0.983851
0.955185
1.14679
1.09132
0.946962
0.938403
0.912382
0.826963
0.908492
1.02453
0.95644
0.957891
1.11079
0.937191
1.08343
0.965667
1.04263
0.877042
0.922928
0.914067
0.881042
1.04533
1.08196
1.0451
1.07689
1.13255
0.9718
1.06752
1.07745
0.983325
1.07459
0.994812
1.07285
0.98446
1.0489
1.1064
0.949623
0.94717
0.979203
0.985133
1.13742
1.0259
1.24925
1.03239
0.917598
0.977959
0.956185
0.846598
1.04581
1.24472
0.833605
0.805761
0.973377
1.13397
1.0972
1.01202
0.988937
0.972778
0.909094
1.00575
1.02405
1.23071
0.997438
1.06716
1.08687
1.15403
0.888068
0.984666
0.894295
0.980788
0.94058
1.1079
1.06682
1.13094
1.0359
0.99217
0.97812
1.05335
0.937572
1.15508
0.908405
1.07241
0.995063
0.941741
0.988562
0.777164
1.01253
1.04081
0.992263
0.867126
1.05372
0.946173
0.931702
0.929998
1.1227
0.980823
1.03303
1.00086
0.857139
1.03263
0.860661
1.05542
0.951223
1.10829
1.01498
1.0942
0.909875
1.00682
0.92214
0.90356
0.895972
0.891008
1.04448
0.926747
1.04377
0.902683
1.04983
0.941223
0.892666
1.13529
1.04316
1.067
0.907389
0.960096
0.742458
0.910705
0.866249
1.04395
1.0532
1.21014
1.15104
0.894422
0.967308
0.87493
0.893062
0.975143
0.924291
0.92192
0.861108
0.955679
0.819969
1.11552
1.02301
1.11048
1.14649
1.08856
0.991295
1.03369
0.9649
0.967189
1.08966
0.989265
0.964577
1.08503
1.05038
0.860355
0.965872
0.987145
0.997839
1.00953
1.00652
1.02625
1.10695
0.997259
1.20917
0.992012
1.00586
1.10378
1.00188
0.917606
1.06353
1.08682
0.955012
1.00783
1.10901
0.926562
1.10192
1.05103
1.14181
0.782995
0.904999
1.1161
1.05572
0.886297
1.00568
0.919959
1.02535
1.01063
1.03064
1.03354
0.931868
1.12187
0.978121
1.07193
0.961467
0.890063
1.00648
1.0079
1.08311
1.03053
1.21916
0.850078
0.82794
0.959161
0.797701
0.998352
1.20707
1.08438
0.972818
0.921696
1.05168
0.959157
0.935753
0.957715
1.07723
0.934255
1.09139
0.896462
1.05409
0.966937
1.11659
1.02419
1.00974
1.09939
0.953343
0.986352
1.19572
0.936059
1.07538
0.894409
1.0886
1.06827
0.959733
0.917833
1.07919
1.06274
0.93617
1.06917
0.990822
0.965109
1.13988
0.984559
1.04946
0.924258
1.15149
1.06506
1.02078
1.06345
1.13504
1.01429
0.916445
0.973352
0.970649
0.953994
1.07219
0.925973
0.991539
1.0129
0.856418
0.854944
0.988504
0.946322
1.01539
1.01276
1.03539
0.915557
0.970506
0.889427
0.808589
1.21668
0.867807
0.912154
1.03877
0.797873
1.00984
0.994738
0.9751
0.926312
0.982944
0.993351
1.25819
1.06808
0.942764
1.01614
1.04711
1.01294
1.15191
1.11664
0.963475
1.30447
1.11248
1.11268
0.992721
1.06052
1.12046
0.989673
1.18478
1.11474
1.0994
1.1636
1.05284
0.924923
0.995848
1.18787
1.02017
0.837249
1.00437
1.00453
1.07687
1.03907
0.936356
0.995165
1.05407
1.01393
1.16394
0.952255
1.14215
0.97651
1.26575
0.658241
0.988913
0.986665
1.0261
1.02926
0.918633
0.936144
1.16289
0.975329
1.04686
0.917206
0.78659
0.880192
1.02895
1.03264
1.14866
1.03102
0.84987
0.877728
1.04791
0.724899
0.892604
1.05252
0.843778
0.959357
1.03564
1.07825
1.06335
1.05744
1.09717
1.03216
1.00033
1.07976
0.824894
1.03118
1.00984
1.00308
1.12664
0.895882
0.869021
1.02294
1.04772
0.990075
0.903863
0.922342
0.958554
0.933134
0.996049
0.972593
0.771132
1.03286
0.972356
0.890626
0.906497
1.19246
1.1442
0.986141
0.973641
1.08128
0.903168
0.940665
1.0475
0.966806
1.03713
1.10987
1.13643
0.921539
0.976809
0.812916
1.05888
0.89275
1.09696
1.07835
0.85558
0.961032
0.925374
0.979509
1.03071
1.10701
1.2175
0.939534
1.04045
1.02316
1.02469
0.988312
0.968606
1.19377
0.858639
1.03302
0.911449
1.18723
1.07462
1.03856
1.07316
0.908277
0.908914
0.946657
0.961038
1.04463
1.02459
0.989982
1.05616
1.05229
0.964827
0.917977
1.15339
0.859585
1.03991
1.04989
1.09487
0.973913
0.870369
0.994765
0.963771
0.954328
0.962814
0.927503
1.04286
1.10302
0.835848
0.981434
0.966742
1.1115
0.973281
0.989437
1.20404
1.12848
1.10639
0.992525
1.11015
1.18175
1.1181
1.04391
1.09952
1.02282
0.996479
0.855371
1.13497
0.964517
1.0862
0.915195
1.07375
1.09993
1.05753
1.11697
1.03226
0.962753
1.09299
0.889917
1.08749
1.0878
1.05615
1.0066
0.99685
0.90824
1.04545
1.01848
1.06906
1.04537
0.801101
1.00579
1.08433
0.863855
0.954848
0.968551
1.00885
1.14499
0.991756
0.870981
0.98391
1.04742
1.00821
1.00252
0.983552
0.845966
1.20896
1.05858
1.09322
0.952768
0.860066
0.92192
1.04148
1.00079
0.910474
1.02474
0.787869
0.985979
0.964553
1.18098
0.891401
1.00587
0.904714
0.803786
1.04159
0.859011
1.03262
1.03876
0.953634
0.999961
0.996626
0.98637
0.93519
1.03909
0.82792
0.918582
1.05429
0.988951
0.871295
0.964935
0.921005
1.16829
1.02538
1.05098
1.0862
0.935364
0.894649
0.941231
1.06424
1.07854
0.976589
0.83479
1.07252
1.10077
1.08449
0.992
0.958277
0.686963
0.998792
1.0197
1.02953
0.846468
1.0638
0.974668
0.960576
0.981189
0.866819
0.913532
1.005
1.07436
0.948659
1.17591
1.03128
1.06852
1.05019
0.984745
0.699874
1.08739
1.14544
1.00086
0.921649
1.0179
1.11765
0.954151
0.935044
1.0888
1.23163
1.04566
0.83492
0.907454
0.984328
1.08619
0.971455
0.754711
0.97164
1.10295
0.857281
1.03048
0.975617
0.959669
0.867887
0.868489
0.98026
1.01964
0.915576
1.17374
0.981758
0.899988
0.828867
1.13684
0.876477
1.0385
1.04182
0.793346
1.11312
1.01232
1.10656
0.98321
1.00528
1.1742
0.915326
1.0042
1.00814
1.01504
1.12965
0.879742
1.15977
1.00856
0.967273
0.824888
0.927491
0.907373
1.02685
1.226
0.892735
1.14273
1.11111
1.044
0.822562
0.796069
0.819883
0.84775
1.01276
1.10819
0.985231
0.971742
0.986024
1.09462
0.871154
1.20463
0.949802
0.944881
0.814249
1.04534
0.825916
0.934571
0.752789
0.959173
1.14321
1.09572
0.951813
1.02101
0.931414
0.916866
1.11138
1.09168
1.11461
1.15477
0.947087
1.00575
1.01462
1.02331
0.962813
0.930674
1.07939
1.06776
1.07547
1.02224
0.997466
1.14807
0.920683
1.04984
0.925999
0.994877
0.995087
1.0707
1.04572
0.949095
0.872655
1.09854
1.11973
1.1173
1.00562
1.06604
0.881717
0.903171
1.05091
1.08891
1.05723
1.15253
1.12339
0.952069
0.882163
0.962096
0.974333
1.02619
0.895049
1.07477
1.12628
0.904267
0.99052
0.904221
0.958096
0.96913
1.02971
0.898532
1.11326
0.932814
1.04105
1.04594
1.06564
0.909832
1.2015
1.04076
0.776184
0.864337
0.951297
0.926417
1.02683
1.03986
0.892628
1.18712
1.14649
1.04707
0.857602
1.1157
0.972882
1.04957
0.947948
0.887578
0.939175
0.88406
1.08097
0.993427
1.06329
0.81183
1.01917
0.99125
1.00683
1.06733
1.01604
0.935037
0.942168
1.16163
1.02714
0.901236
1.00545
1.01365
1.01349
1.04107
1.08448
0.898986
1.00067
0.95069
0.933815
1.07608
0.963133
1.09307
0.926203
0.953992
1.11195
1.05688
0.997474
1.1006
0.893721
0.987981
1.00271
0.860545
0.998271
1.03708
1.03489
1.04407
1.07927
0.957406
0.934448
1.06519
0.840088
0.942032
1.23912
1.02089
0.973801
1.05898
0.953806
1.09889
1.15403
0.98177
1.03161
0.995845
0.909866
1.02487
1.23828
1.01606
0.983059
0.947723
0.996539
0.927335
1.05248
1.00968
0.958929
1.20093
1.0019
1.13173
0.99508
1.14677
0.87579
1.17444
0.893654
1.11864
0.991952
1.12258
1.01999
1.08186
0.87443
1.07302
1.0278
0.958924
1.04174
1.15709
0.915088
1.09542
0.887015
1.18311
1.05455
0.932655
0.926282
1.10257
0.943611
1.09451
1.02697
1.08281
0.790818
0.798941
1.15558
0.983647
0.901424
0.943491
0.987011
1.08795
1.01327
0.795292
0.750283
1.03785
0.951303
0.83017
1.03847
1.00277
0.900691
0.958294
1.04758
0.900958
0.781282
0.997111
1.00008
1.1104
1.06713
1.00019
1.05602
0.905017
1.01549
1.09471
1.20482
1.09222
0.974707
0.933756
0.985431
0.95125
1.0948
0.898982
0.951425
1.00948
0.895544
1.11739
1.01015
0.99109
1.21178
1.08721
1.18251
1.04403
1.05552
0.933564
0.998732
0.921646
0.912425
1.08114
1.06039
1.10528
1.08868
1.05595
0.940046
0.989898
0.989781
1.06015
0.93938
0.772844
0.860538
0.964417
1.04382
1.06972
1.00626
1.01828
0.998478
0.905145
0.969096
0.93001
0.974667
0.856614
0.914893
0.979794
0.939103
1.03771
1.09309
1.04136
1.07098
0.953376
0.910063
1.05808
0.946025
1.09491
1.09245
0.987358
0.669276
1.06128
0.984717
1.11665
0.967375
0.828599
1.00229
1.00477
1.00727
0.977735
0.915346
0.969598
0.926238
1.02906
1.16371
1.03046
0.896614
1.00966
1.04335
0.92545
0.92422
1.04397
0.957133
1.01886
1.02807
0.977038
0.915977
1.12441
0.865754
0.919449
1.07217
0.978883
1.23506
1.14203
0.972718
1.04789
1.02296
1.28012
0.89198
0.891225
1.00179
0.94601
1.01507
1.04203
1.00993
1.05874
0.956133
1.08488
1.12649
1.00577
1.00315
0.979189
1.05891
0.933453
1.13048
1.11169
1.12824
1.0098
1.10221
1.0496
0.934912
1.12016
0.839279
1.07023
1.11108
0.876412
0.825223
1.18208
1.03585
0.961836
1.16189
0.974358
0.985308
0.819636
1.06687
1.23961
1.0561
1.08311
0.970899
0.758152
0.840614
1.03917
0.931466
0.940467
1.0636
1.19993
1.17922
1.12516
1.01212
0.95665
0.831041
1.04271
0.976187
1.01857
0.913382
1.02976
0.975236
0.889222
0.985202
0.970736
0.941715
1.00869
1.01177
1.01575
0.998622
1.16694
1.07632
1.13329
1.09588
0.87073
0.998983
0.988757
1.12344
0.799586
0.842625
0.90507
0.852972
0.996416
1.17266
0.958454
0.905825
0.969199
1.03068
1.06135
1.09275
0.801674
1.12507
1.21357
0.861808
0.990271
1.00854
1.04495
1.07724
1.07914
1.00902
1.06155
0.955925
1.07644
1.04386
0.952197
0.858691
0.908831
0.924885
0.988177
0.893531
0.902011
0.81006
0.961037
0.991216
1.14274
1.06358
0.925205
0.96399
1.14809
0.990259
1.08657
0.999487
0.900445
0.883587
1.12684
0.95768
0.979002
1.167
0.923643
0.981204
1.11364
0.917013
0.974819
0.998951
0.851739
1.05439
1.05413
1.02968
0.999118
1.09398
0.758699
0.987676
0.873214
1.22819
1.17885
0.899498
0.829914
0.995652
0.971922
1.06871
0.998992
0.971741
1.08564
0.94012
1.0409
1.02617
1.10637
0.972894
1.04077
1.08483
1.00547
0.911524
0.909688
1.00328
1.06918
0.998442
0.796164
0.96745
0.909102
0.933712
1.10629
1.19051
1.00423
1.02697
0.997502
0.973591
0.972862
1.06723
1.00396
1.11595
0.994852
1.0086
1.10221
1.17435
1.01256
0.962275
1.01267
0.966202
1.08532
0.92759
1.06408
0.806072
0.939919
1.01789
0.809724
1.10704
1.06571
0.879772
1.09803
0.933818
1.00292
1.20519
0.989433
0.881913
1.03288
1.21116
1.0027
0.919266
0.904621
1.02778
0.908452
1.08934
0.957936
0.803748
0.999452
1.00903
1.1719
0.915274
1.02798
1.01084
1.06525
1.00387
0.890438
1.11755
1.02028
1.15013
0.999352
0.876011
0.916085
0.923932
1.08071
0.953201
1.01411
0.917272
0.89604
0.870449
1.0819
0.853755
0.996688
1.01981
1.18925
1.04782
1.03147
1.04659
0.886712
1.02286
1.27454
1.03338
0.980078
0.99857
0.728467
1.02557
1.02762
1.03186
1.01165
1.14503
0.983613
1.06852
1.06647
0.970122
0.905747
1.12261
0.991478
1.09594
0.908776
1.23637
1.06
0.961884
1.20194
1.01916
1.1161
0.820571
1.05967
1.12944
0.971987
1.13023
1.00892
1.04001
1.0397
1.02417
1.0538
1.06876
0.988236
1.03712
1.16892
0.997096
0.973121
1.10694
0.991792
1.21292
0.981392
1.07748
1.07178
1.03672
1.04109
1.09262
1.09031
1.11224
1.07072
1.07226
0.985881
1.1278
1.11961
0.961295
1.06417
1.07277
0.9008
1.08425
0.895703
0.854403
1.02025
1.03144
0.957517
1.01414
1.16487
1.09532
0.941668
1.01459
0.992691
1.06715
0.938954
1.04137
1.09909
0.866889
1.0582
0.740187
0.981136
1.23576
1.16355
0.813817
1.00531
0.957966
1.0484
1.09313
0.981644
1.02416
0.935957
1.0428
1.12536
1.01416
0.942587
0.94519
0.923969
1.06241
1.0258
1.18327
1.17198
0.956693
0.98581
0.95584
0.970134
1.05831
1.0147
0.952006
1.08811
0.836117
0.872273
0.843495
0.990915
0.917832
1.05723
0.993079
1.12796
0.880127
1.03216
1.0231
1.06262
1.0948
0.922692
0.807903
1.0088
1.19158
0.949577
0.955742
0.987546
0.960009
1.14225
1.13467
0.977414
1.01178
0.93858
1.06768
0.885282
0.879636
1.09314
0.995988
0.958735
0.918483
1.04636
0.956138
1.00525
1.14869
1.00448
0.939442
0.934246
0.967609
0.834029
0.922665
1.05793
1.03306
1.20549
1.10639
1.04982
1.09233
1.06671
0.902223
0.911605
1.08048
1.08548
1.04355
0.979016
0.827372
0.927574
1.07113
1.14193
1.00872
0.943139
1.10265
0.887248
0.91333
0.959178
0.825426
0.900165
0.811303
0.966145
1.09295
0.937364
0.947028
1.03351
0.870456
1.10282
1.10236
1.01305
0.977557
0.998218
1.04491
0.924481
1.07317
0.887628
0.92055
1.01419
0.890507
0.986105
0.854466
1.02667
0.990808
1.03905
0.919014
1.02976
0.979728
0.864984
0.893502
1.09581
0.803829
0.963168
0.780869
0.901988
0.882803
1.09734
1.10629
1.04431
1.06199
1.12718
0.997764
0.961481
0.918841
1.02539
0.883383
1.06575
0.943388
0.990966
0.902749
0.834692
1.01213
1.12422
1.10929
0.832161
1.20376
0.940021
1.1535
1.07845
0.932734
0.967998
1.05205
1.05799
0.898069
1.0274
1.06265
0.950113
0.867307
1.05795
1.05698
0.852468
0.959702
0.859907
1.0518
0.957343
0.979351
1.04089
1.08204
1.18906
1.04275
0.658801
1.09938
1.11158
0.87984
0.972512
0.971327
1.00561
0.870888
1.03799
0.965296
0.864125
0.942388
1.18568
1.11819
0.912955
0.972016
1.10868
1.09124
0.968144
0.889631
1.04861
0.961107
1.04984
0.973195
1.07491
0.881523
1.0297
0.978096
1.033
1.07335
0.905022
0.975038
1.08137
0.917169
0.939216
0.919395
1.01719
1.08556
1.03868
1.01624
0.75106
1.09961
0.920365
0.991986
1.01115
1.04736
1.03978
1.00677
1.11566
0.862697
1.04613
1.08343
1.15347
1.00122
0.946064
1.05908
1.01606
0.75782
1.1968
1.13019
1
1.09331
1.08758
0.899875
0.956105
0.845273
0.964463
0.725069
0.776103
1.02482
0.888467
1.09444
0.823491
0.962099
0.855377
1.03166
0.859825
1.05892
1.00518
1.22832
1.02056
1.04297
1.02417
1.12707
0.950835
0.898008
0.95809
1.08267
1.043
1.01144
0.775389
1.04125
0.987486
1.08098
0.980842
1.17498
0.801723
0.783783
0.777263
1.01612
0.752211
0.989803
0.896904
1.05121
0.920249
0.955007
1.21088
1.19989
0.8956
0.886681
1.04734
1.05498
1.03042
0.907041
0.826998
1.00182
1.15638
0.923884
1.01483
1.04186
1.06558
1.1916
0.931697
0.913438
1.04314
1.10735
0.990368
1.07009
0.941888
1.04579
0.834013
1.09245
0.904883
0.845047
0.906777
1.03716
0.960105
0.956553
0.642532
0.983735
1.14603
1.09783
0.906305
1.06531
0.86071
0.852006
0.895461
1.14594
0.917961
0.885765
0.933391
0.881469
0.953858
0.925164
0.929619
1.04406
0.925418
0.96849
1.03027
1.11092
1.06647
1.04367
1.11302
0.935829
0.948136
0.957501
0.980546
1.0947
0.894074
0.933539
0.964986
0.980344
0.988209
1.03032
0.954638
0.839074
1.02543
0.962507
0.999397
1.02151
0.894535
1.04193
0.939622
1.05581
1.036
0.934454
1.04988
0.982462
0.943426
1.02037
0.974836
1.08421
1.05796
0.950404
0.894483
0.989757
1.09381
0.874992
1.04761
0.947252
1.07625
1.11991
1.05876
1.06348
0.982921
1.04493
1.06394
1.15535
0.981708
0.937091
1.11728
1.08286
1.03589
1.03943
1.11182
0.942286
1.06964
0.862502
0.996369
1.0629
1.03777
1.08764
1.09996
0.969368
0.987402
0.910538
1.02663
1.00594
0.963649
0.85334
1.18688
0.885328
1.24533
0.897101
1.0088
0.828059
1.14903
1.17738
0.886428
0.923669
1.08885
0.894431
1.10343
1.20196
1.04514
0.92423
0.926451
0.944805
1.06063
0.830605
0.949721
0.980869
1.14826
1.07021
1.12183
0.92018
0.980797
1.05305
0.97555
1.00697
0.903244
0.935783
0.988114
0.852012
1.04717
0.936047
1.01151
1.05351
0.920773
0.989004
0.942114
0.789448
0.985719
0.871772
0.937295
0.978311
1.02117
1.04235
1.13017
0.973034
0.831089
1.00155
0.976564
1.11772
0.908364
0.994047
0.909481
1.07624
0.905941
1.21936
1.14522
0.831795
1.16884
1.09339
0.947767
1.08014
0.912712
0.927604
0.994704
0.970494
1.10034
0.933447
0.965268
0.933845
0.850165
1.26462
1.1409
0.921821
1.06309
1.11177
0.952033
1.03094
0.93106
0.802399
1.16451
1.08559
0.842708
0.904132
1.03678
1.01569
0.901558
0.922881
1.18881
0.948541
1.05295
1.01748
1.32954
0.979946
0.982306
1.06715
1.17056
0.971838
1.02079
1.00774
1.00632
1.05148
0.96453
1.02486
1.02176
0.962344
1.0191
0.934822
0.916635
0.817903
1.0818
1.20087
1.00828
0.81581
0.997609
0.917856
0.993701
1.09775
1.03148
1.06412
0.816393
1.00521
0.971985
1.00965
1.11201
0.999316
0.88598
1.08774
1.16718
0.962113
1.12147
1.0512
0.859579
0.795845
1.06258
0.802679
1.0338
0.993763
1.0196
0.924856
1.07417
0.982592
1.14631
0.784281
0.938403
0.837169
0.987686
1.19309
0.882103
0.942882
1.19231
0.863682
0.804242
1.1111
1.0494
0.997272
1.19275
0.947174
1.01812
0.968301
0.90757
0.868899
1.16744
0.930246
1.06416
0.791547
0.914658
0.952148
0.894989
1.04179
1.04063
1.10977
1.06076
1.05428
1.04141
0.992282
0.873798
0.94584
0.842968
0.872534
0.935628
0.982401
0.960267
0.949362
0.979197
1.25508
1.0133
1.14707
0.901096
1.06739
1.01547
1.03073
1.1126
0.856045
1.05228
0.869334
1.23749
1.00048
1.05003
0.827752
0.983238
0.992508
0.96889
1.08303
1.15031
1.05892
0.858653
0.94134
0.911244
0.929316
1.08114
1.12004
0.954303
1.0855
0.988777
1.12681
0.929219
0.922779
1.03093
0.948237
0.831568
1.02002
0.857318
1.0354
1.11514
1.0435
0.95195
0.928648
0.952171
0.957937
1.00035
1.06689
1.04556
1.1049
0.958592
0.791705
0.952471
1.13739
0.9347
1.0797
1.00045
1.02211
0.903896
1.0278
0.775349
0.953399
1.00485
0.968216
0.911863
0.960449
1.05606
1.05978
1.06666
0.792247
1.01904
0.966467
0.867318
0.933476
1.03626
0.903802
0.832777
0.86769
0.971302
1.18525
0.989753
1.01633
0.960596
1.06181
0.876896
1.14924
1.195
1.02329
1.03733
0.900959
0.999199
0.914929
1.07973
0.983704
0.855152
1.03963
0.838165
1.09242
1.07468
0.934214
1.15893
1.05977
1.00987
1.04884
1.03113
0.992032
1.24088
0.996674
1.0808
0.916975
0.820179
0.949817
0.949273
1.02609
0.936464
0.919106
0.864178
0.774956
0.992975
1.02821
0.833102
0.968476
1.06408
0.884928
1.08237
0.999957
0.833759
0.861896
1.24968
1.13835
1.12563
1.08908
0.843829
1.06972
1.02848
0.845775
1.10423
0.992639
0.922965
0.848805
1.04626
1.01008
0.901333
0.776027
0.993775
0.893983
1.05759
1.11094
1.03418
0.877307
1.11219
1.055
1.16758
1.18308
1.16226
0.833554
1.0726
1.03468
1.16345
1.03222
0.980885
0.869487
0.981878
1.04511
0.784255
1.01403
0.929861
0.935523
0.977649
0.781129
1.05615
1.14688
0.963166
0.924625
1.21925
0.940054
0.96105
0.875165
1.0641
0.928395
0.975896
1.08422
0.971432
0.987305
1.10533
1.08978
1.02855
0.954528
0.961162
0.826987
0.992999
1.01772
0.93676
0.949535
1.1685
1.21582
0.979986
0.834288
1.1178
0.983407
1.03938
0.991397
0.898277
1.0734
0.941109
0.982189
1.09055
1.00563
1.23042
1.04808
0.877316
1.12999
0.948459
1.00475
0.988376
0.908477
0.945166
1.02699
1.00205
0.97418
0.994219
1.15019
1.1684
1.02673
1.0254
1.03986
0.762739
1.06383
0.926833
1.14298
0.972947
1.04839
1.08934
0.989553
1.09353
1.1139
1.09549
1.26001
1.05338
0.997166
1.01783
0.933417
0.903073
1.10529
1.03369
1.01835
1.11357
1.00959
1.00183
1.03773
0.964642
1.01162
0.919472
1.08
1.04437
0.966949
1.05077
1.02915
0.941258
0.794245
1.00841
1.15716
0.953621
1.00777
0.948033
1.10267
1.11463
0.953486
0.764008
0.856533
1.08003
0.92504
1.07201
0.874258
0.897223
0.904949
1.22932
1.04293
0.911197
1.14271
1.17357
1.06924
0.947494
0.936852
0.764674
0.985216
1.05935
1.22527
0.841895
1.10142
1.02892
0.999791
1.26621
0.97402
1.1546
0.939486
0.951603
0.957012
0.906094
1.00128
1.18137
0.957313
1.08873
0.955281
0.962636
0.974338
1.0667
1.04938
0.984731
0.801118
0.932713
0.966878
0.938871
0.990863
1.1776
0.982754
0.869637
1.10862
1.14072
0.852715
0.957909
1.02996
1.01257
1.09711
0.998041
0.96844
0.980035
1.02899
1.09767
0.931711
1.0467
1.05871
0.944093
0.988155
1.10684
1.03897
1.06874
0.824873
1.08118
0.900018
1.0607
1.1044
0.878692
0.925921
1.07722
0.989626
0.960981
1.08462
1.0257
1.04647
0.808145
1.21673
0.953317
0.981335
1.01633
0.975298
1.0636
1.07066
1.0123
1.04594
0.964937
1.03167
0.989008
0.842212
1.07832
1.03914
1.09913
0.990405
1.00207
0.86602
0.939718
0.945516
1.00887
0.926441
1.13844
0.970545
1.05378
1.05364
0.984037
0.933082
0.968677
1.00121
0.925649
0.9868
0.979018
1.01748
1.05199
1.21178
0.956245
1.13619
0.919063
0.812197
1.07574
0.879053
1.20041
1.04525
0.902276
1.02062
1.06206
1.07515
0.972543
1.06049
1.03346
0.84399
0.989621
0.91384
0.876753
1.05001
0.985659
0.985872
1.12328
1.0437
0.982661
0.931679
1.06008
0.895362
0.997782
0.920297
1.23522
1.12255
0.942006
1.06116
1.00954
1.0597
1.00655
0.972892
0.838817
1.03204
1.00699
1.0168
0.98014
1.00265
0.961408
0.9446
1.12229
1.05084
0.987211
1.11624
1.047
0.990743
0.771722
1.02457
0.977897
0.744503
0.908756
0.80472
1.13953
0.998296
0.890994
0.87853
1.01086
1.07398
0.979518
0.930943
0.84571
0.740006
1.08701
0.820403
1.24883
0.866592
0.99977
0.858818
0.988787
1.04368
1.12664
1.00989
1.0829
1.13821
0.932636
0.798221
1.00499
1.04778
1.13389
0.884466
0.785323
1.04715
0.899516
0.981538
0.994832
1.02881
0.811968
1.08646
1.01209
0.974166
1.03817
0.941902
1.0818
0.997356
0.971644
0.969781
0.936141
0.793042
1.06636
1.11141
0.961792
1.0257
0.890459
1.02025
1.08316
1.03383
0.992712
0.998348
1.11435
0.954975
0.882019
0.739636
1.17483
0.938951
1.08269
1.19997
1.11841
0.960852
1.21399
0.961647
1.03649
0.894024
0.808107
0.801699
1.13604
0.997357
1.03177
0.945154
0.934718
1.02898
0.786853
0.924682
0.907635
0.949553
0.951785
0.973623
0.931497
0.98715
0.961292
0.944113
0.984005
1.0089
1.04892
1.09711
1.13159
0.983945
0.875552
1.1571
1.00132
1.00748
1.10149
1.06843
1.06433
1.04547
0.891155
0.946817
1.07395
1.16315
0.79278
0.92241
0.993689
0.747176
0.935969
0.946374
0.927877
1.00164
0.887286
0.967157
0.854681
1.00584
1.05147
0.962739
1.04096
1.0045
1.00831
1.02585
1.07268
1.1455
0.957873
0.847563
0.886708
1.11725
1.03462
1.01708
0.986995
0.966742
1.01261
0.950843
0.968113
1.10559
1.1387
0.872045
0.968516
1.14809
0.888086
1.01162
1.28792
1.12286
0.705249
0.88244
1.04522
0.950075
1.13997
0.974944
1.19989
1.05723
0.894132
1.00039
0.985536
0.951387
0.759647
1.06901
1.06101
1.03117
1.07245
0.717102
0.903431
1.03087
0.909318
1.03872
0.999239
1.09058
0.928546
0.911371
0.991208
1.01574
1.05349
1.00854
1.18655
1.19671
1.19035
1.01105
0.948868
1.01065
0.814544
0.98552
1.02538
1.04377
1.03524
0.976078
1.06335
1.04927
0.974413
1.06242
1.06608
1.0294
1.03346
1.00707
0.99587
1.0198
0.981423
0.975785
1.15066
0.870855
0.966698
0.895805
1.07557
1.08052
0.960478
1.05305
0.946347
0.989705
1.03794
1.18085
1.07333
0.932471
0.943454
1.05316
0.968714
1.12584
0.849826
1.08279
1.07909
1.00873
0.982764
1.164
1.02684
0.952651
0.979621
0.926333
0.952474
1.1017
1.1128
0.909565
1.0695
1.1016
0.919227
0.997982
0.893594
0.889739
0.782618
0.931186
0.847467
0.897945
0.859805
1.00874
0.95071
0.987063
0.993702
1.20014
1.1405
1.06373
1.14468
0.965608
1.08873
0.905135
0.962184
1.01351
0.904999
1.05609
0.91478
1.11856
1.00051
1.08366
0.962199
0.904207
1.06234
1.05503
0.883875
0.893332
0.919685
0.873948
0.986063
1.05241
0.912266
1.07792
1.00077
1.15007
1.06434
1.07139
1.01279
1.14518
1.0689
1.07613
0.913524
0.967937
1.16052
0.935158
1.07115
0.890914
1.0782
0.967625
0.846358
1.1288
0.944887
1.05345
0.899283
0.961044
0.89208
0.954315
0.994845
0.951862
1.0981
0.946943
1.08494
0.949749
1.03344
0.936926
1.12013
0.947398
0.90066
1.11833
1.26707
1.0363
0.973186
0.819069
0.893242
0.879323
0.932804
0.933952
1.05679
0.966265
1.10806
1.0952
0.974609
1.04382
1.03432
1.10821
0.928655
1.06841
1.11306
0.834369
0.984231
1.01913
1.06563
1.19826
0.996571
1.12413
1.18091
0.901061
0.863066
0.793923
1.09989
0.995572
1.08078
0.781897
0.913342
0.776701
1.18623
1.06069
1.12517
1.04536
1.0204
0.927744
1.04809
0.933918
1.0474
1.10767
0.945318
0.980642
0.901911
0.864005
1.07022
1.08936
1.01928
0.908982
1.11991
0.867885
0.995587
0.765937
1.08383
1.00116
1.1656
1.23332
1.09069
1.23602
1.11462
1.14561
1.01624
0.903335
1.07442
0.98002
1.06773
0.999914
1.04811
0.900291
0.918381
0.964495
1.09219
1.02914
1.13417
0.879198
1.17835
0.984002
0.931115
0.876016
1.01698
0.968685
0.911292
0.969681
0.980239
1.07006
0.997822
0.953878
1.00049
0.904985
0.83403
1.18303
0.982302
1.00043
1.06605
1.05909
0.951283
0.910987
1.07943
1.11542
1.00401
0.984984
0.895066
0.973687
1.08434
1.02247
1.01417
0.897047
0.928524
0.961631
0.908152
0.961804
0.893134
0.898899
0.913176
0.965611
1.07036
1.05756
1.18529
1.13119
1.05783
0.987988
1.03586
0.975794
1.06894
0.99125
0.985723
0.970493
0.941541
0.922555
0.966784
1.06465
0.916813
1.06711
1.04419
0.884667
1.09099
0.889557
0.835767
0.907019
1.0574
0.875972
0.98792
0.967545
0.969697
0.969095
0.973873
1.16478
1.00692
0.973084
0.99612
1.07802
1.0012
0.889651
1.14247
0.994089
1.07126
1.12008
0.988907
0.947186
1.05322
0.90337
0.851641
0.907624
0.955212
1.03905
1.12909
1.01128
1.05637
1.00862
1.04261
1.17237
1.09542
0.91084
0.982806
1.02257
0.979373
1.07222
0.99226
0.98789
0.864539
1.15857
0.952975
0.988727
0.985385
1.08446
1.16334
0.879798
0.90215
1.06638
0.980374
0.955946
0.962176
1.05298
0.921234
0.862077
0.882956
0.925393
1.07282
0.962116
1.24359
0.900044
1.05057
1.19567
1.13467
0.931401
1.01073
0.989542
0.775868
0.975574
0.973694
0.9232
1.01152
0.99294
1.11324
1.02978
0.909127
1.24784
1.11494
1.23399
0.983547
0.951164
1.16648
1.08357
1.01276
0.928097
1.02908
0.776081
1.12484
0.875912
0.99938
1.05751
1.00258
0.904099
1.05781
1.04949
1.0229
1.00872
1.00556
0.832669
0.979563
0.889613
1.01446
0.955758
1.14614
0.895034
0.898007
0.970214
0.877701
1.02199
0.942892
1.06035
0.784249
0.798015
1.09234
1.16919
0.913352
1.00332
0.909462
0.920261
0.968637
0.910959
1.10979
1.04616
1.10614
1.1652
0.899985
1.02372
0.995191
0.969423
0.849194
1.17374
0.945876
0.908721
0.880894
0.961436
1.05024
1.0868
0.949442
0.990341
1.02681
0.884327
0.928561
1.17839
1.04659
0.933917
0.878996
1.07119
0.9703
0.910276
0.908232
0.736831
0.95497
0.990959
0.99121
0.939281
1.09992
1.19526
1.14626
1.09772
1.01821
0.889953
0.746412
1.12134
1.07686
0.917978
1.00778
1.20936
0.925759
1.10038
1.03775
1.06224
1.08438
0.96771
0.888267
0.883898
1.07842
0.9017
0.894407
0.760864
0.922884
0.856843
1.01731
0.798611
1.08409
0.953747
0.965177
1.02191
0.885005
0.977665
1.09971
1.07657
1.16378
0.950236
1.1416
1.09384
1.19768
0.901169
0.967617
0.832141
0.970894
1.08626
1.10969
1.01716
1.13382
1.01558
0.910666
0.906797
1.019
0.905822
0.935643
1.09221
1.13445
0.978142
1.04322
0.914904
0.778556
0.911371
0.992616
0.831927
1.08232
1.03919
1.14483
1.0264
0.939701
1.10427
1.00798
0.924307
1.13621
1.00204
0.950603
0.917479
0.854668
1.16543
0.899329
0.93701
0.905915
1.07157
0.896444
0.950188
1.05584
0.985871
0.99937
1.1214
1.08743
1.00522
1.01696
1.08328
0.913508
1.09057
0.99726
0.958404
0.727407
0.955568
0.995529
0.805239
1.02507
1.02882
1.04645
1.26663
0.837423
0.915432
0.914811
1.0489
0.838742
0.784484
1.0358
0.868229
1.13247
0.936712
0.919316
0.958555
0.829314
0.969342
1.14855
1.07138
0.927435
0.998679
1.05976
0.951075
0.910288
1.04869
0.958332
0.967414
0.916785
1.06688
0.978069
1.05037
0.891216
1.0263
1.06956
1.11427
0.829163
1.09766
1.08406
1.05949
1.08813
1.14365
0.978576
1.03918
1.03788
0.871598
0.913761
1.29438
0.914437
0.917028
0.887543
0.975392
1.12001
0.775909
0.988717
1.02811
0.860846
0.967993
1.09945
1.2324
0.989874
1.17741
1.05619
1.1857
1.14946
1.00102
0.911535
1.07178
0.980546
0.926857
1.09874
0.953921
0.917105
0.872167
0.883206
0.993937
0.911295
0.903806
1.17546
1.12532
1.05494
1.03085
1.06869
1.2425
1.04664
0.929237
0.94322
1.10549
0.957857
0.84282
0.991261
0.962247
1.03104
1.06865
1.12703
0.963991
1.03696
0.932968
1.07813
1.03376
1.19195
0.841474
1.02177
0.946717
1.05192
1.0074
0.861995
0.957737
0.980328
0.953531
1.06241
1.18792
1.17935
0.949431
0.949584
1.05014
1.02258
0.976546
1.12938
0.91046
1.01635
1.07143
0.966701
0.975578
0.877247
1.06737
0.918535
1.00903
1.06396
0.952753
0.954246
0.998249
0.827493
1.05525
0.948018
1.2457
1.13424
0.956636
0.871317
0.731188
1.07683
1.19577
0.948449
0.864099
0.874352
0.89471
1.01391
1.05246
1.10455
1.15813
0.809325
1.01755
1.10844
0.871768
1.00699
1.07953
1.06871
0.922532
1.00395
1.15673
0.894601
1.11332
1.00383
0.753516
1.02854
1.04972
1.17326
0.918897
0.859116
0.957219
0.892871
1.01456
1.09112
1.07845
0.95392
0.972527
0.845031
1.02965
0.970861
0.981653
1.09255
1.11357
0.823566
0.720999
0.992904
1.01259
0.857297
1.04063
0.994553
1.0161
0.934119
0.874354
1.03766
1.0332
1.16784
1.00699
1.05352
0.908151
0.99907
1.19756
0.931842
1.32025
0.944632
1.04723
1.10282
0.959809
0.997793
0.996146
1.03585
0.888734
1.15243
0.990245
1.04941
1.07174
0.867057
1.01793
0.981451
1.02166
1.07039
1.08228
1.11328
1.02985
0.834209
0.982242
0.981316
0.698468
0.966806
1.14351
1.12956
0.85416
0.981034
0.84533
0.979397
0.952329
1.00183
1.10183
1.11227
1.15792
0.932175
0.976409
1.02356
1.13735
1.16359
0.98096
1.03023
0.947248
0.827726
0.947199
1.07849
1.06662
0.836304
1.00264
0.972712
0.761308
0.953413
1.02426
1.00397
1.0929
0.948429
1.08043
0.988539
0.99781
0.931246
1.06972
1.01261
1.10662
1.05084
1.07711
1.07373
0.857222
1.06546
1.0091
1.07494
1.00727
0.996409
1.00183
1.04813
0.890746
1.03591
0.897839
0.962222
1.00773
0.9193
0.844591
0.885311
1.11588
1.03829
0.955323
0.904452
1.00466
0.984383
0.906384
1.06248
0.981881
0.978804
0.845995
0.986321
0.91649
1.04011
1.11814
0.908329
0.928483
0.996495
1.05683
0.979938
1.05948
0.984518
0.909633
0.870913
1.12784
0.958849
0.880782
1.04137
0.917052
1.15984
1.02161
0.962637
0.809593
1.01255
0.961405
0.925812
0.890667
0.88706
0.918703
1.00092
0.93883
1.16239
1.07333
0.9734
0.9474
1.09848
0.987327
1.05468
0.961767
1.03063
0.969306
1.12225
1.04383
1.07869
0.936789
0.744604
1.10285
1.0469
0.990909
1.17682
0.890403
1.04063
0.966412
0.947794
0.806693
1.31536
1.00968
0.972231
0.828552
1.03951
0.817608
1.17868
0.884659
0.808535
1.0625
0.907421
0.778866
0.969944
1.0403
0.902392
0.852569
0.983408
1.06348
0.997583
0.966313
0.956174
0.825604
1.20556
1.0417
1.14185
0.974664
1.06483
1.01667
0.907234
1.02597
1.08836
0.959406
1.16021
0.940345
1.05114
1.19459
0.981374
1.14646
0.983117
0.86948
1.10974
0.995466
0.77812
0.998965
1.10637
0.892126
1.08916
1.05515
1.03693
0.999677
0.997454
0.815438
1.1473
1.03973
1.0195
1.02378
0.963567
0.902539
0.904299
0.941126
1.00686
1.21516
1.02372
0.883653
0.945857
1.15118
1.07685
0.96479
0.992405
1.06625
0.989306
1.03427
1.00486
1.07765
0.960942
0.997064
1.03531
0.899032
0.903489
1.10291
0.738518
0.901148
1.00748
1.1512
0.994216
1.03435
0.967784
0.977742
0.912801
1.02625
1.12607
0.975679
0.979234
1.04692
0.905954
1.05961
1.06601
0.969186
1.07198
1.13857
0.911521
0.979334
0.847028
1.11455
0.969669
1.04177
0.916976
0.906999
0.956187
1.01642
0.929688
1.19555
0.770895
0.900505
1.20769
0.999208
0.990676
1.06408
1.03778
1.11505
0.990422
0.947353
0.869548
1.07215
1.14384
0.994412
0.974628
0.896435
1.04317
1.00623
1.04646
1.13196
1.0525
1.03116
1.06982
1.15048
0.826679
0.974632
0.973164
1.0499
0.868544
0.959334
1.04757
1.01939
0.78872
1.16047
1.0377
0.912273
0.992457
0.868097
1.02148
1.02269
1.09866
0.935828
0.912371
0.886391
1.02161
0.904113
1.04578
0.895134
0.805944
0.930561
0.94649
1.08534
1.06114
0.896571
0.928795
1.11247
1.03675
0.941734
0.983195
0.978219
0.948518
0.982314
0.974747
0.950803
1.07776
0.724334
1.07883
0.878489
1.02123
1.16942
1.22896
0.90484
1.02712
1.12638
0.916864
0.919047
1.0407
1.26509
0.980578
1.04943
1.07039
1.0849
0.88743
0.963873
1.09061
1.0085
0.953738
0.946885
1.05439
1.08193
0.97963
0.965526
1.15292
1.00045
0.992272
0.947473
0.983619
1.04202
1.11507
1.12357
1.12877
1.16838
0.946876
1.09922
0.94793
0.856114
1.11771
1.04629
0.992571
1.02379
1.0218
0.909728
1.17173
1.03122
1.06875
1.14002
0.98785
0.863656
1.03048
0.870511
0.91862
1.00077
1.10429
1.04271
1.17521
0.922162
0.966801
0.928148
0.944583
1.15896
1.11032
1.12459
1.11568
0.968921
1.06105
0.993533
0.990062
0.968872
0.897261
1.00647
1.04109
1.05315
1.02288
0.998697
0.734588
1.02509
1.03807
0.910831
1.0664
0.815765
0.940774
0.90026
1.06564
1.02696
0.925685
1.01209
0.993358
1.12538
1.06124
0.934485
0.887009
1.07666
0.864981
0.999542
0.889679
0.979837
0.948206
0.990385
0.869632
1.03235
1.03205
1.06324
1.01786
1.09916
0.945797
0.839909
1.09372
0.953127
1.04489
0.979328
1.2357
0.864608
1.12902
1.13031
0.925396
1.00295
1.02236
1.00915
0.981476
0.873717
0.872317
1.02332
0.836902
0.999628
0.812024
0.892744
1.03423
0.927305
1.03947
1.01578
1.05757
0.965421
1.1179
1.03223
1.20357
0.930013
1.0327
0.943565
1.00751
1.14082
0.910109
1.02275
1.10609
0.943526
1.02228
0.960955
1.03839
0.98443
1.06328
0.995496
0.999692
1.04779
1.02247
1.15725
1.0894
0.897626
0.926372
1.00793
0.961377
0.906652
0.963087
1.23258
1.04708
1.03123
0.918456
1.11895
1.05945
1.05338
1.09274
0.922339
1.05975
0.984062
1.00049
1.18266
0.873154
1.00192
0.993877
0.999283
1.16789
1.03486
1.13482
1.10288
0.908951
1.23415
0.853783
0.893644
1.15507
0.995947
1.03946
1.17324
0.867131
1.10549
0.98361
0.933186
0.861252
1.04711
0.986851
1.05523
0.908547
0.783436
0.924697
1.09638
1.01264
1.02947
0.966143
0.991278
1.03355
1.15811
1.01516
0.988983
0.822381
1.10151
1.14127
1.03742
1.02209
0.953559
0.888617
0.979875
0.902528
1.06174
1.06265
0.888346
0.994426
1.03019
1.10617
0.90154
1.0532
0.800581
0.918601
1.11484
0.81649
0.998507
0.971285
1.06445
0.889793
1.02711
1.02742
1.00495
0.962536
0.952033
1.04488
0.877801
0.933036
1.03138
0.992316
0.79441
0.88367
1.03947
1.10672
1.02025
1.18772
0.849428
1.07085
0.986654
1.02831
0.921283
0.942784
0.850005
1.01435
1.03197
1.11152
0.975668
0.967123
1.15967
1.01805
0.880072
0.89311
0.961134
0.840241
0.877334
1.03538
0.993899
1.1734
0.906225
0.743169
1.0493
1.03185
1.03716
0.909415
0.998501
1.22004
1.14492
1.02642
1.00405
0.986644
1.06346
0.971861
1.17857
0.85546
1.07422
0.859911
1.08378
1.00197
0.814392
1.12184
0.910587
0.843581
0.982381
1.14493
0.939924
1.04976
0.911507
0.924037
1.09653
1.00994
1.05808
1.03142
1.0572
0.946168
1.13182
0.837941
0.998308
0.990124
0.971668
0.776838
0.94708
1.0821
0.916276
0.831664
1.00744
0.88015
0.887985
0.902898
1.05101
1.04451
0.960364
1.02371
0.873704
0.859425
0.862671
0.92568
1.02697
0.967733
1.11616
1.03947
1.20718
1.0518
1.03149
1.08451
0.930552
0.990299
0.840593
0.98581
1.00056
0.926831
1.08225
1.07111
0.842565
1.05588
0.914355
1.02786
1.30875
1.03894
0.829438
0.914476
1.1321
1.03864
0.825131
1.04455
0.968125
1.13251
1.0406
1.17004
0.883934
1.17179
1.21786
0.906513
0.898199
0.862579
0.970876
0.978856
1.12306
1.01721
1.14201
1.16109
0.955931
1.0124
1.19418
1.0887
0.980439
1.06334
0.993587
0.994893
0.887421
0.963092
0.841881
1.03845
1.10281
0.991334
1.06769
0.874838
0.963632
1.14921
1.06326
1.01719
1.13141
1.07229
0.753615
1.14531
0.919114
1.05808
0.939003
1.06235
1.02806
1.07395
0.910076
0.933017
0.929807
1.10671
0.86074
1.07365
0.995784
0.907905
0.998392
0.896424
1.30131
1.02737
1.08323
1.06237
0.859116
0.95892
0.978431
0.972852
1.04342
1.01687
0.823425
0.847995
1.03251
1.14459
1.01236
1.02392
1.01647
1.04843
0.89038
0.966692
0.977361
1.02704
1.04909
1.08328
1.0836
1.06695
1.11
1.02957
1.02438
1.0489
1.0981
1.11756
1.15426
1.13128
1.00439
0.948497
1.10235
1.03194
0.80279
0.980363
0.896001
0.907407
0.951696
0.887221
0.888126
1.08428
1.03265
1.02976
1.05156
0.924949
0.997878
1.1959
0.932779
0.894128
1.04628
1.054
1.02584
0.95165
0.906756
1.03009
0.957188
1.17265
0.778706
1.16728
1.03958
0.940621
0.961199
0.969229
0.937683
1.09888
1.0331
0.956992
1.00669
1.04537
0.981299
1.02656
0.907828
1.03888
0.94264
0.865985
1.05279
0.881749
1.18272
1.08264
1.16209
0.886724
1.05817
1.1762
1.04864
0.910437
0.93948
1.00173
0.832921
0.962312
0.920208
0.961962
1.29584
0.962855
1.08076
1.05613
0.773776
1.15353
1.18355
0.918733
0.988861
1.0723
1.21547
0.960767
0.892864
0.870572
1.09957
0.98799
0.886539
1.02163
0.983399
0.947487
0.896847
0.999183
0.960828
0.925226
0.984103
1.00197
0.866564
0.979543
1.15741
0.877596
0.931641
1.03066
0.854688
0.772654
1.17771
1.07444
1.11824
0.960084
0.756294
0.791269
0.973321
1.20203
0.946481
0.961489
1.13126
0.942396
0.975082
1.0422
0.965031
1.07593
0.97582
1.13783
0.931921
0.930472
0.94315
0.902715
1.01314
1.04026
1.04261
0.923865
1.07166
0.956439
0.928358
1.1316
0.949094
1.0747
0.992222
1.15235
1.04339
1.00302
0.983081
1.29221
1.10016
0.962149
0.974585
1.17037
0.998049
1.06025
1.07293
1.00399
1.15147
0.98867
0.956316
0.864197
1.10194
0.945129
0.898751
0.974538
1.10482
1.1064
1.04209
1.10492
1.17457
1.03025
0.811794
1.07086
0.969247
1.09353
0.894222
0.903386
1.20322
0.969996
1.0948
0.949762
0.930564
1.02824
0.976088
0.935372
1.08014
0.930111
0.992365
1.05841
0.99776
0.982896
1.06688
1.11998
0.927896
0.931983
1.17807
1.09005
0.866374
0.967055
1.08287
1.05648
0.814805
0.945514
1.03945
1.03351
1.07561
0.886231
1.12147
0.893879
1.23739
0.924869
0.914316
0.894616
1.15745
1.18718
1.0282
0.861635
1.05671
0.955493
1.12877
1.13375
0.912832
1.00287
1.0906
0.959739
1.08812
0.940878
1.28983
0.996218
0.963378
1.23431
0.811908
0.723282
1.07034
1.06536
0.86176
0.924928
1.07019
1.00617
1.03525
1.04757
0.968643
0.948816
0.999994
0.989526
0.993015
1.072
0.926883
1.03815
0.998118
1.16452
0.758078
0.934342
1.04471
1.03238
0.908765
1.04941
0.921853
0.951608
1.11267
1.03817
1.13056
0.902428
1.27788
0.959555
0.983216
1.04901
1.13224
0.861572
0.877038
0.943311
1.07348
1.04232
1.19842
0.836986
1.05474
1.0418
1.01481
0.983668
1.00373
1.16133
0.99946
0.873488
1.06731
1.0867
0.941697
0.865182
0.987515
1.19313
1.00337
0.886631
1.08999
0.947031
1.03721
1.16785
1.12539
1.0028
1.14113
1.0655
1.05198
1.02206
1.05583
0.869677
1.11015
0.995704
1.08687
0.994538
1.05549
0.879761
0.953425
0.886106
1.03946
0.998285
0.893399
0.884994
1.04104
1.04585
1.0274
0.965123
1.29567
1.00833
0.984204
0.870704
1.00612
0.824195
0.983677
1.03136
1.30035
1.10124
1.08977
1.06994
1.02749
1.07488
0.833396
1.12225
0.93194
0.993458
0.861747
1.22139
0.980922
0.990156
0.802322
1.07901
0.991422
0.866011
1.1133
0.963819
1.08625
1.17947
1.06508
1.01322
1.08457
1.13083
0.833004
1.04874
1.03617
1.05334
1.07717
0.994904
1.15827
1.26962
1.04482
0.903476
1.03783
0.985062
0.849361
0.903911
1.00034
1.07374
0.882096
0.993053
1.08852
1.00419
1.04382
0.818469
0.969004
1.00812
0.888645
0.815279
1.0867
0.964965
0.938442
0.840921
1.01073
0.953756
1.10778
0.958986
1.02876
1.0421
0.964588
1.00661
1.13053
0.900133
0.970128
1.01767
1.15615
1.20325
1.03473
0.892957
0.951918
1.03889
0.863115
0.993407
0.838166
0.952315
0.880042
0.954108
1.14954
1.01527
0.903345
1.12127
1.06643
1.13417
1.10407
0.98156
0.841736
1.01869
0.93128
1.07872
1.05961
0.931158
1.15385
0.88498
0.916505
1.08098
0.904939
0.930555
0.802109
0.855775
1.02006
1.04988
1.05267
0.919233
0.879645
0.971965
0.975666
1.02806
0.93511
1.16929
1.07433
1.05224
1.04797
0.963273
1.0114
1.04855
1.00833
0.959085
1.04005
1.06352
1.0927
1.07626
1.13175
1.05677
0.958236
0.885593
0.898274
1.07733
0.976492
1.05659
0.943013
1.09451
1.03476
1.00247
0.988469
1.01149
1.02729
1.11592
0.958994
0.975105
1.05521
0.945257
0.892824
1.08247
0.951027
0.699694
0.952603
1.05359
1.0661
0.85369
1.02303
1.14615
1.0807
0.893453
1.01076
1.29176
1.22447
1.10764
1.012
0.930188
1.02003
1.06554
0.986583
1.00268
1.153
0.933204
1.00058
0.914769
0.960919
1.21318
1.16356
0.971388
0.897032
0.974836
0.917554
0.948408
1.04149
0.992173
1.13724
0.962867
0.936599
1.01163
1.05191
1.08348
1.0648
0.962637
1.00026
0.903677
1.03272
0.961933
0.932829
0.924717
1.14985
1.0787
0.885768
0.959615
1.01308
0.855588
1.00656
1.03638
0.947328
0.906712
1.21228
1.00846
0.897103
1.06208
1.14283
1.07381
0.876471
0.890511
0.849571
1.03657
1.08227
1.0812
1.11264
1.06566
1.05626
1.1152
1.1026
0.970506
1.07054
1.2306
0.924419
0.984245
0.939361
0.991888
1.17936
1.03217
1.15854
1.1057
0.942493
0.78687
1.0536
1.14995
0.946929
0.937072
1.03843
1.04356
1.10806
1.01889
0.999993
1.24554
0.977898
1.00907
0.957105
1.22852
0.936222
1.04766
0.991629
1.05032
1.00667
0.897658
0.868073
1.10574
0.995935
1.13639
0.841336
